velocity model for Gansu SW refer to ZhouMindu 2012
 0 0 1 0 0   1 0 1 1 1   1 0 0 0 0   0 1 1 1 1   1
    3    0    0    1    1
0.0000    3.4351    180.0000    1.9833    90.0000    2.6500    0
3.2305    3.4351    180.0000    1.9833    90.0000    2.6500    1
3.2305    6.4420    200.0000    3.7194    100.0000    2.7500    0
18.7072    6.4420    200.0000    3.7194    100.0000    2.7500    1
18.7072    4.7831    210.0000    2.7616    105.0000    2.8000    0
31.7951    4.7831    210.0000    2.7616    105.0000    2.8000    10
31.7951    7.5461    260.0000    4.3569    130.0000    3.1000    0
49.0108    7.5461    260.0000    4.3569    130.0000    3.1000    1
49.0108    7.4437    350.0000    4.2978    175.0000    3.3700    0
 
    0.0000
    0.0000    0.0000   18.8000    0.0000    1.0000
    2.6704    0.6458    1.7977
    0.0000    0.0000    0.0000    0.0000        9
  146.8791  165.8086  215.1607  256.2203  275.3373  282.8396  359.3283  410.6326
  437.8507
  317.8994  343.6969  354.7531  338.9809  320.5721  355.3201  337.0134  320.5277
  342.3499
 9999.0000    0.0000
    1.0000    1.2000   50.0000  100.0000       600
    0.0010    0.0200    0.1000    0.2000
    0.1000      4096         0         1    2.4000  204.8000