Test for regional waveform synthetics on December 11, 2008 
 0 0 1 0 0   0 0 1 1 1   1 0 0 0 0   0 1 3 2 1   1
    3    0    0    1    1
    0.0       4.00    120.0       2.30     60.0       2.350          0
    1.5       4.00    120.0       2.30     60.0       2.350          1
    1.5       6.00    200.0       3.50    100.0       2.500          0
   11.5       6.00    200.0       3.50    100.0       2.500          1
   11.5       6.25    210.0       3.60    105.0       2.650          0
   31.5       6.25    210.0       3.60    105.0       2.650         10
   31.5       6.95    260.0       4.00    130.0       2.900          0
   49.5       6.95    260.0       4.00    130.0       2.900          1
   49.5       7.90    350.0       4.60    175.0       3.100          0
  100.0       8.00    400.0       4.65    200.0       3.200          1
  100.0       8.10    400.0       4.66    200.0       3.250          0

    0.0000
    0.0000    0.0000   21.0000    0.0000    1.0000
    2.710     0.436    -3.150    -1.760    -2.040    -1.030 
    0.1000 1000.1000  100.00
 9999.0000    0.0000
    2.0000    2.3000   50.00    100.00     1000
    0.0000    1.0000    9.00     10.00
    0.025       4096         0         1    3.400    61.4400
