velocity model for Gansu SW refer to ZhouMindu 2012
 0 0 1 0 0   1 0 1 1 1   1 0 0 0 0   0 1 1 1 1   1
    3    0    0    1    1
0.0000    4.3310    180.0000    2.5006    90.0000    2.6500    0
2.7867    4.3310    180.0000    2.5006    90.0000    2.6500    1
2.7867    6.0404    200.0000    3.4875    100.0000    2.7500    0
16.8004    6.0404    200.0000    3.4875    100.0000    2.7500    1
16.8004    6.1137    210.0000    3.5299    105.0000    2.8000    0
30.8175    6.1137    210.0000    3.5299    105.0000    2.8000    10
30.8175    6.7513    260.0000    3.8980    130.0000    3.1000    0
44.8303    6.7513    260.0000    3.8980    130.0000    3.1000    1
44.8303    8.0292    350.0000    4.6358    175.0000    3.3700    0
 
    0.0000
    0.0000    0.0000   18.8000    0.0000    1.0000
    2.6704    0.6458    1.7977
    0.0000    0.0000    0.0000    0.0000        32
  146.8791  165.8086  215.1607  256.2203  275.3373  282.8396  359.3283  410.6326
  437.8507  100.0000  120.0000  140.0000  160.0000  180.0000  200.0000  220.0000
  240.0000  260.0000  280.0000  300.0000  320.0000  340.0000  360.0000  380.0000
  400.0000  420.0000  440.0000  460.0000  480.0000  520.0000  540.0000  560.0000
  317.8994  343.6969  354.7531  338.9809  320.5721  355.3201  337.0134  320.5277
  342.3499  100.0000  110.0000  120.0000  130.0000  140.0000  150.0000  160.0000
  170.0000  180.0000  190.0000  200.0000  210.0000  220.0000  230.0000  240.0000
  250.0000  260.0000  270.0000  280.0000  290.0000  300.0000  310.0000  320.0000
 9999.0000    0.0000
    1.0000    1.2000   50.0000  100.0000       600
    0.0010    0.0200    0.1000    0.2000
    0.1000      4096         0         1    2.4000  204.8000