  1.73932079406E-07
  1.79226105956E-07
  1.84202662012E-07
  1.88830213688E-07
  1.93079216615E-07
  1.96922556484E-07
  2.00335804834E-07
  2.03297574330E-07
  2.05789660868E-07
  2.07797384633E-07
  2.09309618526E-07
  2.10319015537E-07
  2.10821966107E-07
  2.10818825508E-07
  2.10313700677E-07
  2.09314450217E-07
  2.07832584920E-07
  2.05883111448E-07
  2.03484248118E-07
  2.00657353844E-07
  1.97426487603E-07
  1.93818124217E-07
  1.89860898558E-07
  1.85585108170E-07
  1.81022514312E-07
  1.76205730895E-07
  1.71167997109E-07
  1.65942694252E-07
  1.60563004670E-07
  1.55061428586E-07
  1.49469499888E-07
  1.43817388221E-07
  1.38133671612E-07
  1.32444952783E-07
  1.26775603349E-07
  1.21147664345E-07
  1.15580490956E-07
  1.10090866201E-07
  1.04692695402E-07
  9.93971767116E-08
  9.42126945347E-08
  8.91449403184E-08
  8.41970120291E-08
  7.93695917878E-08
  7.46611448221E-08
  7.00681823673E-08
  6.55854961451E-08
  6.12064923189E-08
  5.69235112380E-08
  5.27281756035E-08
  4.86117563980E-08
  4.45655317094E-08
  4.05811348969E-08
  3.66509169680E-08
  3.27682876389E-08
  2.89280119858E-08
  2.51265213080E-08
  2.13621245138E-08
  1.76352479286E-08
  1.39485782924E-08
  1.03071808866E-08
  6.71855326928E-09
  3.19262416504E-09
 -2.58308374690E-10
 -3.61969831886E-09
 -6.87493439955E-09
 -1.00055812524E-08
 -1.29916832847E-08
 -1.58121107319E-08
 -1.84449842067E-08
 -2.08681001368E-08
 -2.30594459083E-08
 -2.49977087918E-08
 -2.66628390477E-08
 -2.80366077021E-08
 -2.91031749811E-08
 -2.98496622975E-08
 -3.02667331198E-08
 -3.03491098919E-08
 -3.00960856237E-08
 -2.95119662042E-08
 -2.86065233723E-08
 -2.73952931451E-08
 -2.58998795744E-08
 -2.41481412644E-08
 -2.21742784134E-08
 -2.00188576827E-08
 -1.77287553527E-08
 -1.53568553429E-08
 -1.29618902278E-08
 -1.06079154349E-08
 -8.36381808256E-09
 -6.30268681689E-09
 -4.50109105543E-09
 -3.03822056402E-09
 -1.99491023700E-09
 -1.45275724783E-09
 -1.49288359452E-09
 -2.19481544050E-09
 -3.63529628622E-09
 -5.88708859439E-09
 -9.01756358473E-09
 -1.30875124071E-08
 -1.81499011376E-08
 -2.42485747037E-08
 -3.14170769400E-08
 -3.96775128308E-08
 -4.90395564157E-08
 -5.94994240544E-08
 -7.10391319103E-08
 -8.36257356696E-08
 -9.72108580299E-08
 -1.11730308561E-07
 -1.27103845671E-07
 -1.43235283190E-07
 -1.60012604056E-07
 -1.77308422167E-07
 -1.94980657398E-07
 -2.12873274563E-07
 -2.30817448710E-07
 -2.48632915145E-07
 -2.66129291049E-07
 -2.83107851828E-07
 -2.99363449585E-07
 -3.14686616321E-07
 -3.28865638721E-07
 -3.41689116112E-07
 -3.52948177351E-07
 -3.62439436685E-07
 -3.69967239067E-07
 -3.75346616011E-07
 -3.78405786705E-07
 -3.78988971761E-07
 -3.76959008008E-07
 -3.72199565390E-07
 -3.64617989135E-07
 -3.54147118742E-07
 -3.40747590144E-07
 -3.24409541008E-07
 -3.05154088664E-07
 -2.83034779613E-07
 -2.58138385334E-07
 -2.30585527561E-07
 -2.00530990924E-07
 -1.68163523995E-07
 -1.33705370331E-07
 -9.74112239760E-08
 -5.95669575887E-08
 -2.04878336518E-08
  1.94836911049E-08
  5.99805574097E-08
  1.00614130361E-07
  1.40977562069E-07
  1.80649450954E-07
  2.19198042828E-07
  2.56185444414E-07
  2.91172341349E-07
  3.23722900930E-07
  3.53409518539E-07
  3.79818317242E-07
  4.02554178436E-07
  4.21245857751E-07
  4.35551555711E-07
  4.45163550467E-07
  4.49813654768E-07
  4.49277365533E-07
  4.43378809223E-07
  4.31994465089E-07
  4.15057144210E-07
  3.92559030615E-07
  3.64554438192E-07
  3.31161885470E-07
  2.92565886184E-07
  2.49017517717E-07
  2.00834776365E-07
  1.48402037325E-07
  9.21687473010E-08
  3.26474243195E-08
 -2.95891968705E-08
 -9.39116944210E-08
 -1.59638304353E-07
 -2.26040029361E-07
 -2.92346385322E-07
 -3.57751872571E-07
 -4.21423322905E-07
 -4.82507175548E-07
 -5.40138103133E-07
 -5.93447737174E-07
 -6.41573649318E-07
 -6.83668531565E-07
 -7.18910541764E-07
 -7.46512114347E-07
 -7.65730817420E-07
 -7.75878106651E-07
 -7.76329670771E-07
 -7.66534412833E-07
 -7.46022749354E-07
 -7.14416273695E-07
 -6.71434349897E-07
 -6.16901843387E-07
 -5.50755316908E-07
 -4.73047947480E-07
 -3.83954585459E-07
 -2.83774596710E-07
 -1.72934306875E-07
 -5.19877545457E-08
  7.83835218954E-08
  2.17372019051E-07
  3.64047281209E-07
  5.17360206231E-07
  6.76148374623E-07
  8.39143524445E-07
  1.00497948097E-06
  1.17220167795E-06
  1.33927824209E-06
  1.50461187332E-06
  1.66655240719E-06
  1.82341136679E-06
  1.97347662834E-06
  2.11502856473E-06
  2.24635505219E-06
  2.36576920543E-06
  2.47162688538E-06
  2.56234238805E-06
  2.63640731646E-06
  2.69240695161E-06
  2.72903639598E-06
  2.74511739917E-06
  2.73961495623E-06
  2.71164958576E-06
  2.66051392828E-06
  2.58568206846E-06
  2.48682272286E-06
  2.36380856222E-06
  2.21672348744E-06
  2.04586990549E-06
  1.85177123058E-06
  1.63517574947E-06
  1.39705696256E-06
  1.13861085538E-06
  8.61252658524E-07
  5.66609912767E-07
  2.56515420460E-07
 -6.70042084039E-08
 -4.01740720690E-07
 -7.45318516238E-07
 -1.09521181457E-06
 -1.44876196373E-06
 -1.80319830179E-06
 -2.15565955841E-06
 -2.50321591011E-06
 -2.84289512820E-06
 -3.17170497510E-06
 -3.48666117134E-06
 -3.78481354346E-06
 -4.06327080782E-06
 -4.31923035649E-06
 -4.55000326838E-06
 -4.75303977510E-06
 -4.92595700052E-06
 -5.06655851495E-06
 -5.17286343893E-06
 -5.24312599737E-06
 -5.27585370946E-06
 -5.26982785232E-06
 -5.22411801285E-06
 -5.13809709446E-06
 -5.01144995724E-06
 -4.84418524138E-06
 -4.63664036943E-06
 -4.38948200099E-06
 -4.10370830650E-06
 -3.78064555662E-06
 -3.42194084624E-06
 -3.02955550069E-06
 -2.60575052380E-06
 -2.15307227336E-06
 -1.67433665865E-06
 -1.17260606203E-06
 -6.51168875265E-07
 -1.13512555799E-07
  4.36702833895E-07
  9.95673872239E-07
  1.55948418978E-06
  2.12413738154E-06
  2.68559006145E-06
  3.23978383676E-06
  3.78268350687E-06
  4.31030730397E-06
  4.81876531921E-06
  5.30428951606E-06
  5.76326738155E-06
  6.19227603238E-06
  6.58810904497E-06
  6.94780874255E-06
  7.26868756828E-06
  7.54835582484E-06
  7.78474077379E-06
  7.97610664449E-06
  8.12106918602E-06
  8.21860703581E-06
  8.26807627163E-06
  8.26920222607E-06
  8.22210040496E-06
  8.12726102595E-06
  7.98554810899E-06
  7.79819129093E-06
  7.56677764002E-06
  7.29322800908E-06
  6.97978657627E-06
  6.62899583403E-06
  6.24367612545E-06
  5.82689335715E-06
  5.38193535249E-06
  4.91228001920E-06
  4.42156306235E-06
  3.91354160456E-06
  3.39206417266E-06
  2.86103158942E-06
  2.32436536862E-06
  1.78596826572E-06
  1.24969199078E-06
  7.19302079233E-07
  1.98445704314E-07
 -3.09380709496E-07
 -8.00860163963E-07
 -1.27288353724E-06
 -1.72257364284E-06
 -2.14730880543E-06
 -2.54474184658E-06
 -2.91281639875E-06
 -3.24978236677E-06
 -3.55420274900E-06
 -3.82496273232E-06
 -4.06127401220E-06
 -4.26267024523E-06
 -4.42900955022E-06
 -4.56046382169E-06
 -4.65750872536E-06
 -4.72091414849E-06
 -4.75172328152E-06
 -4.75123988508E-06
 -4.72100373372E-06
 -4.66276742372E-06
 -4.57847454527E-06
 -4.47023148809E-06
 -4.34028015661E-06
 -4.19096977566E-06
 -4.02472915084E-06
 -3.84403756470E-06
 -3.65139544556E-06
 -3.44929776475E-06
 -3.24020561493E-06
 -3.02652233586E-06
 -2.81056736640E-06
 -2.59455623564E-06
 -2.38057782553E-06
 -2.17057913687E-06
 -1.96634800886E-06
 -1.76950243258E-06
 -1.58147861384E-06
 -1.40352585731E-06
 -1.23670281482E-06
 -1.08187521164E-06
 -9.39719313919E-07
 -8.10725850897E-07
 -6.95208314028E-07
 -5.93312734054E-07
 -5.05030641307E-07
 -4.30213589198E-07
 -3.68590065136E-07
 -3.19783765690E-07
 -2.83332838080E-07
 -2.58710684875E-07
 -2.45347621330E-07
 -2.42651196913E-07
 -2.50028818982E-07
 -2.66907534296E-07
 -2.92754521070E-07
 -3.27095904140E-07
 -3.69533779576E-07
 -4.19761988724E-07
 -4.77578737446E-07
 -5.42897737432E-07
 -6.15756221123E-07
 -6.96320057614E-07
 -7.84885230587E-07
 -8.81877440406E-07
 -9.87848125078E-07
 -1.10346582005E-06
 -1.22950461900E-06
 -1.36683195251E-06
 -1.51639028445E-06
 -1.67917596627E-06
 -1.85621831861E-06
 -2.04855246011E-06
 -2.25719259106E-06
 -2.48310379902E-06
 -2.72716897598E-06
 -2.99015914607E-06
 -3.27270072376E-06
 -3.57524413630E-06
 -3.89802926293E-06
 -4.24105883212E-06
 -4.60406545244E-06
 -4.98648614666E-06
 -5.38743597644E-06
 -5.80568803343E-06
 -6.23965297564E-06
 -6.68736493026E-06
 -7.14647148925E-06
 -7.61422734286E-06
 -8.08749155112E-06
 -8.56273800309E-06
 -9.03605541680E-06
 -9.50317098614E-06
 -9.95946629700E-06
 -1.04000055217E-05
 -1.08195690700E-05
 -1.12126854219E-05
 -1.15736829684E-05
 -1.18967291201E-05
 -1.21758894238E-05
 -1.24051775856E-05
 -1.25786200442E-05
 -1.26903241835E-05
 -1.27345329020E-05
 -1.27057091959E-05
 -1.25985870909E-05
 -1.24082607726E-05
 -1.21302382468E-05
 -1.17605213745E-05
 -1.12956740850E-05
 -1.07328778540E-05
 -1.00700017356E-05
 -9.30565420276E-06
 -8.43924226501E-06
 -7.47100966692E-06
 -6.40208418190E-06
 -5.23450671608E-06
 -3.97125813834E-06
 -2.61627474174E-06
 -1.17445961223E-06
  3.48320696730E-07
  1.94524477592E-06
  3.60855779036E-06
  5.32959893462E-06
  7.09884352545E-06
  8.90595038072E-06
  1.07398200271E-05
  1.25886626847E-05
  1.44400783029E-05
  1.62811393238E-05
  1.80984807230E-05
  1.98784055101E-05
  2.16069875023E-05
  2.32701822824E-05
  2.48539527092E-05
  2.63443744188E-05
  2.77277649730E-05
  2.89908166451E-05
  3.01207055600E-05
  3.11052244797E-05
  3.19328901242E-05
  3.25930814142E-05
  3.30761431542E-05
  3.33734860760E-05
  3.34776959789E-05
  3.33826028509E-05
  3.30834263877E-05
  3.25767723552E-05
  3.18607308145E-05
  3.09349452436E-05
  2.98006179946E-05
  2.84605466732E-05
  2.69191459665E-05
  2.51824330917E-05
  2.32580168813E-05
  2.11550741369E-05
  1.88842896023E-05
  1.64578104886E-05
  1.38891746246E-05
  1.11932176878E-05
  8.38597952679E-06
  5.48459911442E-06
  2.50718676398E-06
 -5.27304223397E-07
 -3.59921705240E-06
 -6.68833763484E-06
 -9.77405215963E-06
 -1.28355086417E-05
 -1.58517759701E-05
 -1.88020112546E-05
 -2.16656353587E-05
 -2.44224938797E-05
 -2.70530163107E-05
 -2.95383924822E-05
 -3.18607235386E-05
 -3.40031619999E-05
 -3.59500809282E-05
 -3.76871830667E-05
 -3.92016227124E-05
 -4.04821621487E-05
 -4.15192007495E-05
 -4.23049132223E-05
 -4.28333150921E-05
 -4.31002918049E-05
 -4.31036678492E-05
 -4.28432213084E-05
 -4.23206838605E-05
 -4.15397335018E-05
 -4.05059909099E-05
 -3.92269357690E-05
 -3.77118958568E-05
 -3.59719415428E-05
 -3.40197912010E-05
 -3.18697420880E-05
 -2.95375248243E-05
 -2.70401760645E-05
 -2.43959166255E-05
 -2.16239786823E-05
 -1.87444675248E-05
 -1.57781869348E-05
 -1.27464581965E-05
 -9.67096184468E-06
 -6.57354394207E-06
 -3.47604918716E-06
 -4.00135036216E-07
  2.63290235125E-06
  5.60230000701E-06
  8.48799754749E-06
  1.12707939479E-05
  1.39324993143E-05
  1.64560769917E-05
  1.88257818081E-05
  2.10272683034E-05
  2.30476962315E-05
  2.48758387897E-05
  2.65021390078E-05
  2.79187861452E-05
  2.91197538900E-05
  3.01008294628E-05
  3.08596427203E-05
  3.13956370519E-05
  3.17100711982E-05
  3.18059792335E-05
  3.16881159961E-05
  3.13628952426E-05
  3.08383096126E-05
  3.01238451357E-05
  2.92303520837E-05
  2.81699740299E-05
  2.69559714070E-05
  2.56026178249E-05
  2.41250600084E-05
  2.25391431741E-05
  2.08612909773E-05
  1.91083217942E-05
  1.72973141161E-05
  1.54454319272E-05
  1.35697819132E-05
  1.16872506624E-05
  9.81436096481E-06
  7.96712629381E-06
  6.16092074779E-06
  4.41034035248E-06
  2.72909142041E-06
  1.12988459477E-06
 -3.75671817210E-07
 -1.77715060090E-06
 -3.06537799588E-06
 -4.23249821324E-06
 -5.27201655132E-06
 -6.17883279119E-06
 -6.94925847711E-06
 -7.58102260079E-06
 -8.07326614449E-06
 -8.42651115818E-06
 -8.64263802214E-06
 -8.72482360137E-06
 -8.67749258759E-06
 -8.50624201121E-06
 -8.21776120574E-06
 -7.81974358688E-06
 -7.32078478904E-06
 -6.73028262099E-06
 -6.05832019573E-06
 -5.31555542693E-06
 -4.51309779237E-06
 -3.66238828065E-06
 -2.77507729152E-06
 -1.86290105830E-06
 -9.37561026149E-07
 -1.06062634231E-08
  9.06682998902E-07
  1.80340271072E-06
  2.66913048108E-06
  3.49402307620E-06
  4.26890346716E-06
  4.98534518556E-06
  5.63573939871E-06
  6.21336357653E-06
  6.71242651151E-06
  7.12811561243E-06
  7.45662237023E-06
  7.69516736909E-06
  7.84200528869E-06
  7.89642581367E-06
  7.85873999121E-06
  7.73025749368E-06
  7.51325205783E-06
  7.21092692402E-06
  6.82735480950E-06
  6.36742561255E-06
  5.83677910981E-06
  5.24173037775E-06
  4.58919294033E-06
  3.88659600503E-06
  3.14179783345E-06
  2.36299456446E-06
  1.55862960582E-06
  7.37300979381E-07
 -9.23313407952E-08
 -9.21637081319E-07
 -1.74210595105E-06
 -2.54543328992E-06
 -3.32360377797E-06
 -4.06897152061E-06
 -4.77433104606E-06
 -5.43298756384E-06
 -6.03881835559E-06
 -6.58632370687E-06
 -7.07067965777E-06
 -7.48777256376E-06
 -7.83423183748E-06
 -8.10745495983E-06
 -8.30561930343E-06
 -8.42769077281E-06
 -8.47342471388E-06
 -8.44335045258E-06
 -8.33875492390E-06
 -8.16166539153E-06
 -7.91480943008E-06
 -7.60157763580E-06
 -7.22598224456E-06
 -6.79260483594E-06
 -6.30654130873E-06
 -5.77334412810E-06
 -5.19895547768E-06
 -4.58964541394E-06
 -3.95194319935E-06
 -3.29256636178E-06
 -2.61835180027E-06
 -1.93618484445E-06
 -1.25293126985E-06
 -5.75367664624E-07
  8.98821355122E-08
  7.36412232527E-07
  1.35809295898E-06
  1.94912740881E-06
  2.50410334957E-06
  3.01803902403E-06
  3.48642470271E-06
  3.90526020055E-06
  4.27108489021E-06
  4.58100021206E-06
  4.83269059259E-06
  5.02443526784E-06
  5.15511464982E-06
  5.22420850757E-06
  5.23179187439E-06
  5.17852458870E-06
  5.06563310410E-06
  4.89488684252E-06
  4.66857409265E-06
  4.38946926806E-06
  4.06079425375E-06
  3.68618407265E-06
  3.26964072883E-06
  2.81548909697E-06
  2.32832985603E-06
  1.81298844382E-06
  1.27446764964E-06
  7.17894295121E-07
  1.48469396777E-07
 -4.28582808354E-07
 -1.00806391856E-06
 -1.58485079282E-06
 -2.15394152292E-06
 -2.71049952971E-06
 -3.24989491673E-06
 -3.76774460165E-06
 -4.25994630859E-06
 -4.72270994578E-06
 -5.15259034728E-06
 -5.54650159756E-06
 -5.90174977333E-06
 -6.21603840045E-06
 -6.48748482490E-06
 -6.71462703394E-06
 -6.89642774887E-06
 -7.03226805854E-06
 -7.12195105734E-06
 -7.16568683856E-06
 -7.16408021617E-06
 -7.11811844667E-06
 -7.02914667272E-06
 -6.89885155225E-06
 -6.72922988088E-06
 -6.52256812828E-06
 -6.28140833214E-06
 -6.00852081334E-06
 -5.70686734136E-06
 -5.37957475899E-06
 -5.02989450979E-06
 -4.66117262476E-06
 -4.27681607107E-06
 -3.88025773645E-06
 -3.47492323272E-06
 -3.06420156448E-06
 -2.65141284217E-06
 -2.23978031499E-06
 -1.83240342722E-06
 -1.43223269333E-06
 -1.04204718809E-06
 -6.64434082864E-07
 -3.01770882061E-07
  4.37895408822E-08
  3.70331747490E-07
  6.76187255522E-07
  9.59941530709E-07
  1.22043820738E-06
  1.45678154695E-06
  1.66833353887E-06
  1.85471265013E-06
  2.01578495762E-06
  2.15165891859E-06
  2.26267297876E-06
  2.34938352150E-06
  2.41255020228E-06
  2.45312185143E-06
  2.47221737482E-06
  2.47110824603E-06
  2.45119986175E-06
  2.41401039602E-06
  2.36115033658E-06
  2.29430338550E-06
  2.21520394916E-06
  2.12561712942E-06
  2.02731894205E-06
  1.92207585314E-06
  1.81162670287E-06
  1.69766440195E-06
  1.58181865118E-06
  1.46564127590E-06
  1.35059190143E-06
  1.23802374219E-06
  1.12917484785E-06
  1.02515662093E-06
  9.26946654545E-07
  8.35382650166E-07
  7.51158154344E-07
  6.74820341828E-07
  6.06767969202E-07
  5.47253819150E-07
  4.96385609949E-07
  4.54131367178E-07
  4.20324340666E-07
  3.94669882553E-07
  3.76754087483E-07
  3.66052915979E-07
  3.61942881000E-07
  3.63712103990E-07
  3.70572792008E-07
  3.81673686434E-07
  3.96113421175E-07
  4.12953994555E-07
  4.31234326470E-07
  4.49984327133E-07
  4.68237800533E-07
  4.85046257381E-07
  4.99491306982E-07
  5.10697134359E-07
  5.17842352110E-07
  5.20169919582E-07
  5.16997886280E-07
  5.07727975219E-07
  4.91853029416E-07
  4.68964145739E-07
  4.38755790810E-07
  4.01030121111E-07
  3.55699768306E-07
  3.02789487705E-07
  2.42436470899E-07
  1.74889123628E-07
  1.00505040734E-07
  1.97473237762E-08
 -6.68202062570E-08
 -1.58538739470E-07
 -2.54661529198E-07
 -3.54361816335E-07
 -4.56741446442E-07
 -5.60840760500E-07
 -6.65648826725E-07
 -7.70114240822E-07
 -8.73156466241E-07
 -9.73677856564E-07
 -1.07057542209E-06
 -1.16275248274E-06
 -1.24913117361E-06
 -1.32866489366E-06
 -1.40034796914E-06
 -1.46322940964E-06
 -1.51642166202E-06
 -1.55911175170E-06
 -1.59057049132E-06
 -1.61016089351E-06
 -1.61734567428E-06
 -1.61169543844E-06
 -1.59289209023E-06
 -1.56073588187E-06
 -1.51514734625E-06
 -1.45616957070E-06
 -1.38397047067E-06
 -1.29884153921E-06
 -1.20119773328E-06
 -1.09157372208E-06
 -9.70620476437E-07
 -8.39101744532E-07
 -6.97886378020E-07
 -5.47942306639E-07
 -3.90328665389E-07
 -2.26186315899E-07
 -5.67290108222E-08
  1.16767729708E-07
  2.92977119898E-07
  4.70533080943E-07
  6.48041861950E-07
  8.24094399832E-07
  9.97279016701E-07
  1.16619344226E-06
  1.32945820042E-06
  1.48572803482E-06
  1.63370430073E-06
  1.77214701580E-06
  1.89988509192E-06
  2.01582838599E-06
  2.11897599911E-06
  2.20842662202E-06
  2.28338558372E-06
  2.34317394643E-06
  2.38723214352E-06
  2.41512702814E-06
  2.42655710281E-06
  2.42135138251E-06
  2.39947553382E-06
  2.36102891904E-06
  2.30624755204E-06
  2.23549841394E-06
  2.14927899833E-06
  2.04821276384E-06
  1.93304344975E-06
  1.80462848220E-06
  1.66393283507E-06
  1.51201993503E-06
  1.35004313506E-06
  1.17923570997E-06
  1.00090016986E-06
  8.16397971448E-07
  6.27137580977E-07
  4.34562622331E-07
  2.40140280994E-07
  4.53485071716E-08
 -1.48335828953E-07
 -3.39449172770E-07
 -5.26553321833E-07
 -7.08247057446E-07
 -8.83177278865E-07
 -1.05005017303E-06
 -1.20764070743E-06
 -1.35480320296E-06
 -1.49047889408E-06
 -1.61370519436E-06
 -1.72362138073E-06
 -1.81947598321E-06
 -1.90063167338E-06
 -1.96656787921E-06
 -2.01688681045E-06
 -2.05131254916E-06
 -2.06969411920E-06
 -2.07200400837E-06
 -2.05833885047E-06
 -2.02891442314E-06
 -1.98406542040E-06
 -1.92423976841E-06
 -1.84999396424E-06
 -1.76198716417E-06
 -1.66097538568E-06
 -1.54780298089E-06
 -1.42339536069E-06
 -1.28875080918E-06
 -1.14493070669E-06
 -9.93051457954E-07
 -8.34273123473E-07
 -6.69791518249E-07
 -5.00827070482E-07
 -3.28615016087E-07
 -1.54396062158E-07
  2.05937169540E-08
  1.95132344061E-07
  3.68020749875E-07
  5.38092081115E-07
  7.04219530689E-07
  8.65324295773E-07
  1.02038268324E-06
  1.16843284559E-06
  1.30858074954E-06
  1.44000455293E-06
  1.56196028911E-06
  1.67378516380E-06
  1.77489903308E-06
  1.86480929187E-06
  1.94310973711E-06
  2.00948284146E-06
  2.06369850275E-06
  2.10561415770E-06
  2.13517250813E-06
  2.15240015677E-06
  2.15740328713E-06
  2.15036607187E-06
  2.13154680750E-06
  2.10127109312E-06
  2.05993046620E-06
  2.00797421712E-06
  1.94590688807E-06
  1.87428054232E-06
  1.79368976205E-06
  1.70476585026E-06
  1.60817046435E-06
  1.50459095494E-06
  1.39473229410E-06
  1.27931389216E-06
  1.15906186693E-06
  1.03470517843E-06
  9.06969887637E-07
  7.76574211159E-07
  6.44224542157E-07
  5.10610959736E-07
  3.76404045710E-07
  2.42250081328E-07
  1.08770095153E-07
 -2.34441728253E-08
 -1.53832132810E-07
 -2.81865510487E-07
 -4.07049896012E-07
 -5.28926136667E-07
 -6.47070635296E-07
 -7.61095009238E-07
 -8.70646772455E-07
 -9.75408397608E-07
 -1.07509674763E-06
 -1.16946159778E-06
 -1.25828591990E-06
 -1.34138235808E-06
 -1.41859334235E-06
 -1.48978892867E-06
 -1.55486452513E-06
 -1.61374020990E-06
 -1.66635800269E-06
 -1.71268015947E-06
 -1.75268792191E-06
 -1.78637935733E-06
 -1.81376788078E-06
 -1.83488089078E-06
 -1.84975795037E-06
 -1.85845078704E-06
 -1.86102033695E-06
 -1.85753765436E-06
 -1.84808209269E-06
 -1.83274153187E-06
 -1.81161112778E-06
 -1.78479388069E-06
 -1.75240086264E-06
 -1.71455019427E-06
 -1.67136829532E-06
 -1.62299045314E-06
 -1.56956014052E-06
 -1.51123106207E-06
 -1.44816704051E-06
 -1.38054281251E-06
 -1.30854505187E-06
 -1.23237282423E-06
 -1.15223849662E-06
 -1.06836853320E-06
 -9.81003381639E-07
 -8.90399633136E-07
 -7.96828715011E-07
 -7.00577572843E-07
 -6.01949579959E-07
 -5.01263343722E-07
 -3.98853558181E-07
 -2.95069469303E-07
 -1.90275159184E-07
 -8.48479899673E-08
  2.08221777598E-08
  1.26334441575E-07
  2.31278406204E-07
  3.35235569082E-07
  4.37782119889E-07
  5.38490212421E-07
  6.36930849396E-07
  7.32676085136E-07
  8.25301754048E-07
  9.14390852813E-07
  9.99535245683E-07
  1.08033896140E-06
  1.15642274068E-06
  1.22742392250E-06
  1.29300258322E-06
  1.35284233238E-06
  1.40665440540E-06
  1.45417936892E-06
  1.49519053139E-06
  1.52949621679E-06
  1.55694135628E-06
  1.57741044404E-06
  1.59082833306E-06
  1.59716250892E-06
  1.59642354447E-06
  1.58866578204E-06
  1.57398903866E-06
  1.55253735556E-06
  1.52449899815E-06
  1.49010656969E-06
  1.44963485127E-06
  1.40340057442E-06
  1.35176037475E-06
  1.29510704028E-06
  1.23386985251E-06
  1.16850912946E-06
  1.09951474769E-06
  1.02740216334E-06
  9.52708319346E-07
  8.75988064308E-07
  7.97809718733E-07
  7.18751039130E-07
  6.39394158952E-07
  5.60321495868E-07
  4.82110806388E-07
  4.05330354170E-07
  3.30534334125E-07
  2.58258154417E-07
  1.89014130569E-07
  1.23286497455E-07
  6.15282189642E-08
  4.15586542957E-09
 -4.84533764222E-08
 -9.59650776622E-08
 -1.38091010626E-07
 -1.74591619384E-07
 -2.05278311682E-07
 -2.30014961744E-07
 -2.48720169793E-07
 -2.61367063104E-07
 -2.67984518132E-07
 -2.68656975777E-07
 -2.63523560307E-07
 -2.52777027754E-07
 -2.36662899056E-07
 -2.15476248400E-07
 -1.89560338981E-07
 -1.59302814495E-07
 -1.25132572748E-07
 -8.75161418890E-08
 -4.69530405667E-08
 -3.97180599521E-09
  4.08753244585E-08
  8.70170779876E-08
  1.33868638841E-07
  1.80837133712E-07
  2.27326950153E-07
  2.72745637631E-07
  3.16509243703E-07
  3.58047913096E-07
  3.96811600467E-07
  4.32275015783E-07
  4.63942853912E-07
  4.91354796850E-07
  5.14089663284E-07
  5.31770012913E-07
  5.44065471786E-07
  5.50696540813E-07
  5.51436869500E-07
  5.46116439182E-07
  5.34622699888E-07
  5.16902105119E-07
  4.92960737120E-07
  4.62864903739E-07
  4.26739973136E-07
  3.84770061146E-07
  3.37196183864E-07
  2.84313870225E-07
  2.26471058795E-07
  1.64064161368E-07
  9.75353842136E-08
  2.73675446749E-08
 -4.59196449754E-08
 -1.21774817785E-07
 -1.99620330932E-07
 -2.78857299918E-07
 -3.58871574235E-07
 -4.39039780531E-07
 -5.18734736943E-07
 -5.97332018515E-07
 -6.74215300478E-07
 -7.48782952087E-07
 -8.20452896733E-07
 -8.88668921561E-07
 -9.52905566010E-07
 -1.01267278296E-06
 -1.06752111151E-06
 -1.11704480332E-06
 -1.16088722280E-06
 -1.19874175653E-06
 -1.23035670185E-06
 -1.25553549424E-06
 -1.27413909468E-06
 -1.28608689920E-06
 -1.29135662519E-06
 -1.28998442506E-06
 -1.28206329464E-06
 -1.26774205000E-06
 -1.24722305372E-06
 -1.22075937270E-06
 -1.18865148124E-06
 -1.15124407785E-06
 -1.10892096927E-06
 -1.06210165995E-06
 -1.01123521290E-06
 -9.56796043283E-07
 -8.99277893041E-07
 -8.39188317059E-07
 -7.77042998834E-07
 -7.13359895599E-07
 -6.48653383450E-07
 -5.83428800383E-07
 -5.18176875630E-07
 -4.53368215858E-07
 -3.89448501892E-07
 -3.26833770714E-07
 -2.65905896413E-07
 -2.07009250630E-07
 -1.50446851421E-07
 -9.64777910895E-08
 -4.53149624491E-08
  2.87658452613E-09
  4.79807056308E-08
  8.99304879454E-08
  1.28708251168E-07
  1.64344328368E-07
  1.96915706852E-07
  2.26544329962E-07
  2.53393693583E-07
  2.77666117654E-07
  2.99598895026E-07
  3.19460013998E-07
  3.37543241358E-07
  3.54163660177E-07
  3.69652099153E-07
  3.84349448268E-07
  3.98600775497E-07
  4.12750324585E-07
  4.27134551728E-07
  4.42077009666E-07
  4.57882833871E-07
  4.74832489772E-07
  4.93177196859E-07
  5.13133954883E-07
  5.34880541636E-07
  5.58552585517E-07
  5.84239046475E-07
  6.11979487530E-07
  6.41762369469E-07
  6.73522492889E-07
  7.07141396106E-07
  7.42445422475E-07
  7.79207482537E-07
  8.17147792986E-07
  8.55935866184E-07
  8.95193466022E-07
  9.34497336402E-07
  9.73384089775E-07
  1.01135367458E-06
  1.04787602595E-06
  1.08239601104E-06
  1.11433973871E-06
  1.14312126698E-06
  1.16814999274E-06
  1.18883747291E-06
  1.20460481412E-06
  1.21489085814E-06
  1.21915843465E-06
  1.21690334254E-06
  1.20766071632E-06
  1.19101230212E-06
  1.16659293781E-06
  1.13409691949E-06
  1.09328379949E-06
  1.04398372969E-06
  9.86101326816E-07
  9.19620049444E-07
  8.44604983286E-07
  7.61205001254E-07
  6.69654241392E-07
  5.70272106870E-07
  4.63463436517E-07
  3.49716515302E-07
  2.29600914281E-07
  1.03764492110E-07
 -2.70714526351E-08
 -1.62116236879E-07
 -3.00516518337E-07
 -4.41362345782E-07
 -5.83694941270E-07
 -7.26514485905E-07
 -8.68788561093E-07
 -1.00946147086E-06
 -1.14746387680E-06
 -1.28172189306E-06
 -1.41116834129E-06
 -1.53475127718E-06
 -1.65144570019E-06
 -1.76026287591E-06
 -1.86025931725E-06
 -1.95054872165E-06
 -2.03030799639E-06
 -2.09878817259E-06
 -2.15532259062E-06
 -2.19933167500E-06
 -2.23033202928E-06
 -2.24794143833E-06
 -2.25188273362E-06
 -2.24198879550E-06
 -2.21820482693E-06
 -2.18058971768E-06
 -2.12931786336E-06
 -2.06467643693E-06
 -1.98706698029E-06
 -1.89699903785E-06
 -1.79509015652E-06
 -1.68205758655E-06
 -1.55871532570E-06
 -1.42596525166E-06
 -1.28479064188E-06
 -1.13624719233E-06
 -9.81453808890E-07
 -8.21583000743E-07
 -6.57849739127E-07
 -4.91501396027E-07
 -3.23805693370E-07
 -1.56039860144E-07
  1.05214388313E-08
  1.74617596826E-07
  3.35013396580E-07
  4.90510672080E-07
  6.39958898319E-07
  7.82266056376E-07
  9.16407827845E-07
  1.04143794033E-06
  1.15649595500E-06
  1.26081511098E-06
  1.35372943078E-06
  1.43467889302E-06
  1.50321477577E-06
  1.55900283971E-06
  1.60182673881E-06
  1.63158779287E-06
  1.64830703397E-06
  1.65212372849E-06
  1.64329185282E-06
  1.62217907018E-06
  1.58926081895E-06
  1.54511599249E-06
  1.49041989062E-06
  1.42593671626E-06
  1.35251298161E-06
  1.27106648051E-06
  1.18257810300E-06
  1.08808137611E-06
  9.88651891021E-07
  8.85395934347E-07
  7.79439687904E-07
  6.71917973705E-07
  5.63962203159E-07
  4.56689718931E-07
  3.51192710468E-07
  2.48526987434E-07
  1.49702174213E-07
  5.56715562539E-08
 -3.26767484182E-08
 -1.14528454276E-07
 -1.89150583196E-07
 -2.55898271462E-07
 -3.14220528708E-07
 -3.63665094483E-07
 -4.03881983857E-07
 -4.34626599599E-07
 -4.55760869045E-07
 -4.67253983061E-07
 -4.69181713925E-07
 -4.61724567913E-07
 -4.45165284191E-07
 -4.19884742087E-07
 -3.86357442039E-07
 -3.45145565461E-07
 -2.96892210372E-07
 -2.42314456500E-07
 -1.82194924037E-07
 -1.17373204489E-07
 -4.87363003288E-08
  2.27907044348E-08
  9.62548725170E-08
  1.70685666490E-07
  2.45105326258E-07
  3.18539264299E-07
  3.90026485775E-07
  4.58629273226E-07
  5.23443418388E-07
  5.83607970839E-07
  6.38313110812E-07
  6.86809244144E-07
  7.28414818241E-07
  7.62522859077E-07
  7.88606996593E-07
  8.06227319572E-07
  8.15034354673E-07
  8.14772704416E-07
  8.05283434602E-07
  7.86505552242E-07
  7.58476403462E-07
  7.21331559816E-07
  6.75302885611E-07
  6.20716377853E-07
  5.57988528271E-07
  4.87622287437E-07
  4.10202062540E-07
  3.26387436189E-07
  2.36906700479E-07
  1.42549794191E-07
  4.41603376089E-08
 -5.73727625408E-08
 -1.61123921316E-07
 -2.66139977612E-07
 -3.71449459635E-07
 -4.76071960520E-07
 -5.79027414460E-07
 -6.79345987464E-07
 -7.76076774400E-07
 -8.68296865519E-07
 -9.55120299295E-07
 -1.03570641841E-06
 -1.10926691832E-06
 -1.17507420327E-06
 -1.23246752537E-06
 -1.28085844153E-06
 -1.31973706630E-06
 -1.34867627821E-06
 -1.36733456202E-06
 -1.37546032875E-06
 -1.37289305258E-06
 -1.35956418035E-06
 -1.33549872317E-06
 -1.30081343741E-06
 -1.25571625631E-06
 -1.20050378882E-06
 -1.13555802272E-06
 -1.06134416455E-06
 -9.78404159468E-07
 -8.87353053258E-07
 -7.88872853263E-07
 -6.83706389282E-07
 -5.72650719732E-07
 -4.56549884120E-07
 -3.36287371283E-07
 -2.12778942910E-07
 -8.69641567647E-08
  4.02013746736E-08
  1.67754194536E-07
  2.94730853057E-07
  4.20176348825E-07
  5.43151202237E-07
  6.62739807922E-07
  7.78057142270E-07
  8.88255954123E-07
  9.92533273347E-07
  1.09013649308E-06
  1.18036871299E-06
  1.26259453737E-06
  1.33624325827E-06
  1.40081363043E-06
  1.45587716815E-06
  1.50107973695E-06
  1.53614485043E-06
  1.56087378400E-06
  1.57514637067E-06
  1.57892168318E-06
  1.57223655606E-06
  1.55520444878E-06
  1.52801339937E-06
  1.49092375068E-06
  1.44426576298E-06
  1.38843415698E-06
  1.32388618113E-06
  1.25113581362E-06
  1.17074966965E-06
  1.08334188553E-06
  9.89567638499E-07
  8.90118542429E-07
  7.85716906648E-07
  6.77108971558E-07
  5.65059167457E-07
  4.50344316505E-07
  3.33747237846E-07
  2.16050821678E-07
  9.80321388511E-08
 -1.95431599792E-08
 -1.35926541134E-07
 -2.50391764212E-07
 -3.62239916285E-07
 -4.70803882990E-07
 -5.75453100282E-07
 -6.75597277677E-07
 -7.70689894125E-07
 -8.60231352817E-07
 -9.43772135997E-07
 -1.02091439658E-06
 -1.09131428871E-06
 -1.15468321837E-06
 -1.21078846860E-06
 -1.25945427953E-06
 -1.30056105263E-06
 -1.33404569169E-06
 -1.35990012495E-06
 -1.37817039558E-06
 -1.38895450164E-06
 -1.39240080443E-06
 -1.38870586852E-06
 -1.37811059631E-06
 -1.36089818170E-06
 -1.33739035846E-06
 -1.30794433062E-06
 -1.27294811136E-06
 -1.23281722608E-06
 -1.18799061966E-06
 -1.13892588161E-06
 -1.08609617655E-06
 -1.02998444618E-06
 -9.71079998635E-07
 -9.09874245281E-07
 -8.46856039516E-07
 -7.82508038810E-07
 -7.17302270914E-07
 -6.51697121157E-07
 -5.86132387070E-07
 -5.21027232026E-07
 -4.56776376723E-07
 -3.93747342287E-07
 -3.32277664938E-07
 -2.72673048585E-07
 -2.15205233189E-07
 -1.60110275260E-07
 -1.07587482034E-07
 -5.77983811922E-08
 -1.08665316745E-08
  3.31229870199E-08
  7.41230437029E-08
  1.12123927920E-07
  1.47152491081E-07
  1.79270500666E-07
  2.08573254667E-07
  2.35187300746E-07
  2.59268603031E-07
  2.80999358893E-07
  3.00585526247E-07
  3.18253512432E-07
  3.34246919920E-07
  3.48823135710E-07
  3.62249721775E-07
  3.74800521286E-07
  3.86751736414E-07
  3.98378517730E-07
  4.09950786207E-07
  4.21729481559E-07
  4.33962640045E-07
  4.46882154392E-07
  4.60700022131E-07
  4.75605077099E-07
  4.91760147270E-07
  5.09298956786E-07
  5.28323937488E-07
  5.48903869912E-07
  5.71071950617E-07
  5.94824655309E-07
  6.20120317762E-07
  6.46879072974E-07
  6.74981890825E-07
  7.04271428731E-07
  7.34552259019E-07
  7.65592403695E-07
  7.97124812379E-07
  8.28848953915E-07
  8.60434056449E-07
  8.91521153790E-07
  9.21726666547E-07
  9.50646381170E-07
  9.77858803708E-07
  1.00292982097E-06
  1.02541673641E-06
  1.04487378394E-06
  1.06085656171E-06
  1.07292692064E-06
  1.08065853510E-06
  1.08364235984E-06
  1.08149038169E-06
  1.07384266812E-06
  1.06037077785E-06
  1.04078401364E-06
  1.01483249182E-06
  9.82311689768E-07
  9.43068187098E-07
  8.97000518307E-07
  8.44064118155E-07
  7.84273765930E-07
  7.17705006537E-07
  6.44496481073E-07
  5.64850381579E-07
  4.79033246847E-07
  3.87375649780E-07
  2.90271458425E-07
  1.88175903304E-07
  8.16040852669E-08
 -2.88722716846E-08
 -1.42627953892E-07
 -2.58988393398E-07
 -3.77234130156E-07
 -4.96605935041E-07
 -6.16310671830E-07
 -7.35526953122E-07
 -8.53412188917E-07
 -9.69109009930E-07
 -1.08175265723E-06
 -1.19047865610E-06
 -1.29442958041E-06
 -1.39276392019E-06
 -1.48466267547E-06
 -1.56933811013E-06
 -1.64604034580E-06
 -1.71406520622E-06
 -1.77276183422E-06
 -1.82153792139E-06
 -1.85986777979E-06
 -1.88729677575E-06
 -1.90344803741E-06
 -1.90802597899E-06
 -1.90082062090E-06
 -1.88171122772E-06
 -1.85066880931E-06
 -1.80775725767E-06
 -1.75313573436E-06
 -1.68705651049E-06
 -1.60986689934E-06
 -1.52200527737E-06
 -1.42399994729E-06
 -1.31646550017E-06
 -1.20009849525E-06
 -1.07567257146E-06
 -9.44032763073E-07
 -8.06089190064E-07
 -6.62809725327E-07
 -5.15212377650E-07
 -3.64357134686E-07
 -2.11337010114E-07
 -5.72693963363E-08
  9.67137268049E-08
  2.49475277769E-07
  3.99882651436E-07
  5.46817830127E-07
  6.89186833824E-07
  8.25928850645E-07
  9.56026838139E-07
  1.07851496978E-06
  1.19248829833E-06
  1.29711008867E-06
  1.39161966217E-06
  1.47533944528E-06
  1.54767974436E-06
  1.60814590799E-06
  1.65634094174E-06
  1.69196982824E-06
  1.71484259681E-06
  1.72487477812E-06
  1.72208899585E-06
  1.70661337506E-06
  1.67868211065E-06
  1.63863126090E-06
  1.58689647378E-06
  1.52400809839E-06
  1.45058641010E-06
  1.36733592626E-06
  1.27503813019E-06
  1.17454408155E-06
  1.06676657197E-06
  9.52671143750E-07
  8.33267108646E-07
  7.09597998139E-07
  5.82731615850E-07
  4.53750175211E-07
  3.23740010799E-07
  1.93781545477E-07
  6.49393498975E-08
 -6.17476985099E-08
 -1.85275837339E-07
 -3.04685528363E-07
 -4.19070062208E-07
 -5.27583097210E-07
 -6.29446901712E-07
 -7.23957839455E-07
 -8.10492906567E-07
 -8.88514136932E-07
 -9.57573092819E-07
 -1.01731336599E-06
 -1.06747324935E-06
 -1.10788596430E-06
 -1.13848068395E-06
 -1.15928105515E-06
 -1.17040349323E-06
 -1.17205445349E-06
 -1.16452588372E-06
 -1.14819169994E-06
 -1.12350153358E-06
 -1.09097493350E-06
 -1.05119409000E-06
 -1.00479644516E-06
 -9.52466848503E-07
 -8.94928575690E-07
 -8.32935029393E-07
 -7.67260416978E-07
 -6.98690485024E-07
 -6.28013594905E-07
 -5.56011116259E-07
 -4.83448957311E-07
 -4.11068356243E-07
 -3.39577894692E-07
 -2.69645511253E-07
 -2.01891126039E-07
 -1.36880046853E-07
 -7.51168940383E-08
 -1.70405343169E-08
  3.69804027400E-08
  8.66509139996E-08
  1.31752287302E-07
  1.72143529653E-07
  2.07762184345E-07
  2.38623869109E-07
  2.64821011342E-07
  2.86520588588E-07
  3.03960860037E-07
  3.17447387488E-07
  3.27347862594E-07
  3.34086735165E-07
  3.38138363531E-07
  3.40020221756E-07
  3.40285026823E-07
  3.39512723713E-07
  3.38301788361E-07
  3.37260587457E-07
  3.36998226658E-07
  3.38115455634E-07
  3.41195914189E-07
  3.46796582562E-07
  3.55440079147E-07
  3.67605224483E-07
  3.83720106356E-07
  4.04154121725E-07
  4.29211723940E-07
  4.59126169972E-07
  4.94054404498E-07
  5.34072910341E-07
  5.79174127324E-07
  6.29263979590E-07
  6.84160738729E-07
  7.43594739561E-07
  8.07208721199E-07
  8.74559589192E-07
  9.45121712448E-07
  1.01829016330E-06
  1.09338623133E-06
  1.16966259611E-06
  1.24631048948E-06
  1.32246736939E-06
  1.39722465065E-06
  1.46963805037E-06
  1.53873520503E-06
  1.60352806233E-06
  1.66302231719E-06
  1.71622821199E-06
  1.76217224634E-06
  1.79990740889E-06
  1.82852534181E-06
  1.84716679996E-06
  1.85503154171E-06
  1.85139015230E-06
  1.83559222933E-06
  1.80707638719E-06
  1.76537844254E-06
  1.71013869021E-06
  1.64110929290E-06
  1.55815871494E-06
  1.46127763401E-06
  1.35058166961E-06
  1.22631331578E-06
  1.08884421479E-06
  9.38673963446E-07
  7.76429203597E-07
  6.02860779964E-07
  4.18839874783E-07
  2.25353247174E-07
  2.34961792245E-08
 -1.85534219099E-07
 -4.00447959237E-07
 -6.19871457275E-07
 -8.42358019781E-07
 -1.06639924979E-06
 -1.29043689867E-06
 -1.51287531480E-06
 -1.73209548393E-06
 -1.94646736418E-06
 -2.15436443796E-06
 -2.35417815020E-06
 -2.54433030022E-06
 -2.72328838946E-06
 -2.88957971861E-06
 -3.04180184685E-06
 -3.17863873533E-06
 -3.29887120643E-06
 -3.40138831234E-06
 -3.48519824911E-06
 -3.54943790626E-06
 -3.59338173439E-06
 -3.61644833902E-06
 -3.61820866601E-06
 -3.59838895747E-06
 -3.55687507181E-06
 -3.49371543962E-06
 -3.40912220054E-06
 -3.30346938426E-06
 -3.17729291055E-06
 -3.03128581436E-06
 -2.86629506263E-06
 -2.68331518782E-06
 -2.48348032983E-06
 -2.26805809689E-06
 -2.03843706004E-06
 -1.79611902240E-06
 -1.54270594521E-06
 -1.27988801069E-06
 -1.00943043435E-06
 -7.33159822630E-07
 -4.52949734608E-07
 -1.70705703795E-07
  1.11649093526E-07
  3.92189747345E-07
  6.69004180054E-07
  9.40208678912E-07
  1.20396191505E-06
  1.45848059674E-06
  1.70205237282E-06
  1.93304936147E-06
  2.14994111047E-06
  2.35130642068E-06
  2.53584312304E-06
  2.70237910627E-06
  2.84988118437E-06
  2.97746169053E-06
  3.08438370666E-06
  3.17007061312E-06
  3.23410495184E-06
  3.27623206431E-06
  3.29636350216E-06
  3.29457407133E-06
  3.27110092257E-06
  3.22634150507E-06
  3.16084788210E-06
  3.07532263832E-06
  2.97061069432E-06
  2.84769362224E-06
  2.70767782240E-06
  2.55178815678E-06
  2.38135407926E-06
  2.19780099542E-06
  2.00263548322E-06
  1.79743472017E-06
  1.58383249982E-06
  1.36350536195E-06
  1.13815929126E-06
  9.09516700176E-07
  6.79300796946E-07
  4.49223620080E-07
  2.20971884346E-07
 -3.80612785733E-09
 -2.23512842012E-07
 -4.36613873944E-07
 -6.41648796318E-07
 -8.37242453144E-07
 -1.02211436115E-06
 -1.19508797525E-06
 -1.35509765187E-06
 -1.50119672071E-06
 -1.63256333963E-06
 -1.74850424628E-06
 -1.84845919193E-06
 -1.93200366994E-06
 -1.99884902941E-06
 -2.04884395316E-06
 -2.08197275242E-06
 -2.09835525311E-06
 -2.09823906516E-06
 -2.08200026464E-06
 -2.05013657251E-06
 -2.00326053346E-06
 -1.94209314941E-06
 -1.86745637620E-06
 -1.78026471076E-06
 -1.68151495927E-06
 -1.57227873387E-06
 -1.45369062921E-06
 -1.32693776322E-06
 -1.19325068226E-06
 -1.05389074179E-06
 -9.10139874577E-07
 -7.63289676797E-07
 -6.14630437212E-07
 -4.65440365360E-07
 -3.16975189207E-07
 -1.70458463344E-07
 -2.70715823092E-08
  1.12054976853E-07
  2.45850230840E-07
  3.73310740542E-07
  4.93507229749E-07
  6.05591424119E-07
  7.08801394467E-07
  8.02466388450E-07
  8.86010582235E-07
  9.58956434260E-07
  1.02092644738E-06
  1.07164464680E-06
  1.11093686428E-06
  1.13873068130E-06
  1.15505281428E-06
  1.16002911454E-06
  1.15387956612E-06
  1.13691510251E-06
  1.10953453714E-06
  1.07221751477E-06
  1.02552030512E-06
  9.70069436335E-07
  9.06553680124E-07
  8.35719163206E-07
  7.58360215514E-07
  6.75312321619E-07
  5.87444219491E-07
  4.95649601362E-07
  4.00839383019E-07
  3.03933262558E-07
  2.05851875990E-07
  1.07508846270E-07
  9.80311920529E-09
 -8.63885034619E-08
 -1.80218350465E-07
 -2.70874721764E-07
 -3.57588021416E-07
 -4.39636863803E-07
 -5.16352884006E-07
 -5.87125953189E-07
 -6.51408413432E-07
 -7.08718118858E-07
 -7.58641931498E-07
 -8.00837767656E-07
 -8.35036246372E-07
 -8.61042110500E-07
 -8.78734283560E-07
 -8.88065756044E-07
 -8.89062903298E-07
 -8.81823439158E-07
 -8.66515506459E-07
 -8.43373868520E-07
 -8.12698033315E-07
 -7.74847933371E-07
 -7.30239889890E-07
 -6.79342861076E-07
 -6.22673269390E-07
 -5.60789828796E-07
 -4.94288769914E-07
 -4.23797530402E-07
 -3.49969837998E-07
 -2.73479457746E-07
 -1.95014308702E-07
 -1.15270907486E-07
 -3.49481759088E-08
  4.52582575861E-08
  1.24661738710E-07
  2.02589831133E-07
  2.78390132280E-07
  3.51434749746E-07
  4.21125434968E-07
  4.86898045438E-07
  5.48226466890E-07
  6.04626393397E-07
  6.55658880078E-07
  7.00933242115E-07
  7.40109499020E-07
  7.72900307311E-07
  7.99073063718E-07
  8.18450985207E-07
  8.30913563732E-07
  8.36397077819E-07
  8.34894763102E-07
  8.26455732295E-07
  8.11184406757E-07
  7.89239095411E-07
  7.60830232593E-07
  7.26218104319E-07
  6.85710404014E-07
  6.39659674562E-07
  5.88460238760E-07
  5.32544845555E-07
  4.72380492056E-07
  4.08465666624E-07
  3.41325687714E-07
  2.71508781680E-07
  1.99582146365E-07
  1.26127019939E-07
  5.17350500218E-08
 -2.29966232723E-08
 -9.74693818989E-08
 -1.71087592093E-07
 -2.43263002631E-07
 -3.13418581754E-07
 -3.80992759119E-07
 -4.45443475883E-07
 -5.06251524257E-07
 -5.62924412861E-07
 -6.14999692061E-07
 -6.62047796141E-07
 -7.03675141267E-07
 -7.39526740290E-07
 -7.69288135416E-07
 -7.92688183537E-07
 -8.09500193100E-07
 -8.19543515718E-07
 -8.22684683044E-07
 -8.18838486794E-07
 -8.07968319805E-07
 -7.90086289726E-07
 -7.65253389545E-07
 -7.33578701784E-07
 -6.95219341651E-07
 -6.50378751743E-07
 -5.99306133608E-07
 -5.42294060324E-07
 -4.79677453313E-07
 -4.11831052816E-07
 -3.39167314678E-07
 -2.62133596607E-07
 -1.81209728112E-07
 -9.69048628008E-08
 -9.75429959027E-09
  7.96836587824E-08
  1.70831299329E-07
  2.63094875663E-07
  3.55868507995E-07
  4.48537832654E-07
  5.40483711120E-07
  6.31086095382E-07
  7.19728348031E-07
  8.05800311809E-07
  8.88703027613E-07
  9.67851860878E-07
  1.04268042378E-06
  1.11264478164E-06
  1.17722595405E-06
  1.23593406443E-06
  1.28831175061E-06
  1.33393621127E-06
  1.37242375331E-06
  1.40343070143E-06
  1.42665714975E-06
  1.44184855344E-06
  1.44879754771E-06
  1.44734678997E-06
  1.43738816405E-06
  1.41886630445E-06
  1.39177791425E-06
  1.35617221986E-06
  1.31215176680E-06
  1.25987196498E-06
  1.19954052025E-06
  1.13141618385E-06
  1.05580863874E-06
  9.73076225819E-07
  8.83623386017E-07
  7.87900319210E-07
  6.86399005190E-07
  5.79651270982E-07
  4.68225351824E-07
  3.52722821617E-07
  2.33774940739E-07
  1.12038826217E-07
 -1.18064091836E-08
 -1.37063608463E-07
 -2.63022258196E-07
 -3.88962746456E-07
 -5.14160831244E-07
 -6.37892355826E-07
 -7.59437853048E-07
 -8.78087064393E-07
 -9.93143657979E-07
 -1.10393023078E-06
 -1.20979200346E-06
 -1.31010119730E-06
 -1.40426277540E-06
 -1.49171637531E-06
 -1.57194119765E-06
 -1.64446021245E-06
 -1.70884163708E-06
 -1.76470416591E-06
 -1.81171776603E-06
 -1.84960731531E-06
 -1.87815385289E-06
 -1.89719673926E-06
 -1.90663445210E-06
 -1.90642560938E-06
 -1.89658942418E-06
 -1.87720536360E-06
 -1.84841337614E-06
 -1.81041230007E-06
 -1.76345872660E-06
 -1.70786620401E-06
 -1.64400148606E-06
 -1.57228350872E-06
 -1.49317997966E-06
 -1.40720385389E-06
 -1.31491037791E-06
 -1.21689265598E-06
 -1.11377789835E-06
 -1.00622310129E-06
 -8.94910044735E-07
 -7.80540972301E-07
 -6.63833191084E-07
 -5.45514240002E-07
 -4.26316802304E-07
 -3.06973674924E-07
 -1.88212311514E-07
 -7.07500902308E-08
  4.47112391555E-08
  1.57489651542E-07
  2.66928367409E-07
  3.72399966864E-07
  4.73310620919E-07
  5.69104486203E-07
  6.59267016090E-07
  7.43328655517E-07
  8.20867796847E-07
  8.91513366241E-07
  9.54947267928E-07
  1.01090620319E-06
  1.05918309146E-06
  1.09962797978E-06
  1.13214866815E-06
  1.15671116419E-06
  1.17333831895E-06
  1.18211073641E-06
  1.18316313547E-06
  1.17668571420E-06
  1.16291971608E-06
  1.14215561098E-06
  1.11473138986E-06
  1.08102744889E-06
  1.04146511148E-06
  9.96501512418E-07
  9.46626357745E-07
  8.92357320481E-07
  8.34235891034E-07
  7.72822374984E-07
  7.08691800355E-07
  6.42429199615E-07
  5.74624209548E-07
  5.05866864842E-07
  4.36742737975E-07
  3.67828448589E-07
  2.99686917060E-07
  2.32863143879E-07
  1.67880102708E-07
  1.05234754244E-07
  4.53944650758E-08
 -1.12065903224E-08
 -6.41702371240E-08
 -1.13137311075E-07
 -1.57789884270E-07
 -1.97853438522E-07
 -2.33098418789E-07
 -2.63341604523E-07
 -2.88446869945E-07
 -3.08325837750E-07
 -3.22937864894E-07
 -3.32289687321E-07
 -3.36434766268E-07
 -3.35472293500E-07
 -3.29545741806E-07
 -3.18840847058E-07
 -3.03583846062E-07
 -2.84038833342E-07
 -2.60505061078E-07
 -2.33314096931E-07
 -2.02826370810E-07
 -1.69428076902E-07
 -1.33527436219E-07
 -9.55508667744E-08
 -5.59393598110E-08
 -1.51444492502E-08
  2.63757549135E-08
  6.81604888086E-08
  1.09750352806E-07
  1.50691136014E-07
  1.90537733147E-07
  2.28857729212E-07
  2.65235144070E-07
  2.99273636983E-07
  3.30599931431E-07
  3.58866685701E-07
  3.83755292432E-07
  4.04978322877E-07
  4.22281885903E-07
  4.35447589098E-07
  4.44293959845E-07
  4.48678179055E-07
  4.48496848549E-07
  4.43686644758E-07
  4.34224972423E-07
  4.20129879330E-07
  4.01459800514E-07
  3.78313188776E-07
  3.50827377815E-07
  3.19177644315E-07
  2.83575673166E-07
  2.44267965854E-07
  2.01533666200E-07
  1.55682599257E-07
  1.07052755993E-07
  5.60075896772E-08
  2.93332935719E-09
 -5.17639158204E-08
 -1.07661541904E-07
 -1.64323267882E-07
 -2.21302713044E-07
 -2.78146671917E-07
 -3.34398407631E-07
 -3.89601268580E-07
 -4.43302013764E-07
 -4.95054223393E-07
 -5.44421425275E-07
 -5.90980903326E-07
 -6.34326170257E-07
 -6.74070349760E-07
 -7.09849416580E-07
 -7.41324299725E-07
 -7.68184179378E-07
 -7.90148192209E-07
 -8.06967989320E-07
 -8.18430009986E-07
 -8.24356504836E-07
 -8.24607866434E-07
 -8.19082970338E-07
 -8.07721164620E-07
 -7.90502269865E-07
 -7.67447488670E-07
 -7.38619064578E-07
 -7.04120623141E-07
 -6.64096944547E-07
 -6.18732826752E-07
 -5.68252573885E-07
 -5.12918347795E-07
 -4.53029457503E-07
 -3.88919801253E-07
 -3.20956559108E-07
 -2.49537720265E-07
 -1.75089709842E-07
 -9.80646959192E-08
 -1.89378734916E-08
  6.17956246174E-08
  1.43623964277E-07
  2.26021526828E-07
  3.08452996478E-07
  3.90376555970E-07
  4.71247403766E-07
  5.50521860987E-07
  6.27660369901E-07
  7.02132354036E-07
  7.73419003508E-07
  8.41017367748E-07
  9.04444050320E-07
  9.63238676377E-07
  1.01696741694E-06
  1.06522634269E-06
  1.10764426609E-06
  1.14388615202E-06
  1.17365618735E-06
  1.19669891774E-06
  1.21280345411E-06
  1.22180381368E-06
  1.22358187582E-06
  1.21806829156E-06
  1.20524316571E-06
  1.18513776215E-06
  1.15783416277E-06
  1.12346572223E-06
  1.08221649953E-06
  1.03432057585E-06
  9.80061258815E-07
  9.19769604479E-07
  8.53822314184E-07
  7.82639631325E-07
  7.06683351837E-07
  6.26453243058E-07
  5.42484201560E-07
  4.55342728856E-07
  3.65623378684E-07
  2.73944181117E-07
  1.80942592465E-07
  8.72710472777E-08
 -6.40745412284E-09
 -9.94249802488E-08
 -1.91113002757E-07
 -2.80807398667E-07
 -3.67853658645E-07
 -4.51612294228E-07
 -5.31463399511E-07
 -6.06812022852E-07
 -6.77092145906E-07
 -7.41772510082E-07
 -8.00360567155E-07
 -8.52406515151E-07
 -8.97507675290E-07
 -9.35311504691E-07
 -9.65519916463E-07
 -9.87890985016E-07
 -1.00224281141E-06
 -1.00845397810E-06
 -1.00646695955E-06
 -9.96287440103E-07
 -9.77986587714E-07
 -9.51700201313E-07
 -9.17628426578E-07
 -8.76035130659E-07
 -8.27246253721E-07
 -7.71647762576E-07
 -7.09683547484E-07
 -6.41852295757E-07
 -5.68703455883E-07
 -4.90834452194E-07
 -4.08885313163E-07
 -3.23534635527E-07
 -2.35494056255E-07
 -1.45503079807E-07
 -5.43232516748E-08
  3.72678456984E-08
  1.28482611217E-07
  2.18529905283E-07
  3.06621075197E-07
  3.91977010850E-07
  4.73833893011E-07
  5.51449829800E-07
  6.24111294201E-07
  6.91139007358E-07
  7.51893423967E-07
  8.05781041890E-07
  8.52258665418E-07
  8.90839032763E-07
  9.21095022477E-07
  9.42663348269E-07
  9.55248310675E-07
  9.58624468694E-07
  9.52639140905E-07
  9.37214224450E-07
  9.12347331905E-07
  8.78112132341E-07
  8.34658692384E-07
  7.82211998285E-07
  7.21071501175E-07
  6.51608502267E-07
  5.74263822273E-07
  4.89544731863E-07
  3.98020915782E-07
  3.00320323277E-07
  1.97124521151E-07
  8.91632154776E-08
 -2.27913083961E-08
 -1.37929973221E-07
 -2.55413823425E-07
 -3.74379993673E-07
 -4.93949130487E-07
 -6.13232032265E-07
 -7.31337024718E-07
 -8.47376782076E-07
 -9.60475290412E-07
 -1.06977540781E-06
 -1.17444506031E-06
 -1.27368502945E-06
 -1.36673349971E-06
 -1.45287390296E-06
 -1.53143946591E-06
 -1.60181855335E-06
 -1.66346080732E-06
 -1.71587896602E-06
 -1.75865534402E-06
 -1.79144274171E-06
 -1.81396819698E-06
 -1.82603503163E-06
 -1.82752319233E-06
 -1.81839084235E-06
 -1.79867413408E-06
 -1.76848664069E-06
 -1.72801753706E-06
 -1.67753012192E-06
 -1.61736022619E-06
 -1.54791098339E-06
 -1.46965157910E-06
 -1.38311168030E-06
 -1.28887677420E-06
 -1.18758453027E-06
 -1.07991752429E-06
 -9.66599372987E-07
 -8.48386889629E-07
 -7.26065479739E-07
 -6.00441580900E-07
 -4.72336893154E-07
 -3.42581415680E-07
 -2.12007009281E-07
 -8.14410938688E-08
  4.83001265650E-08
  1.76417287889E-07
  3.02134310459E-07
  4.24703728186E-07
  5.43412284060E-07
  6.57585587760E-07
  7.66593245771E-07
  8.69852158303E-07
  9.66831066762E-07
  1.05705282749E-06
  1.14009787922E-06
  1.21560606203E-06
  1.28327735638E-06
  1.34287449782E-06
  1.39422218126E-06
  1.43720694723E-06
  1.47177820509E-06
  1.49794425397E-06
  1.51577376073E-06
  1.52539166720E-06
  1.52697691647E-06
  1.52076029281E-06
  1.50702067003E-06
  1.48608114614E-06
  1.45830563270E-06
  1.42409396631E-06
  1.38387838433E-06
  1.33811829528E-06
  1.28729584503E-06
  1.23191171042E-06
  1.17247930120E-06
  1.10952134946E-06
  1.04356377051E-06
  9.75132934400E-07
  9.04749811070E-07
  8.32926332350E-07
  7.60161867674E-07
  6.86938903982E-07
  6.13720203546E-07
  5.40945336525E-07
  4.69028094585E-07
  3.98354302433E-07
  3.29279600919E-07
  2.62127770156E-07
  1.97189635287E-07
  1.34722171197E-07
  7.49479056594E-08
  1.80549424300E-08
 -3.58029446090E-08
 -8.65056648536E-08
 -1.33965897930E-07
 -1.78127933737E-07
 -2.18966164311E-07
 -2.56483303929E-07
 -2.90708527473E-07
 -3.21695125649E-07
 -3.49518387566E-07
 -3.74273071202E-07
 -3.96070703346E-07
 -4.15037249013E-07
 -4.31310212434E-07
 -4.45036022256E-07
 -4.56367558854E-07
 -4.65461511112E-07
 -4.72475903734E-07
 -4.77567709822E-07
 -4.80890832932E-07
 -4.82593861761E-07
 -4.82818506953E-07
 -4.81697611576E-07
 -4.79353843730E-07
 -4.75899042840E-07
 -4.71432286986E-07
 -4.66040120273E-07
 -4.59795415964E-07
 -4.52757689118E-07
 -4.44972840796E-07
 -4.36473357013E-07
 -4.27279019277E-07
 -4.17397501451E-07
 -4.06825336086E-07
 -3.95548823917E-07
 -3.83545483373E-07
 -3.70785272708E-07
 -3.57232124770E-07
 -3.42845822843E-07
 -3.27583023818E-07
 -3.11399730890E-07
 -2.94252458843E-07
 -2.76100394103E-07
 -2.56906616869E-07
 -2.36640289586E-07
 -2.15277950133E-07
 -1.92804989751E-07
 -1.69217130974E-07
 -1.44521663969E-07
 -1.18738412880E-07
 -9.19008371625E-08
 -6.40566355514E-08
 -3.52683109384E-08
 -5.61374458030E-09
  2.48140175074E-08
  5.59065149730E-08
  8.75402861311E-08
  1.19577279634E-07
  1.51865563680E-07
  1.84240107615E-07
  2.16523986296E-07
  2.48529431701E-07
  2.80059367697E-07
  3.10908944812E-07
  3.40867188697E-07
  3.69718577531E-07
  3.97245514705E-07
  4.23229664648E-07
  4.47454311825E-07
  4.69706407102E-07
  4.89778642532E-07
  5.07471384026E-07
  5.22594973518E-07
  5.34971491106E-07
  5.44436545624E-07
  5.50841889435E-07
  5.54056157398E-07
  5.53967026917E-07
  5.50482411654E-07
  5.43532223674E-07
  5.33068941877E-07
  5.19068976246E-07
  5.01533065744E-07
  4.80487130972E-07
  4.55982814174E-07
  4.28096797123E-07
  3.96931795876E-07
  3.62615395488E-07
  3.25300106852E-07
  2.85162542468E-07
  2.42402251160E-07
  1.97241078581E-07
  1.49921532966E-07
  1.00705520367E-07
  4.98726073772E-08
 -2.28169350081E-09
 -5.54477281867E-08
 -1.09303854856E-07
 -1.63518507179E-07
 -2.17752372578E-07
 -2.71660809403E-07
 -3.24896035409E-07
 -3.77109415695E-07
 -4.27954233828E-07
 -4.77087553463E-07
 -5.24173060512E-07
 -5.68883024243E-07
 -6.10900826814E-07
 -6.49923094898E-07
 -6.85661746047E-07
 -7.17845978215E-07
 -7.46224486647E-07
 -7.70566884967E-07
 -7.90665524164E-07
 -8.06337197901E-07
 -8.17424052002E-07
 -8.23795005545E-07
 -8.25346830879E-07
 -8.22005063128E-07
 -8.13724170712E-07
 -8.00488635377E-07
 -7.82312952197E-07
 -7.59241515880E-07
 -7.31348961835E-07
 -6.98739768268E-07
 -6.61547517211E-07
 -6.19934496626E-07
 -5.74090734062E-07
 -5.24233257693E-07
 -4.70604902603E-07
 -4.13472577065E-07
 -3.53126523578E-07
 -2.89878073545E-07
 -2.24058297249E-07
 -1.56016099595E-07
 -8.61161453258E-08
 -1.47370053938E-08
  5.77310999006E-08
  1.30888636818E-07
  2.04328742370E-07
  2.77639770729E-07
  3.50407560745E-07
  4.22217993901E-07
  4.92659239626E-07
  5.61323986403E-07
  6.27812255516E-07
  6.91733703206E-07
  7.52709411245E-07
  8.10374956473E-07
  8.64382229793E-07
  9.14401141472E-07
  9.60122861215E-07
  1.00126055713E-06
  1.03755144210E-06
  1.06875984329E-06
  1.09467657694E-06
  1.11512213152E-06
  1.12994712254E-06
  1.13903388410E-06
  1.14229703740E-06
  1.13968451387E-06
  1.13117823730E-06
  1.11679355541E-06
  1.09658117253E-06
  1.07062601273E-06
  1.03904676507E-06
  1.00199656572E-06
  9.59661178968E-07
  9.12258883545E-07
  8.60039790496E-07
  8.03283285222E-07
  7.42298425394E-07
  6.77420587181E-07
  6.09010726293E-07
  5.37452990557E-07
  4.63152673547E-07
  3.86534026120E-07
  3.08037385821E-07
  2.28117059464E-07
  1.47238267800E-07
  6.58744028215E-08
 -1.54957682241E-08
 -9.63911332974E-08
 -1.76331369062E-07
 -2.54840045955E-07
 -3.31447409962E-07
 -4.05693810990E-07
 -4.77132573451E-07
 -5.45332852653E-07
 -6.09883215930E-07
 -6.70393603741E-07
 -7.26498626591E-07
 -7.77860009293E-07
 -8.24169035241E-07
 -8.65148990670E-07
 -9.00556813122E-07
 -9.30185592551E-07
 -9.53865651354E-07
 -9.71466420197E-07
 -9.82897176982E-07
 -9.88108354250E-07
 -9.87091880233E-07
 -9.79881519925E-07
 -9.66553216131E-07
 -9.47224577885E-07
 -9.22054312014E-07
 -8.91241484169E-07
 -8.55024495650E-07
 -8.13679378098E-07
 -7.67518315570E-07
 -7.16887655017E-07
 -6.62165575704E-07
 -6.03759360729E-07
 -5.42103236967E-07
 -4.77655021314E-07
 -4.10892909031E-07
 -3.42312404200E-07
 -2.72422738590E-07
 -2.01743290518E-07
 -1.30799861608E-07
 -6.01209109163E-08
  9.76630332161E-09
  7.83394824566E-08
  1.45085209624E-07
  2.09502658777E-07
  2.71107325034E-07
  3.29434811874E-07
  3.84043943313E-07
  4.34520558201E-07
  4.80480309761E-07
  5.21571848822E-07
  5.57479097552E-07
  5.87924546380E-07
  6.12670589817E-07
  6.31521686500E-07
  6.44326178190E-07
  6.50977085570E-07
  6.51413472497E-07
  6.45620900741E-07
  6.33631202618E-07
  6.15522765202E-07
  5.91419961893E-07
  5.61492470297E-07
  5.25953453234E-07
  4.85058649247E-07
  4.39104155703E-07
  3.88424410858E-07
  3.33389522211E-07
  2.74402651712E-07
  2.11896932001E-07
  1.46332254758E-07
  7.81915687753E-08
  7.97763455296E-09
 -6.37911767853E-08
 -1.36584588972E-07
 -2.09864438716E-07
 -2.83088951392E-07
 -3.55716451850E-07
 -4.27209926102E-07
 -4.97040616665E-07
 -5.64692356875E-07
 -6.29665180440E-07
 -6.91479385750E-07
 -7.49678576994E-07
 -8.03833415830E-07
 -8.53544577240E-07
 -8.98445932762E-07
 -9.38206767387E-07
 -9.72534280663E-07
 -1.00117574675E-06
 -1.02391970813E-06
 -1.04059824935E-06
 -1.05108676962E-06
 -1.05530568817E-06
 -1.05322010313E-06
 -1.04483990526E-06
 -1.03021955056E-06
 -1.00945703707E-06
 -9.82692768048E-07
 -9.50108130837E-07
 -9.11923962121E-07
 -8.68398103648E-07
 -8.19823299025E-07
 -7.66524522078E-07
 -7.08856362053E-07
 -6.47199556170E-07
 -5.81958374823E-07
 -5.13556585702E-07
 -4.42434469505E-07
 -3.69045096704E-07
 -2.93850888511E-07
 -2.17319680473E-07
 -1.39921297659E-07
 -6.21238669396E-08
  1.56095563142E-08
  9.28244148213E-08
  1.69078205658E-07
  2.43943162559E-07
  3.17009437367E-07
  3.87888093201E-07
  4.56212916333E-07
  5.21643357843E-07
  5.83865983117E-07
  6.42596944544E-07
  6.97582493103E-07
  7.48600768929E-07
  7.95462199221E-07
  8.38010464577E-07
  8.76122612681E-07
  9.09708546715E-07
  9.38711366416E-07
  9.63106344898E-07
  9.82899791779E-07
  9.98128598440E-07
  1.00885824850E-06
  1.01518128304E-06
  1.01721570900E-06
  1.01510283912E-06
  1.00900547295E-06
  9.99105054689E-07
  9.85599626802E-07
  9.68701556303E-07
  9.48635204168E-07
  9.25633685256E-07
  8.99937049326E-07
  8.71789609391E-07
  8.41437724830E-07
  8.09127016055E-07
  7.75100886585E-07
  7.39597794563E-07
  7.02849945355E-07
  6.65080733597E-07
  6.26503890544E-07
  5.87322062984E-07
  5.47725164779E-07
  5.07889637902E-07
  4.67978082952E-07
  4.28138179132E-07
  3.88502627402E-07
  3.49188923110E-07
  3.10299924422E-07
  2.71923624950E-07
  2.34133949562E-07
  1.96991408075E-07
  1.60543990546E-07
  1.24828034131E-07
  8.98697365415E-08
  5.56858594791E-08
  2.22856204601E-08
 -1.03282440378E-08
 -4.21579038345E-08
 -7.32089446842E-08
 -1.03488929426E-07
 -1.33005812586E-07
 -1.61766706697E-07
 -1.89776471871E-07
 -2.17036387085E-07
 -2.43543070155E-07
 -2.69287454557E-07
 -2.94253908351E-07
 -3.18419353107E-07
 -3.41753064959E-07
 -3.64215964055E-07
 -3.85760444033E-07
 -4.06330684655E-07
 -4.25862310749E-07
 -4.44283301704E-07
 -4.61514190420E-07
 -4.77468972804E-07
 -4.92056074108E-07
 -5.05179116317E-07
 -5.16738566603E-07
 -5.26633129994E-07
 -5.34760829396E-07
 -5.41020540368E-07
 -5.45314435385E-07
 -5.47548893337E-07
 -5.47636602732E-07
 -5.45498210158E-07
 -5.41064082427E-07
 -5.34276296094E-07
 -5.25089603798E-07
 -5.13473594310E-07
 -4.99414170463E-07
 -4.82914003896E-07
 -4.63994609845E-07
 -4.42696943992E-07
 -4.19081970904E-07
 -3.93231346152E-07
 -3.65248041589E-07
 -3.35255975870E-07
 -3.03399957602E-07
 -2.69845514822E-07
 -2.34777999708E-07
 -1.98401849616E-07
 -1.60939109151E-07
 -1.22628563304E-07
 -8.37234139794E-08
 -4.44901360197E-08
 -5.20585441421E-09
  3.38434773539E-08
  7.23658288848E-08
  1.10065421666E-07
  1.46645390942E-07
  1.81810676736E-07
  2.15270745230E-07
  2.46742445142E-07
  2.75952743323E-07
  3.02641893768E-07
  3.26565725572E-07
  3.47498627207E-07
  3.65235962363E-07
  3.79596428957E-07
  3.90424389707E-07
  3.97591776391E-07
  4.00999681460E-07
  4.00580177029E-07
  3.96297338057E-07
  3.88148237107E-07
  3.76163370674E-07
  3.60407256039E-07
  3.40978175473E-07
  3.18007749911E-07
  2.91660597895E-07
  2.62132772377E-07
  2.29650638062E-07
  1.94469237158E-07
  1.56870086698E-07
  1.17159210333E-07
  7.56641398425E-08
  3.27314566562E-08
 -1.12764402260E-08
 -5.59844224313E-08
 -1.01008112097E-07
 -1.45957386621E-07
 -1.90439934045E-07
 -2.34064913229E-07
 -2.76446769476E-07
 -3.17208645129E-07
 -3.55986173872E-07
 -3.92431047658E-07
 -4.26214228355E-07
 -4.57029273093E-07
 -4.84595432226E-07
 -5.08660150444E-07
 -5.29002022631E-07
 -5.45432556009E-07
 -5.57798443879E-07
 -5.65983157230E-07
 -5.69908024772E-07
 -5.69532744521E-07
 -5.64856861729E-07
 -5.55918745704E-07
 -5.42796101399E-07
 -5.25604946233E-07
 -5.04498302689E-07
 -4.79665288822E-07
 -4.51328929785E-07
 -4.19744253577E-07
 -3.85195477293E-07
 -3.47993676542E-07
 -3.08473374844E-07
 -2.66989360398E-07
 -2.23913431796E-07
 -1.79630376351E-07
 -1.34534388962E-07
 -8.90251712349E-08
 -4.35039098079E-08
  1.63061164571E-09
  4.59859919033E-08
  8.91800553404E-08
  1.30844640012E-07
  1.70629206764E-07
  2.08204184560E-07
  2.43264338451E-07
  2.75531675697E-07
  3.04757918457E-07
  3.30727317532E-07
  3.53258201358E-07
  3.72204965515E-07
  3.87459323292E-07
  3.98950987801E-07
  4.06648496210E-07
  4.10559266584E-07
  4.10729171563E-07
  4.07242083611E-07
  4.00218453933E-07
  3.89814289292E-07
  3.76218935116E-07
  3.59653114401E-07
  3.40366909768E-07
  3.18635756003E-07
  2.94759018971E-07
  2.69055163926E-07
  2.41859680727E-07
  2.13520422676E-07
  1.84394352232E-07
  1.54843760924E-07
  1.25232176629E-07
  9.59206829521E-08
  6.72639757227E-08
  3.96066965891E-08
  1.32797151053E-08
 -1.14031886156E-08
 -3.41487584876E-08
 -5.46871916640E-08
 -7.27750091301E-08
 -8.81975168454E-08
 -1.00771082145E-07
 -1.10344871018E-07
 -1.16802482353E-07
 -1.20063006648E-07
 -1.20081807609E-07
 -1.16851047949E-07
 -1.10399525965E-07
 -1.00792256319E-07
 -8.81299584421E-08
 -7.25477136143E-08
 -5.42135332182E-08
 -3.33265859354E-08
 -1.01150936516E-08
  1.51662291614E-08
  4.22388879429E-08
  7.08031890895E-08
  1.00541790005E-07
  1.31123087499E-07
  1.62204102594E-07
  1.93434445350E-07
  2.24460052323E-07
  2.54926476373E-07
  2.84482609914E-07
  3.12784635526E-07
  3.39498853918E-07
  3.64305691392E-07
  3.86902456739E-07
  4.07006723435E-07
  4.24358916007E-07
  4.38725095364E-07
  4.49898948318E-07
  4.57704118162E-07
  4.61995938394E-07
  4.62662484324E-07
  4.59625908888E-07
  4.52843210041E-07
  4.42306401283E-07
  4.28042710610E-07
  4.10114125771E-07
  3.88616740565E-07
  3.63680101145E-07
  3.35465415446E-07
  3.04164416320E-07
  2.69997087798E-07
  2.33209888734E-07
  1.94073180637E-07
  1.52878655513E-07
  1.09936848958E-07
  6.55739498256E-08
  2.01287697621E-08
 -2.60501060723E-08
 -7.26076763158E-08
 -1.19185763481E-07
 -1.65426072840E-07
 -2.10973311709E-07
 -2.55478539657E-07
 -2.98601889881E-07
 -3.40015475331E-07
 -3.79406259299E-07
 -4.16478712850E-07
 -4.50956719078E-07
 -4.82586187900E-07
 -5.11136647674E-07
 -5.36403376827E-07
 -5.58208228085E-07
 -5.76401305352E-07
 -5.90861532146E-07
 -6.01497731623E-07
 -6.08248171829E-07
 -6.11081475199E-07
 -6.09995936429E-07
 -6.05019522482E-07
 -5.96208735715E-07
 -5.83647931762E-07
 -5.67448125821E-07
 -5.47745798940E-07
 -5.24701079030E-07
 -4.98496490309E-07
 -4.69334679565E-07
 -4.37436625589E-07
 -4.03039621233E-07
 -3.66395198625E-07
 -3.27766628061E-07
 -2.87426814793E-07
 -2.45656281095E-07
 -2.02740451982E-07
 -1.58967736752E-07
 -1.14627269454E-07
 -7.00066351556E-08
 -2.53900047653E-08
  1.89439699483E-08
  6.27238421202E-08
  1.05687313123E-07
  1.47582781551E-07
  1.88170574233E-07
  2.27224589366E-07
  2.64533355221E-07
  2.99900875689E-07
  3.33147681886E-07
  3.64111514273E-07
  3.92647706349E-07
  4.18629753085E-07
  4.41949396190E-07
  4.62516879907E-07
  4.80260837321E-07
  4.95128062994E-07
  5.07083314005E-07
  5.16108912052E-07
  5.22204288700E-07
  5.25385303263E-07
  5.25683560682E-07
  5.23145956777E-07
  5.17833484537E-07
  5.09820551997E-07
  4.99194641179E-07
  4.86054375415E-07
  4.70509547768E-07
  4.52679586260E-07
  4.32693070707E-07
  4.10686425312E-07
  3.86803236552E-07
  3.61193315257E-07
  3.34011758696E-07
  3.05418211610E-07
  2.75575786191E-07
  2.44650664172E-07
  2.12810931544E-07
  1.80226038538E-07
  1.47066145928E-07
  1.13501251064E-07
  7.97006478592E-08
  4.58323725638E-08
  1.20623937505E-08
 -2.14457696046E-08
 -5.45316964917E-08
 -8.70386429597E-08
 -1.18813986205E-07
 -1.49709833863E-07
 -1.79583452109E-07
 -2.08297819881E-07
 -2.35722040998E-07
 -2.61731997853E-07
 -2.86210507738E-07
 -3.09048203917E-07
 -3.30143592464E-07
 -3.49403876498E-07
 -3.66745013025E-07
 -3.82092366635E-07
 -3.95381192675E-07
 -4.06556694088E-07
 -4.15574788803E-07
 -4.22401996047E-07
 -4.27016203730E-07
 -4.29406583180E-07
 -4.29573816518E-07
 -4.27530494562E-07
 -4.23300917873E-07
 -4.16921523083E-07
 -4.08440484989E-07
 -3.97917744976E-07
 -3.85425039440E-07
 -3.71045473457E-07
 -3.54873151309E-07
 -3.37013148055E-07
 -3.17580486353E-07
 -2.96700108038E-07
 -2.74505765674E-07
 -2.51139653074E-07
 -2.26751424748E-07
 -2.01497400099E-07
 -1.75539426550E-07
 -1.49044069531E-07
 -1.22181418760E-07
 -9.51239798042E-08
 -6.80455016777E-08
 -4.11197085270E-08
 -1.45191112466E-08
  1.15863008077E-08
  3.70302899455E-08
  6.16516757646E-08
  8.52955466257E-08
  1.07814493333E-07
  1.29069775312E-07
  1.48932471689E-07
  1.67284468944E-07
  1.84019526728E-07
  1.99044109195E-07
  2.12278251865E-07
  2.23656101639E-07
  2.33126684179E-07
  2.40654230765E-07
  2.46218519351E-07
  2.49815087727E-07
  2.51455219313E-07
  2.51165857890E-07
  2.48989550755E-07
  2.44983766606E-07
  2.39220526055E-07
  2.31785776350E-07
  2.22778552939E-07
  2.12310041547E-07
  2.00502569214E-07
  1.87488467418E-07
  1.73408764681E-07
  1.58411921802E-07
  1.42652368140E-07
  1.26289094737E-07
  1.09484048494E-07
  9.24006542391E-08
  7.52021875883E-08
  5.80502685921E-08
  4.11032381464E-08
  2.45147031563E-08
  8.43200975709E-09
 -7.00514624086E-09
 -2.16660627217E-08
 -3.54302649441E-08
 -4.81886885950E-08
 -5.98446163735E-08
 -7.03146483261E-08
 -7.95294425870E-08
 -8.74342802604E-08
 -9.39895556940E-08
 -9.91710962239E-08
 -1.02970197702E-07
 -1.05393738181E-07
 -1.06463808436E-07
 -1.06217505902E-07
 -1.04706302295E-07
 -1.01995432544E-07
 -9.81630492447E-08
 -9.32992350045E-08
 -8.75049721571E-08
 -8.08908851013E-08
 -7.35758973747E-08
 -6.56859171499E-08
 -5.73522740410E-08
 -4.87102376212E-08
 -3.98973760696E-08
 -3.10519965296E-08
 -2.23115073084E-08
 -1.38108102732E-08
 -5.68071767404E-09
  1.95356331112E-09
  8.97392471444E-09
  1.52707375634E-08
  2.07441761546E-08
  2.53053684673E-08
  2.88775190427E-08
  3.13968016030E-08
  3.28131726235E-08
  3.30910232549E-08
  3.22095772276E-08
  3.01633242827E-08
  2.69620752391E-08
  2.26308909390E-08
  1.72100058649E-08
  1.07542552641E-08
  3.33272209829E-09
 -4.97208674233E-09
 -1.40651765790E-08
 -2.38399042729E-08
 -3.41792443237E-08
 -4.49570976002E-08
 -5.60395996274E-08
 -6.72866065088E-08
 -7.85533913472E-08
 -8.96920369087E-08
 -1.00553400273E-07
 -1.10988501945E-07
 -1.20850486951E-07
 -1.29996251985E-07
 -1.38288058338E-07
 -1.45595208778E-07
 -1.51795660486E-07
 -1.56777417715E-07
 -1.60439938668E-07
 -1.62695428685E-07
 -1.63470119219E-07
 -1.62704935747E-07
 -1.60356734114E-07
 -1.56398698437E-07
 -1.50821009015E-07
 -1.43631226024E-07
 -1.34854303724E-07
 -1.24532718360E-07
 -1.12726105783E-07
 -9.95110838176E-08
 -8.49804990821E-08
 -6.92427732929E-08
 -5.24209475827E-08
 -3.46516522143E-08
 -1.60838364849E-08
  3.12253090051E-09
  2.27980265777E-08
  4.27653290558E-08
  6.28408685088E-08
  8.28367276995E-08
  1.02562331961E-07
  1.21826261079E-07
  1.40438473295E-07
  1.58211875601E-07
  1.74964313260E-07
  1.90520395904E-07
  2.04713373364E-07
  2.17386897816E-07
  2.28396416446E-07
  2.37610876752E-07
  2.44914275527E-07
  2.50206682040E-07
  2.53405431749E-07
  2.54446320014E-07
  2.53283985785E-07
  2.49892877946E-07
  2.44267653216E-07
  2.36423318256E-07
  2.26395229674E-07
  2.14239108232E-07
  2.00030683573E-07
  1.83865054737E-07
  1.65856192780E-07
  1.46135789691E-07
  1.24852391536E-07
  1.02170176319E-07
  7.82674973721E-08
  5.33354089782E-08
  2.75760569934E-08
  1.20093612832E-09
 -2.55709640129E-08
 -5.25150127828E-08
 -7.94029801909E-08
 -1.06004947042E-07
 -1.32091415139E-07
 -1.57435252390E-07
 -1.81813803124E-07
 -2.05010735499E-07
 -2.26818045235E-07
 -2.47038030921E-07
 -2.65484629836E-07
 -2.81985649053E-07
 -2.96383916520E-07
 -3.08538716354E-07
 -3.18327352034E-07
 -3.25645942212E-07
 -3.30410330207E-07
 -3.32557334559E-07
 -3.32044862716E-07
 -3.28852308940E-07
 -3.22981321688E-07
 -3.14455036232E-07
 -3.03318785200E-07
 -2.89638961704E-07
 -2.73503161452E-07
 -2.55019074302E-07
 -2.34313617398E-07
 -2.11532238836E-07
 -1.86837326055E-07
 -1.60407225280E-07
 -1.32434479383E-07
 -1.03124577322E-07
 -7.26940072582E-08
 -4.13686223055E-08
 -9.38185706900E-09
  2.30272867441E-08
  5.56160379972E-08
  8.81399060404E-08
  1.20354542332E-07
  1.52017761934E-07
  1.82891398026E-07
  2.12743202610E-07
  2.41348658392E-07
  2.68492726718E-07
  2.93971481824E-07
  3.17593702448E-07
  3.39182264497E-07
  3.58575476866E-07
  3.75628303573E-07
  3.90213472201E-07
  4.02222013918E-07
  4.11564684555E-07
  4.18171936190E-07
  4.21994457156E-07
  4.23003882588E-07
  4.21192225986E-07
  4.16572333961E-07
  4.09177516758E-07
  3.99060979817E-07
  3.86295710086E-07
  3.70973253894E-07
  3.53203574832E-07
  3.33113490569E-07
  3.10845905460E-07
  2.86558730522E-07
  2.60423519194E-07
  2.32623975194E-07
  2.03354744599E-07
  1.72819795807E-07
  1.41230913187E-07
  1.08806084143E-07
  7.57679998742E-08
  4.23422967799E-08
  8.75592665039E-09
 -2.47643043849E-08
 -5.79934287259E-08
 -9.07098609559E-08
 -1.22696874882E-07
 -1.53744068143E-07
 -1.83648737107E-07
 -2.12217116768E-07
 -2.39265744995E-07
 -2.64622400437E-07
 -2.88127353087E-07
 -3.09634003770E-07
 -3.29010049427E-07
 -3.46137966289E-07
 -3.60915549891E-07
 -3.73256654029E-07
 -3.83091247613E-07
 -3.90365926251E-07
 -3.95043969093E-07
 -3.97105253569E-07
 -3.96546283810E-07
 -3.93379991692E-07
 -3.87635395782E-07
 -3.79357260272E-07
 -3.68605554968E-07
 -3.55454972123E-07
 -3.39994215892E-07
 -3.22325348634E-07
 -3.02562881416E-07
 -2.80833148736E-07
 -2.57273200077E-07
 -2.32029918834E-07
 -2.05259240715E-07
 -1.77124846346E-07
 -1.47797450722E-07
 -1.17453474502E-07
 -8.62742837171E-08
 -5.44448859330E-08
 -2.21530633837E-08
  1.04116404387E-08
  4.30591207135E-08
  7.55994733481E-08
  1.07844108754E-07
  1.39606697758E-07
  1.70703941649E-07
  2.00956591812E-07
  2.30190210004E-07
  2.58235985484E-07
  2.84931388705E-07
  3.10121151870E-07
  3.33657510510E-07
  3.55401169827E-07
  3.75221787863E-07
  3.92998344978E-07
  4.08619911241E-07
  4.21985845378E-07
  4.33006221101E-07
  4.41602310275E-07
  4.47706838713E-07
  4.51264128287E-07
  4.52230523251E-07
  4.50574333399E-07
  4.46276345656E-07
  4.39329539859E-07
  4.29739515084E-07
  4.17524148588E-07
  4.02713965286E-07
  3.85351938803E-07
  3.65493349364E-07
  3.43205726949E-07
  3.18568879720E-07
  2.91674297159E-07
  2.62625491132E-07
  2.31537072182E-07
  1.98534991114E-07
  1.63755956351E-07
  1.27346993395E-07
  8.94651392969E-08
  5.02768173760E-08
  9.95740734311E-09
 -3.13094012938E-08
 -7.33321456892E-08
 -1.15912420995E-07
 -1.58845537612E-07
 -2.01921238840E-07
 -2.44924677872E-07
 -2.87637163865E-07
 -3.29837149593E-07
 -3.71301297264E-07
 -4.11805359590E-07
 -4.51125231393E-07
 -4.89038313845E-07
 -5.25324196587E-07
 -5.59766590413E-07
 -5.92153355683E-07
 -6.22278889750E-07
 -6.49944865927E-07
 -6.74960972447E-07
 -6.97147186202E-07
 -7.16334113804E-07
 -7.32364469513E-07
 -7.45094610011E-07
 -7.54395045988E-07
 -7.60152204293E-07
 -7.62268712151E-07
 -7.60665159305E-07
 -7.55280439080E-07
 -7.46073055780E-07
 -7.33021295218E-07
 -7.16124191058E-07
 -6.95402206929E-07
 -6.70897293276E-07
 -6.42673569473E-07
 -6.10816755398E-07
 -5.75435024075E-07
 -5.36658433248E-07
 -4.94638698001E-07
 -4.49548792858E-07
 -4.01582184395E-07
 -3.50952433337E-07
 -2.97892057688E-07
 -2.42651509552E-07
 -1.85498038263E-07
 -1.26714326143E-07
 -6.65969821512E-08
 -5.45493961113E-09
  5.63922348817E-08
  1.18616213740E-07
  1.80881983169E-07
  2.42849637289E-07
  3.04176779764E-07
  3.64520474250E-07
  4.23539717076E-07
  4.80897483612E-07
  5.36263087270E-07
  5.89314424815E-07
  6.39740505903E-07
  6.87243243647E-07
  7.31539898879E-07
  7.72365069679E-07
  8.09472851415E-07
  8.42638485210E-07
  8.71660063240E-07
  8.96360575098E-07
  9.16589158351E-07
  9.32221951189E-07
  9.43163854572E-07
  9.49349043822E-07
  9.50741707584E-07
  9.47336729951E-07
  9.39159406244E-07
  9.26266181978E-07
  9.08743857053E-07
  8.86709187853E-07
  8.60308830397E-07
  8.29717464512E-07
  7.95137225396E-07
  7.56796509904E-07
  7.14947589131E-07
  6.69865926284E-07
  6.21847391358E-07
  5.71206214772E-07
  5.18273225225E-07
  4.63392694883E-07
  4.06920491969E-07
  3.49220812268E-07
  2.90663962232E-07
  2.31623189961E-07
  1.72472084614E-07
  1.13581727135E-07
  5.53178765017E-08
 -1.96182603496E-09
 -5.79104728615E-08
 -1.12194605606E-07
 -1.64496611887E-07
 -2.14517129393E-07
 -2.61977305627E-07
 -3.06620819401E-07
 -3.48215479562E-07
 -3.86555342402E-07
 -4.21461891165E-07
 -4.52784860272E-07
 -4.80403912206E-07
 -5.04228637510E-07
 -5.24199322172E-07
 -5.40287089734E-07
 -5.52493645500E-07
 -5.60851106002E-07
 -5.65421260035E-07
 -5.66294545479E-07
 -5.63589082958E-07
 -5.57449368443E-07
 -5.48044624793E-07
 -5.35566755389E-07
 -5.20229036738E-07
 -5.02262992086E-07
 -4.81917027173E-07
 -4.59453332269E-07
 -4.35145892652E-07
 -4.09277305380E-07
 -3.82136676080E-07
 -3.54016435722E-07
 -3.25210010033E-07
 -2.96008920486E-07
 -2.66700254770E-07
 -2.37563995142E-07
 -2.08870716278E-07
 -1.80879140999E-07
 -1.53833838112E-07
 -1.27963417640E-07
 -1.03478349445E-07
 -8.05696629413E-08
 -5.94070677096E-08
 -4.01380724213E-08
 -2.28868017871E-08
 -7.75322028801E-09
  5.18734433186E-09
  1.58844724041E-08
  2.43126780930E-08
  3.04711385013E-08
  3.43833441718E-08
  3.60963490209E-08
  3.56797009715E-08
  3.32245164714E-08
  2.88419883532E-08
  2.26618936949E-08
  1.48309311498E-08
  5.51083889633E-09
 -5.12357134497E-09
 -1.68864957573E-08
 -2.95832514041E-08
 -4.30125659534E-08
 -5.69687870211E-08
 -7.12441945439E-08
 -8.56311643815E-08
 -9.99244917921E-08
 -1.13923498191E-07
 -1.27434105934E-07
 -1.40270856264E-07
 -1.52258749608E-07
 -1.63234943784E-07
 -1.73050352714E-07
 -1.81570882773E-07
 -1.88679024404E-07
 -1.94274377918E-07
 -1.98274804575E-07
 -2.00616923962E-07
 -2.01256455057E-07
 -2.00168429387E-07
 -1.97347205244E-07
 -1.92806098198E-07
 -1.86577025829E-07
 -1.78709868237E-07
 -1.69271515915E-07
 -1.58344931833E-07
 -1.46028028780E-07
 -1.32432234068E-07
 -1.17681111078E-07
 -1.01908831596E-07
 -8.52583568189E-08
 -6.78799452203E-08
 -4.99292269751E-08
 -3.15653458927E-08
 -1.29492789824E-08
  5.75806824443E-09
  2.43975648573E-08
  4.28136850417E-08
  6.08560881687E-08
  7.83812126315E-08
  9.52537746457E-08
  1.11348036569E-07
  1.26549110746E-07
  1.40753982691E-07
  1.53872377950E-07
  1.65827614751E-07
  1.76557051645E-07
  1.86012599102E-07
  1.94160904243E-07
  2.00983365062E-07
  2.06475988307E-07
  2.10649275800E-07
  2.13527428627E-07
  2.15148020288E-07
  2.15561101413E-07
  2.14828304479E-07
  2.13021792206E-07
  2.10223248587E-07
  2.06522415169E-07
  2.02016039452E-07
  1.96806396957E-07
  1.90999770666E-07
  1.84705214679E-07
  1.78033047860E-07
  1.71093333279E-07
  1.63994556601E-07
  1.56842304477E-07
  1.49737886090E-07
  1.42777139445E-07
  1.36049393973E-07
  1.29636276824E-07
  1.23610931269E-07
  1.18037256414E-07
  1.12969132715E-07
  1.08449995651E-07
  1.04512459131E-07
  1.01178059708E-07
  9.84572423590E-08
  9.63494031225E-08
  9.48430525227E-08
  9.39163129487E-08
  9.35372526101E-08
  9.36646031846E-08
  9.42484490452E-08
  9.52311225433E-08
  9.65480495552E-08
  9.81288224011E-08
  9.98982727651E-08
  1.01777608563E-07
  1.03685543706E-07
  1.05539534445E-07
  1.07256951765E-07
  1.08756289308E-07
  1.09958293137E-07
  1.10787112817E-07
  1.11171324590E-07
  1.11045018514E-07
  1.10348636895E-07
  1.09029812734E-07
  1.07044179742E-07
  1.04355876829E-07
  1.00938109426E-07
  9.67735473978E-08
  9.18545168815E-08
  8.61832063492E-08
  7.97715671297E-08
  7.26412494600E-08
  6.48232827416E-08
  5.63578055335E-08
  4.72933976425E-08
  3.76865791907E-08
  2.76011249412E-08
  1.71071885546E-08
  6.28044460882E-09
 -4.79879869175E-09
 -1.60466715471E-08
 -2.73767923886E-08
 -3.87012342173E-08
 -4.99317636127E-08
 -6.09807813134E-08
 -7.17624430990E-08
 -8.21937788942E-08
 -9.21955489730E-08
 -1.01693302668E-07
 -1.10618181282E-07
 -1.18907813373E-07
 -1.26506876086E-07
 -1.33367876742E-07
 -1.39451529435E-07
 -1.44727280826E-07
 -1.49173430941E-07
 -1.52777460016E-07
 -1.55536028501E-07
 -1.57454820737E-07
 -1.58548473905E-07
 -1.58840194331E-07
 -1.58361345370E-07
 -1.57150978453E-07
 -1.55255136747E-07
 -1.52726173042E-07
 -1.49621968148E-07
 -1.46005078250E-07
 -1.41941754350E-07
 -1.37501046993E-07
 -1.32753797288E-07
 -1.27771585312E-07
 -1.22625678500E-07
 -1.17386143472E-07
 -1.12120716267E-07
 -1.06893878637E-07
 -1.01766012506E-07
 -9.67924265183E-08
 -9.20226312928E-08
 -8.74996715083E-08
 -8.32594153621E-08
 -7.93301069280E-08
 -7.57319256195E-08
 -7.24766948679E-08
 -6.95676618534E-08
 -6.69994477676E-08
 -6.47580975510E-08
 -6.28212362130E-08
 -6.11583672594E-08
 -5.97312137529E-08
 -5.84942938531E-08
 -5.73955034611E-08
 -5.63767841300E-08
 -5.53749650578E-08
 -5.43226050809E-08
 -5.31489412481E-08
 -5.17808409484E-08
 -5.01439139100E-08
 -4.81635211713E-08
 -4.57658515529E-08
 -4.28790869478E-08
 -3.94343828702E-08
 -3.53669982189E-08
 -3.06173149056E-08
 -2.51317935351E-08
 -1.88639006637E-08
 -1.17749534567E-08
 -3.83490927902E-09
  4.97699081947E-09
  1.46716470084E-08
  2.52495819808E-08
  3.67006371960E-08
  4.90037166401E-08
  6.21266877943E-08
  7.60263105803E-08
  9.06485055907E-08
  1.05928471328E-07
  1.21791117635E-07
  1.38151605711E-07
  1.54915824169E-07
  1.71981227481E-07
  1.89237567838E-07
  2.06567833061E-07
  2.23849212944E-07
  2.40954136643E-07
  2.57751395338E-07
  2.74107350151E-07
  2.89886997962E-07
  3.04955307229E-07
  3.19178496966E-07
  3.32425003080E-07
  3.44567069988E-07
  3.55481660108E-07
  3.65051533890E-07
  3.73166784584E-07
  3.79725378252E-07
  3.84634432748E-07
  3.87810956681E-07
  3.89182730487E-07
  3.88689045394E-07
  3.86281129749E-07
  3.81922802717E-07
  3.75590929025E-07
  3.67275447388E-07
  3.56979825256E-07
  3.44720803014E-07
  3.30528564518E-07
  3.14446424454E-07
  2.96530629385E-07
  2.76849931424E-07
  2.55485048228E-07
  2.32528108768E-07
  2.08082042263E-07
  1.82259753956E-07
  1.55183315087E-07
  1.26983110249E-07
  9.77969278892E-08
  6.77688660744E-08
  3.70484762868E-08
  5.78959324926E-09
 -2.58506460682E-08
 -5.77128531631E-08
 -8.96365079939E-08
 -1.21460914215E-07
 -1.53026292082E-07
 -1.84174751894E-07
 -2.14751224803E-07
 -2.44604450472E-07
 -2.73587801303E-07
 -3.01559964555E-07
 -3.28385993953E-07
 -3.53937934960E-07
 -3.78095137421E-07
 -4.00745278739E-07
 -4.21784619675E-07
 -4.41118459094E-07
 -4.58661588709E-07
 -4.74338463619E-07
 -4.88083685468E-07
 -4.99841917190E-07
 -5.09568167217E-07
 -5.17227704222E-07
 -5.22796199220E-07
 -5.26259668732E-07
 -5.27614361090E-07
 -5.26866529071E-07
 -5.24032202520E-07
 -5.19137245192E-07
 -5.12216843163E-07
 -5.03315447986E-07
 -4.92486094572E-07
 -4.79790458030E-07
 -4.65298313657E-07
 -4.49087139032E-07
 -4.31241886645E-07
 -4.11854273352E-07
 -3.91022695112E-07
 -3.68851544863E-07
 -3.45450928307E-07
 -3.20936152320E-07
 -2.95427184938E-07
 -2.69048314294E-07
 -2.41927494926E-07
 -2.14196020920E-07
 -1.85987957479E-07
 -1.57439529858E-07
 -1.28688668610E-07
 -9.98744553726E-08
 -7.11364975814E-08
 -4.26144275423E-08
 -1.44472940278E-08
  1.32271127384E-08
  4.02728019822E-08
  6.65562680524E-08
  9.19470934946E-08
  1.16318680909E-07
  1.39548788525E-07
  1.61520347319E-07
  1.82121993930E-07
  2.01248809617E-07
  2.18802952645E-07
  2.34694368828E-07
  2.48841388384E-07
  2.61171294369E-07
  2.71620876902E-07
  2.80137243180E-07
  2.86677988015E-07
  2.91211932790E-07
  2.93719409683E-07
  2.94192659567E-07
  2.92636201493E-07
  2.89067003223E-07
  2.83514566490E-07
  2.76021324908E-07
  2.66642160796E-07
  2.55444859931E-07
  2.42509429427E-07
  2.27928140362E-07
  2.11805144090E-07
  1.94255903807E-07
  1.75406626113E-07
  1.55393735213E-07
  1.34363034476E-07
  1.12468782731E-07
  8.98729837218E-08
  6.67441142355E-08
  4.32562465846E-08
  1.95877341014E-08
 -4.07989464435E-09
 -2.75633240676E-08
 -5.06787287691E-08
 -7.32430862627E-08
 -9.50756557927E-08
 -1.15999320371E-07
 -1.35841972337E-07
 -1.54437955757E-07
 -1.71629352508E-07
 -1.87267417573E-07
 -2.01213708806E-07
 -2.13341394328E-07
 -2.23536446242E-07
 -2.31698521702E-07
 -2.37742099785E-07
 -2.41597291506E-07
 -2.43210394046E-07
 -2.42544814455E-07
 -2.39581254391E-07
 -2.34318292769E-07
 -2.26772328915E-07
 -2.16977824152E-07
 -2.04987102848E-07
 -1.90870082406E-07
 -1.74713918000E-07
 -1.56622448344E-07
 -1.36715371468E-07
 -1.15127470224E-07
 -9.20076246302E-08
 -6.75177602716E-08
 -4.18314165529E-08
 -1.51325796338E-08
  1.23857875067E-08
  4.05233002709E-08
  6.90738559683E-08
  9.78271259555E-08
  1.26570384396E-07
  1.55090063458E-07
  1.83173796131E-07
  2.10611872831E-07
  2.37199159869E-07
  2.62736620016E-07
  2.87033117274E-07
  3.09906766915E-07
  3.31186754465E-07
  3.50714344677E-07
  3.68344473145E-07
  3.83946712645E-07
  3.97406495267E-07
  4.08625851378E-07
  4.17524120166E-07
  4.24038859137E-07
  4.28125900953E-07
  4.29759865028E-07
  4.28934100682E-07
  4.25660829251E-07
  4.19970689336E-07
  4.11912566278E-07
  4.01552938456E-07
  3.88975195165E-07
  3.74278727122E-07
  3.57578272769E-07
  3.39002298233E-07
  3.18692315204E-07
  2.96801232480E-07
  2.73491991720E-07
  2.48936402159E-07
  2.23313094239E-07
  1.96806453800E-07
  1.69604561506E-07
  1.41898098605E-07
  1.13878101615E-07
  8.57350030969E-08
  5.76565675203E-08
  2.98266549237E-08
  2.42357733882E-09
 -2.43810749367E-08
 -5.04239245913E-08
 -7.55509361738E-08
 -9.96184894575E-08
 -1.22494327570E-07
 -1.44058546425E-07
 -1.64204195130E-07
 -1.82837951002E-07
 -1.99880489049E-07
 -2.15266894088E-07
 -2.28946802849E-07
 -2.40884389768E-07
 -2.51058310141E-07
 -2.59461558016E-07
 -2.66101011448E-07
 -2.70996906693E-07
 -2.74182383464E-07
 -2.75702831232E-07
 -2.75614866041E-07
 -2.73985648391E-07
 -2.70892002163E-07
 -2.66419164063E-07
 -2.60660016238E-07
 -2.53713693610E-07
 -2.45684844913E-07
 -2.36682026866E-07
 -2.26816979421E-07
 -2.16203332570E-07
 -2.04955526328E-07
 -1.93187631226E-07
 -1.81012580924E-07
 -1.68540921663E-07
 -1.55880016450E-07
 -1.43133277675E-07
 -1.30399243403E-07
 -1.17770980523E-07
 -1.05335445255E-07
 -9.31730212983E-08
 -8.13570011360E-08
 -6.99533018178E-08
 -5.90202517969E-08
 -4.86083848728E-08
 -3.87604330854E-08
 -2.95113053994E-08
 -2.08882298125E-08
 -1.29109167801E-08
 -5.59186918991E-09
  1.06340358741E-09
  7.05580305294E-09
  1.23924586148E-08
  1.70859788540E-08
  2.11541824058E-08
  2.46193270215E-08
  2.75076939005E-08
  2.98489020167E-08
  3.16754515950E-08
  3.30219798172E-08
  3.39247350212E-08
  3.44211770198E-08
  3.45491883991E-08
  3.43467547737E-08
  3.38514603015E-08
  3.31000080678E-08
  3.21278932347E-08
  3.09690015854E-08
  2.96554496515E-08
  2.82171601640E-08
  2.66818460659E-08
  2.50747529407E-08
  2.34186412484E-08
  2.17337561281E-08
  2.00378131865E-08
  1.83460322489E-08
  1.66712741390E-08
  1.50241579178E-08
  1.34132189800E-08
  1.18451115583E-08
  1.03248174455E-08
  8.85588935517E-09
  7.44068362479E-09
  6.08061867524E-09
  4.77642148056E-09
  3.52841134088E-09
  2.33667285521E-09
  1.20133358816E-09
  1.22847856887E-10
 -8.97987406656E-10
 -1.85974646794E-09
 -2.76022094070E-09
 -3.59642116088E-09
 -4.36440616980E-09
 -5.05924946381E-09
 -5.67508839922E-09
 -6.20515683281E-09
 -6.64174404363E-09
 -6.97639901404E-09
 -7.20005255417E-09
 -7.30306615182E-09
 -7.27555304891E-09
 -7.10755942990E-09
 -6.78911948881E-09
 -6.31072882840E-09
 -5.66347546638E-09
 -4.83929163408E-09
 -3.83125797754E-09
 -2.63382760046E-09
 -1.24307331095E-09
  3.43051725915E-10
  2.12451323200E-09
  4.09899847398E-09
  6.26174578855E-09
  8.60539906000E-09
  1.11198907859E-08
  1.37923974464E-08
  1.66072862129E-08
  1.95461069552E-08
  2.25876615190E-08
  2.57081325117E-08
  2.88811463633E-08
  3.20779669494E-08
  3.52677815840E-08
  3.84178910906E-08
  4.14939798077E-08
  4.44606023109E-08
  4.72813823649E-08
  4.99194641179E-08
  5.23379739548E-08
  5.45003899788E-08
  5.63710464974E-08
  5.79155283731E-08
  5.91012430107E-08
  5.98977578647E-08
  6.02773368996E-08
  6.02153278351E-08
  5.96906346573E-08
  5.86860444685E-08
  5.71886431544E-08
  5.51901173651E-08
  5.26870422846E-08
  4.96811125572E-08
  4.61793376871E-08
  4.21941948048E-08
  3.77436606414E-08
  3.28513038994E-08
  2.75461680133E-08
  2.18627675963E-08
  1.58407917894E-08
  9.52505807561E-09
  2.96506619257E-09
 -3.78522280187E-09
 -1.06678799128E-08
 -1.76213497127E-08
 -2.45810554134E-08
 -3.14798391798E-08
 -3.82486113892E-08
 -4.48169750200E-08
 -5.11138082970E-08
 -5.70680036560E-08
 -6.26090965739E-08
 -6.76680045331E-08
 -7.21776842738E-08
 -7.60738814165E-08
 -7.92957592921E-08
