 -4.22993471147E-05
 -4.19347088609E-05
 -4.15712856920E-05
 -4.12091758335E-05
 -4.08484775107E-05
 -4.04892962251E-05
 -4.01317083742E-05
 -3.97758085455E-05
 -3.94216694986E-05
 -3.90693712689E-05
 -3.87189757021E-05
 -3.83705519198E-05
 -3.80241544917E-05
 -3.76798343495E-05
 -3.73376278731E-05
 -3.69975823560E-05
 -3.66597232642E-05
 -3.63240651495E-05
 -3.59906443919E-05
 -3.56594682671E-05
 -3.53305476892E-05
 -3.50038862962E-05
 -3.46794950019E-05
 -3.43573701684E-05
 -3.40375154337E-05
 -3.37199198839E-05
 -3.34045980708E-05
 -3.30915354425E-05
 -3.27807356371E-05
 -3.24722059304E-05
 -3.21659426845E-05
 -3.18619713653E-05
 -3.15602846968E-05
 -3.12609081448E-05
 -3.09638635372E-05
 -3.06691727019E-05
 -3.03768701997E-05
 -3.00869905914E-05
 -2.97995775327E-05
 -2.95146710414E-05
 -2.92323275062E-05
 -2.89525924018E-05
 -2.86755348498E-05
 -2.84012021439E-05
 -2.81296706817E-05
 -2.78610023088E-05
 -2.75952570519E-05
 -2.73325058515E-05
 -2.70728178293E-05
 -2.68162439170E-05
 -2.65628441412E-05
 -2.63126930804E-05
 -2.60658252955E-05
 -2.58222898992E-05
 -2.55821378232E-05
 -2.53453927144E-05
 -2.51120800385E-05
 -2.48822125286E-05
 -2.46558065555E-05
 -2.44328584813E-05
 -2.42133592110E-05
 -2.39972723648E-05
 -2.37845888478E-05
 -2.35752577282E-05
 -2.33692298934E-05
 -2.31664489547E-05
 -2.29668512475E-05
 -2.27703658311E-05
 -2.25769090321E-05
 -2.23863971769E-05
 -2.21987447730E-05
 -2.20138590521E-05
 -2.18316417886E-05
 -2.16520020331E-05
 -2.14748415601E-05
 -2.13000712392E-05
 -2.11275983020E-05
 -2.09573481698E-05
 -2.07892353501E-05
 -2.06231961783E-05
 -2.04591615329E-05
 -2.02970877581E-05
 -2.01369239221E-05
 -1.99786463781E-05
 -1.98222332983E-05
 -1.96676774067E-05
 -1.95149896172E-05
 -1.93641863007E-05
 -1.92153038370E-05
 -1.90683822439E-05
 -1.89234797290E-05
 -1.87806672329E-05
 -1.86400175153E-05
 -1.85016269825E-05
 -1.83655829460E-05
 -1.82320000022E-05
 -1.81009781954E-05
 -1.79726357601E-05
 -1.78470872925E-05
 -1.77244492079E-05
 -1.76048361027E-05
 -1.74883552972E-05
 -1.73751250259E-05
 -1.72652362380E-05
 -1.71587853401E-05
 -1.70558505488E-05
 -1.69565118995E-05
 -1.68608166859E-05
 -1.67688140209E-05
 -1.66805330082E-05
 -1.65959791047E-05
 -1.65151577676E-05
 -1.64380417118E-05
 -1.63645927387E-05
 -1.62947544595E-05
 -1.62284577527E-05
 -1.61656116688E-05
 -1.61061161634E-05
 -1.60498457262E-05
 -1.59966730280E-05
 -1.59464561875E-05
 -1.58990405907E-05
 -1.58542643476E-05
 -1.58119655680E-05
 -1.57719732670E-05
 -1.57341164595E-05
 -1.56982187036E-05
 -1.56641199283E-05
 -1.56316564244E-05
 -1.56006717589E-05
 -1.55710258696E-05
 -1.55425859703E-05
 -1.55152283696E-05
 -1.54888548423E-05
 -1.54633762577E-05
 -1.54387325892E-05
 -1.54148710863E-05
 -1.53917626449E-05
 -1.53694036271E-05
 -1.53478013090E-05
 -1.53269975272E-05
 -1.53070432134E-05
 -1.52880111273E-05
 -1.52699922182E-05
 -1.52530956257E-05
 -1.52374368554E-05
 -1.52231541506E-05
 -1.52103921209E-05
 -1.51993026520E-05
 -1.51900385390E-05
 -1.51827607624E-05
 -1.51776212078E-05
 -1.51747735799E-05
 -1.51743633978E-05
 -1.51765216287E-05
 -1.51813737830E-05
 -1.51890171765E-05
 -1.51995427586E-05
 -1.52130132847E-05
 -1.52294642248E-05
 -1.52489074026E-05
 -1.52713291754E-05
 -1.52966895257E-05
 -1.53249093273E-05
 -1.53558867169E-05
 -1.53894889081E-05
 -1.54255485540E-05
 -1.54638801177E-05
 -1.55042525876E-05
 -1.55464294949E-05
 -1.55901343533E-05
 -1.56350815814E-05
 -1.56809655891E-05
 -1.57274589583E-05
 -1.57742379088E-05
 -1.58209641086E-05
 -1.58672919497E-05
 -1.59128885571E-05
 -1.59574319696E-05
 -1.60006038641E-05
 -1.60421022883E-05
 -1.60816598509E-05
 -1.61190218932E-05
 -1.61539701367E-05
 -1.61863245012E-05
 -1.62159376487E-05
 -1.62427040777E-05
 -1.62665746757E-05
 -1.62875385286E-05
 -1.63056320162E-05
 -1.63209479069E-05
 -1.63336280821E-05
 -1.63438708114E-05
 -1.63519162015E-05
 -1.63580643857E-05
 -1.63626464200E-05
 -1.63660515682E-05
 -1.63687109307E-05
 -1.63710756169E-05
 -1.63736476679E-05
 -1.63769473147E-05
 -1.63815184351E-05
 -1.63879049069E-05
 -1.63966815308E-05
 -1.64083994605E-05
 -1.64236225828E-05
 -1.64428820426E-05
 -1.64666980709E-05
 -1.64955599757E-05
 -1.65299152286E-05
 -1.65701640071E-05
 -1.66166555573E-05
 -1.66696954693E-05
 -1.67294983839E-05
 -1.67962243722E-05
 -1.68699552887E-05
 -1.69506929524E-05
 -1.70383555087E-05
 -1.71327756107E-05
 -1.72336985997E-05
 -1.73407861439E-05
 -1.74536089617E-05
 -1.75716504600E-05
 -1.76943158294E-05
 -1.78209265869E-05
 -1.79507351277E-05
 -1.80829229066E-05
 -1.82166113518E-05
 -1.83508564078E-05
 -1.84846867342E-05
 -1.86170873349E-05
 -1.87470050150E-05
 -1.88733902178E-05
 -1.89951770153E-05
 -1.91113140318E-05
 -1.92207589862E-05
 -1.93225150724E-05
 -1.94156218640E-05
 -1.94991825992E-05
 -1.95723569050E-05
 -1.96343953576E-05
 -1.96846340259E-05
 -1.97225162992E-05
 -1.97476001631E-05
 -1.97595545615E-05
 -1.97581866814E-05
 -1.97434364964E-05
 -1.97153894987E-05
 -1.96742785192E-05
 -1.96204855456E-05
 -1.95545471797E-05
 -1.94771491806E-05
 -1.93891337403E-05
 -1.92914994841E-05
 -1.91853760043E-05
 -1.90720529645E-05
 -1.89529309864E-05
 -1.88295598491E-05
 -1.87035875570E-05
 -1.85767821677E-05
 -1.84509881365E-05
 -1.83281354111E-05
 -1.82102248800E-05
 -1.80992938112E-05
 -1.79974194907E-05
 -1.79066901183E-05
 -1.78291902557E-05
 -1.77669899131E-05
 -1.77221063495E-05
 -1.76965077117E-05
 -1.76920730155E-05
 -1.77105976036E-05
 -1.77537549462E-05
 -1.78230839083E-05
 -1.79199796548E-05
 -1.80456609087E-05
 -1.82011772267E-05
 -1.83873744390E-05
 -1.86048873729E-05
 -1.88541325770E-05
 -1.91352937691E-05
 -1.94483218365E-05
 -1.97929093702E-05
 -2.01684979402E-05
 -2.05742762773E-05
 -2.10091675399E-05
 -2.14718511415E-05
 -2.19607336476E-05
 -2.24739833357E-05
 -2.30095101870E-05
 -2.35650040850E-05
 -2.41378984356E-05
 -2.47254374699E-05
 -2.53246471402E-05
 -2.59323787759E-05
 -2.65452963504E-05
 -2.71599292319E-05
 -2.77726685454E-05
 -2.83797944576E-05
 -2.89775016427E-05
 -2.95619265671E-05
 -3.01291620417E-05
 -3.06752990582E-05
 -3.11964322464E-05
 -3.16887053486E-05
 -3.21483275911E-05
 -3.25716209773E-05
 -3.29550093738E-05
 -3.32950912707E-05
 -3.35886361427E-05
 -3.38326208293E-05
 -3.40242477250E-05
 -3.41609957104E-05
 -3.42406019627E-05
 -3.42611201631E-05
 -3.42209386872E-05
 -3.41187660524E-05
 -3.39536782121E-05
 -3.37251512974E-05
 -3.34330143232E-05
 -3.30775255861E-05
 -3.26593362843E-05
 -3.21795123455E-05
 -3.16395453410E-05
 -3.10413270199E-05
 -3.03871802316E-05
 -2.96798298223E-05
 -2.89223989967E-05
 -2.81183911284E-05
 -2.72716970358E-05
 -2.63865440502E-05
 -2.54675014730E-05
 -2.45194423769E-05
 -2.35475326917E-05
 -2.25571675401E-05
 -2.15539803321E-05
 -2.05437809200E-05
 -1.95325283130E-05
 -1.85262906598E-05
 -1.75311979547E-05
 -1.65533965628E-05
 -1.55990255735E-05
 -1.46741513163E-05
 -1.37847246151E-05
 -1.29365425892E-05
 -1.21351931739E-05
 -1.13860132842E-05
 -1.06940442492E-05
 -1.00639845186E-05
 -9.50014782575E-06
 -9.00642498891E-06
 -8.58623934619E-06
 -8.24251856102E-06
 -7.97766369942E-06
 -7.79349738877E-06
 -7.69126745581E-06
 -7.67161873227E-06
 -7.73455485614E-06
 -7.87945555203E-06
 -8.10504752735E-06
 -8.40941174829E-06
 -8.78999162524E-06
 -9.24359665078E-06
 -9.76641058514E-06
 -1.03540342025E-05
 -1.10014734673E-05
 -1.17032132039E-05
 -1.24532352856E-05
 -1.32450504680E-05
 -1.40717675094E-05
 -1.49261322804E-05
 -1.58005987032E-05
 -1.66873687704E-05
 -1.75784807652E-05
 -1.84658583748E-05
 -1.93413980014E-05
 -2.01970378839E-05
 -2.10248181247E-05
 -2.18169770960E-05
 -2.25660169235E-05
 -2.32647817029E-05
 -2.39065320784E-05
 -2.44850052695E-05
 -2.49944969255E-05
 -2.54299284279E-05
 -2.57868850895E-05
 -2.60617180174E-05
 -2.62515313807E-05
 -2.63542842731E-05
 -2.63687925326E-05
 -2.62947760348E-05
 -2.61328696070E-05
 -2.58846357610E-05
 -2.55525737884E-05
 -2.51401088462E-05
 -2.46515937761E-05
 -2.40922672674E-05
 -2.34682120208E-05
 -2.27863492910E-05
 -2.20543406613E-05
 -2.12805553019E-05
 -2.04740099434E-05
 -1.96442488232E-05
 -1.88013054867E-05
 -1.79555790965E-05
 -1.71177398443E-05
 -1.62986452779E-05
 -1.55091984197E-05
 -1.47602595462E-05
 -1.40625343192E-05
 -1.34264355438E-05
 -1.28619840325E-05
 -1.23786821860E-05
 -1.19854203149E-05
 -1.16903447633E-05
 -1.15007542263E-05
 -1.14230088002E-05
 -1.14624399430E-05
 -1.16232577057E-05
 -1.19084661492E-05
 -1.23198215078E-05
 -1.28577557916E-05
 -1.35213394969E-05
 -1.43082597788E-05
 -1.52147886183E-05
 -1.62357955560E-05
 -1.73647495103E-05
 -1.85937296919E-05
 -1.99134992727E-05
 -2.13135372178E-05
 -2.27820946748E-05
 -2.43063132075E-05
 -2.58722793660E-05
 -2.74651647487E-05
 -2.90693242277E-05
 -3.06684451061E-05
 -3.22456762660E-05
 -3.37837773259E-05
 -3.52652823494E-05
 -3.66726599168E-05
 -3.79884877475E-05
 -3.91955763916E-05
 -4.02772275265E-05
 -4.12173176301E-05
 -4.20005235355E-05
 -4.26124424848E-05
 -4.30397849414E-05
 -4.32704946434E-05
 -4.32939123129E-05
 -4.31008775195E-05
 -4.26838705607E-05
 -4.20370852225E-05
 -4.11565342802E-05
 -4.00400967919E-05
 -3.86875872209E-05
 -3.71007699869E-05
 -3.52833667421E-05
 -3.32410490955E-05
 -3.09814167849E-05
 -2.85139212792E-05
 -2.58497930190E-05
 -2.30019722949E-05
 -1.99849509954E-05
 -1.68146652868E-05
 -1.35083328132E-05
 -1.00842680695E-05
 -6.56169640934E-06
 -2.96055236504E-06
  6.98740166172E-07
  4.39550058218E-06
  8.10903475212E-06
  1.18188772831E-05
  1.55050365720E-05
  1.91482577065E-05
  2.27302771236E-05
  2.62340618065E-05
  2.96440648526E-05
  3.29464710376E-05
  3.61293823516E-05
  3.91830726585E-05
  4.21001859650E-05
  4.48758692073E-05
  4.75079832540E-05
  4.99971974932E-05
  5.23471353517E-05
  5.45644215890E-05
  5.66587805224E-05
  5.86430287512E-05
  6.05330787948E-05
  6.23479209025E-05
  6.41095466563E-05
  6.58428471070E-05
  6.75754927215E-05
  6.93377733114E-05
  7.11623870302E-05
  7.30842730263E-05
  7.51402767492E-05
  7.73689898779E-05
  7.98103137640E-05
  8.25052920845E-05
  8.54956379044E-05
  8.88234353624E-05
  9.25307394937E-05
  9.66592633631E-05
  1.01249890577E-04
  1.06342318759E-04
  1.11974695756E-04
  1.18183153972E-04
  1.25001490233E-04
  1.32460729219E-04
  1.40588803333E-04
  1.49410188897E-04
  1.58945505973E-04
  1.69211401953E-04
  1.80220042239E-04
  1.91979008378E-04
  2.04491036129E-04
  2.17753884499E-04
  2.31760117458E-04
  2.46497016633E-04
  2.61946581304E-04
  2.78085499303E-04
  2.94884957839E-04
  3.12311167363E-04
  3.30325070536E-04
  3.48882487742E-04
  3.67934728274E-04
  3.87428328395E-04
  4.07305749832E-04
  4.27505292464E-04
  4.47961880127E-04
  4.68607264338E-04
  4.89370257128E-04
  5.10177458636E-04
  5.30953751877E-04
  5.51622360945E-04
  5.72106160689E-04
  5.92327443883E-04
  6.12208852544E-04
  6.31673843600E-04
  6.50647154544E-04
  6.69055676553E-04
  6.86828338075E-04
  7.03897443600E-04
  7.20198499039E-04
  7.35671026632E-04
  7.50259088818E-04
  7.63911230024E-04
  7.76581815444E-04
  7.88230099715E-04
  7.98821914941E-04
  8.08328739367E-04
  8.16728919744E-04
  8.24007147457E-04
  8.30154865980E-04
  8.35170212667E-04
  8.39058600832E-04
  8.41831963044E-04
  8.43509042170E-04
  8.44115158543E-04
  8.43682268169E-04
  8.42248497065E-04
  8.39857850224E-04
  8.36560153402E-04
  8.32410412841E-04
  8.27468640637E-04
  8.21799214464E-04
  8.15470528323E-04
  8.08554410469E-04
  8.01125715952E-04
  7.93261802755E-04
  7.85041600466E-04
  7.76545552071E-04
  7.67854624428E-04
  7.59049842600E-04
  7.50211882405E-04
  7.41420022678E-04
  7.32752319891E-04
  7.24284094758E-04
  7.16088165063E-04
  7.08233972546E-04
  7.00787233654E-04
  6.93809357472E-04
  6.87356980052E-04
  6.81481789798E-04
  6.76230178215E-04
  6.71642657835E-04
  6.67753687594E-04
  6.64591963869E-04
  6.62179489154E-04
  6.60531863105E-04
  6.59658340737E-04
  6.59561599605E-04
  6.60237914417E-04
  6.61676982418E-04
  6.63862447254E-04
  6.66772131808E-04
  6.70377572533E-04
  6.74645067193E-04
  6.79535791278E-04
  6.85005681589E-04
  6.91006542183E-04
  6.97485927958E-04
  7.04387901351E-04
  7.11653206963E-04
  7.19219970051E-04
  7.27024336811E-04
  7.35000532586E-04
  7.43081851397E-04
  7.51200772356E-04
  7.59289599955E-04
  7.67281628214E-04
  7.75110267568E-04
  7.82710965723E-04
  7.90020800196E-04
  7.96978827566E-04
  8.03527596872E-04
  8.09612160083E-04
  8.15181352664E-04
  8.20187851787E-04
  8.24588350952E-04
  8.28343967441E-04
  8.31420649774E-04
  8.33789003082E-04
  8.35424463730E-04
  8.36307706777E-04
  8.36424413137E-04
  8.35765386000E-04
  8.34326783661E-04
  8.32109304611E-04
  8.29119118862E-04
  8.25366762001E-04
  8.20867775474E-04
  8.15641891677E-04
  8.09713150375E-04
  8.03109433036E-04
  7.95862171799E-04
  7.88006524090E-04
  7.79580092058E-04
  7.70623679273E-04
  7.61179777328E-04
  7.51293206122E-04
  7.41010357160E-04
  7.30378436856E-04
  7.19445466530E-04
  7.08260224201E-04
  6.96871080436E-04
  6.85326289386E-04
  6.73673173878E-04
  6.61958300043E-04
  6.50226604193E-04
  6.38521509245E-04
  6.26884342637E-04
  6.15354219917E-04
  6.03968161158E-04
  5.92760043219E-04
  5.81761123613E-04
  5.70999865886E-04
  5.60501241125E-04
  5.50287368242E-04
  5.40376931895E-04
  5.30785298906E-04
  5.21524634678E-04
  5.12603903189E-04
  5.04028517753E-04
  4.95801097713E-04
  4.87920886371E-04
  4.80384449475E-04
  4.73185442388E-04
  4.66314930236E-04
  4.59761475213E-04
  4.53511485830E-04
  4.47549129603E-04
  4.41857031547E-04
  4.36415954027E-04
  4.31205466157E-04
  4.26203914685E-04
  4.21388976974E-04
  4.16737486375E-04
  4.12225956097E-04
  4.07830637414E-04
  4.03528072638E-04
  3.99294949602E-04
  3.95108480006E-04
  3.90946574043E-04
  3.86788102333E-04
  3.82612954127E-04
  3.78402182832E-04
  3.74138238840E-04
  3.69805115042E-04
  3.65388259524E-04
  3.60874924809E-04
  3.56254051439E-04
  3.51516326191E-04
  3.46654385794E-04
  3.41662555002E-04
  3.36537021212E-04
  3.31275776261E-04
  3.25878645526E-04
  3.20347025990E-04
  3.14684119076E-04
  3.08894581394E-04
  3.02984495647E-04
  2.96961341519E-04
  2.90833821055E-04
  2.84611800453E-04
  2.78305960819E-04
  2.71928030998E-04
  2.65490292804E-04
  2.59005581029E-04
  2.52487225225E-04
  2.45948700467E-04
  2.39403656451E-04
  2.32865742873E-04
  2.26348449360E-04
  2.19864916289E-04
  2.13427891140E-04
  2.07049641176E-04
  2.00741793378E-04
  1.94515145267E-04
  1.88379781321E-04
  1.82344883797E-04
  1.76418601768E-04
  1.70608152985E-04
  1.64919591043E-04
  1.59358009114E-04
  1.53927307110E-04
  1.48630293552E-04
  1.43468656461E-04
  1.38443021569E-04
  1.33552923216E-04
  1.28796862555E-04
  1.24172322103E-04
  1.19675925816E-04
  1.15303366329E-04
  1.11049550469E-04
  1.06908657472E-04
  1.02874248114E-04
  9.89392574411E-05
  9.50961912167E-05
  9.13371623028E-05
  8.76540070749E-05
  8.40383363538E-05
  8.04816590971E-05
  7.69754915382E-05
  7.35113790142E-05
  7.00810705894E-05
  6.66765190545E-05
  6.32900046185E-05
  5.99142076680E-05
  5.65422415093E-05
  5.31677360414E-05
  4.97848923260E-05
  4.63885226054E-05
  4.29740757681E-05
  3.95376955566E-05
  3.60762242053E-05
  3.25872169924E-05
  2.90689586109E-05
  2.55204577115E-05
  2.19414469029E-05
  1.83323554666E-05
  1.46942957144E-05
  1.10290375233E-05
  7.33897786631E-06
  3.62709215551E-06
 -1.03109137228E-07
 -3.84761506211E-06
 -7.60198145144E-06
 -1.13613768917E-05
 -1.51206440933E-05
 -1.88743633771E-05
 -2.26168849622E-05
 -2.63424390141E-05
 -3.00451538351E-05
 -3.37191304425E-05
 -3.73585171474E-05
 -4.09575259255E-05
 -4.45105288236E-05
 -4.80121016153E-05
 -5.14570310770E-05
 -5.48404022993E-05
 -5.81576423428E-05
 -6.14045202383E-05
 -6.45772233838E-05
 -6.76723138895E-05
 -7.06868304405E-05
 -7.36182555556E-05
 -7.64645374147E-05
 -7.92240898591E-05
 -8.18958287709E-05
 -8.44790774863E-05
 -8.69736759341E-05
 -8.93799006008E-05
 -9.16984572541E-05
 -9.39304227359E-05
 -9.60773031693E-05
 -9.81409175438E-05
 -1.00123485026E-04
 -1.02027413959E-04
 -1.03855454654E-04
 -1.05610517494E-04
 -1.07295745693E-04
 -1.08914398879E-04
 -1.10469823994E-04
 -1.11965469841E-04
 -1.13404799777E-04
 -1.14791277156E-04
 -1.16128307127E-04
 -1.17419229355E-04
 -1.18667288916E-04
 -1.19875592645E-04
 -1.21047036373E-04
 -1.22184414067E-04
 -1.23290243209E-04
 -1.24366837554E-04
 -1.25416307128E-04
 -1.26440485474E-04
 -1.27440929646E-04
 -1.28418949316E-04
 -1.29375621327E-04
 -1.30311760586E-04
 -1.31227876409E-04
 -1.32124288939E-04
 -1.33001056383E-04
 -1.33858033223E-04
 -1.34694826556E-04
 -1.35510927066E-04
 -1.36305607157E-04
 -1.37077993713E-04
 -1.37827126309E-04
 -1.38551898999E-04
 -1.39251147630E-04
 -1.39923678944E-04
 -1.40568212373E-04
 -1.41183540109E-04
 -1.41768381582E-04
 -1.42321572639E-04
 -1.42841963680E-04
 -1.43328521517E-04
 -1.43780271173E-04
 -1.44196397741E-04
 -1.44576159073E-04
 -1.44919016748E-04
 -1.45224534208E-04
 -1.45492449519E-04
 -1.45722733578E-04
 -1.45915415487E-04
 -1.46070742630E-04
 -1.46189166117E-04
 -1.46271268022E-04
 -1.46317790495E-04
 -1.46329635754E-04
 -1.46307851537E-04
 -1.46253631101E-04
 -1.46168255014E-04
 -1.46053149365E-04
 -1.45909783896E-04
 -1.45739744767E-04
 -1.45544647239E-04
 -1.45326164784E-04
 -1.45085985423E-04
 -1.44825797179E-04
 -1.44547258969E-04
 -1.44252015161E-04
 -1.43941651913E-04
 -1.43617726280E-04
 -1.43281649798E-04
 -1.42934790347E-04
 -1.42578355735E-04
 -1.42213495565E-04
 -1.41841155710E-04
 -1.41462209285E-04
 -1.41077369335E-04
 -1.40687188832E-04
 -1.40292031574E-04
 -1.39892130392E-04
 -1.39487674460E-04
 -1.39078489156E-04
 -1.38664428960E-04
 -1.38245115522E-04
 -1.37820126838E-04
 -1.37388764415E-04
 -1.36950387969E-04
 -1.36504153488E-04
 -1.36049129651E-04
 -1.35584370582E-04
 -1.35108813993E-04
 -1.34621368488E-04
 -1.34120942676E-04
 -1.33606401505E-04
 -1.33076580823E-04
 -1.32530418341E-04
 -1.31966837216E-04
 -1.31384789711E-04
 -1.30783329951E-04
 -1.30161584821E-04
 -1.29518768517E-04
 -1.28854182549E-04
 -1.28167244839E-04
 -1.27457518829E-04
 -1.26724655274E-04
 -1.25968494103E-04
 -1.25188962556E-04
 -1.24386162497E-04
 -1.23560341308E-04
 -1.22711891891E-04
 -1.21841316286E-04
 -1.20949283883E-04
 -1.20036616863E-04
 -1.19104231999E-04
 -1.18153191579E-04
 -1.17184652481E-04
 -1.16199895274E-04
 -1.15200273285E-04
 -1.14187212603E-04
 -1.13162270281E-04
 -1.12126974273E-04
 -1.11082925287E-04
 -1.10031789518E-04
 -1.08975160401E-04
 -1.07914718683E-04
 -1.06852065073E-04
 -1.05788814835E-04
 -1.04726510472E-04
 -1.03666650830E-04
 -1.02610640170E-04
 -1.01559846371E-04
 -1.00515528175E-04
 -9.94787988020E-05
 -9.84507423709E-05
 -9.74322538241E-05
 -9.64241553447E-05
 -9.54271090450E-05
 -9.44416751736E-05
 -9.34682393563E-05
 -9.25070999074E-05
 -9.15583805181E-05
 -9.06220957404E-05
 -8.96981291589E-05
 -8.87862406671E-05
 -8.78860373632E-05
 -8.69970754138E-05
 -8.61187581904E-05
 -8.52504017530E-05
 -8.43912639539E-05
 -8.35404716781E-05
 -8.26971372589E-05
 -8.18602784420E-05
 -8.10288984212E-05
 -8.02019567345E-05
 -7.93784056441E-05
 -7.85571683082E-05
 -7.77371897129E-05
 -7.69174366724E-05
 -7.60968832765E-05
 -7.52745399950E-05
 -7.44495191611E-05
 -7.36209403840E-05
 -7.27880105842E-05
 -7.19500167179E-05
 -7.11063185008E-05
 -7.02563920640E-05
 -6.93997790222E-05
 -6.85361592332E-05
 -6.76652925904E-05
 -6.67870554025E-05
 -6.59014331177E-05
 -6.50085275993E-05
 -6.41085352981E-05
 -6.32017836324E-05
 -6.22886800556E-05
 -6.13697411609E-05
 -6.04456072324E-05
 -5.95169549342E-05
 -5.85845918977E-05
 -5.76493875997E-05
 -5.67122733628E-05
 -5.57742459932E-05
 -5.48363459529E-05
 -5.38996828254E-05
 -5.29653661943E-05
 -5.20345529367E-05
 -5.11083853780E-05
 -5.01880313095E-05
 -4.92746439704E-05
 -4.83693402202E-05
 -4.74732369184E-05
 -4.65873963549E-05
 -4.57128517155E-05
 -4.48505488748E-05
 -4.40013973275E-05
 -4.31662265328E-05
 -4.23457895522E-05
 -4.15407412220E-05
 -4.07516781706E-05
 -3.99790769734E-05
 -3.92233341699E-05
 -3.84847262467E-05
 -3.77634387405E-05
 -3.70595662389E-05
 -3.63730832760E-05
 -3.57038661605E-05
 -3.50516929757E-05
 -3.44162435795E-05
 -3.37971068802E-05
 -3.31937699229E-05
 -3.26056433551E-05
 -3.20320614264E-05
 -3.14722710755E-05
 -3.09254755848E-05
 -3.03908072965E-05
 -2.98673348880E-05
 -2.93541088467E-05
 -2.88501360046E-05
 -2.83543940895E-05
 -2.78658553725E-05
 -2.73834830296E-05
 -2.69062420557E-05
 -2.64331247308E-05
 -2.59631160588E-05
 -2.54952701653E-05
 -2.50286557275E-05
 -2.45624014497E-05
 -2.40956906055E-05
 -2.36277774093E-05
 -2.31579797401E-05
 -2.26857027883E-05
 -2.22104299610E-05
 -2.17317392526E-05
 -2.12493032450E-05
 -2.07628872886E-05
 -2.02723622351E-05
 -1.97777080757E-05
 -1.92789939319E-05
 -1.87763980648E-05
 -1.82702115126E-05
 -1.77608180820E-05
 -1.72487052623E-05
 -1.67344551301E-05
 -1.62187370734E-05
 -1.57023168867E-05
 -1.51860413098E-05
 -1.46708280226E-05
 -1.41576620081E-05
 -1.36475873660E-05
 -1.31417045850E-05
 -1.26411541714E-05
 -1.21471148304E-05
 -1.16607861855E-05
 -1.11833760457E-05
 -1.07161022243E-05
 -1.02601825347E-05
 -9.81680568657E-06
 -9.38713219512E-06
 -8.97229620023E-06
 -8.57337545312E-06
 -8.19139131636E-06
 -7.82729694038E-06
 -7.48196998757E-06
 -7.15620899427E-06
 -6.85070881445E-06
 -6.56607016936E-06
 -6.30278736935E-06
 -6.06123967373E-06
 -5.84168992646E-06
 -5.64428091820E-06
 -5.46902992937E-06
 -5.31582691110E-06
 -5.18443766850E-06
 -5.07449567522E-06
 -4.98551207784E-06
 -4.91687205795E-06
 -4.86783756060E-06
 -4.83755547975E-06
 -4.82506266053E-06
 -4.82928953716E-06
 -4.84906377096E-06
 -4.88312934976E-06
 -4.93014431413E-06
 -4.98869621879E-06
 -5.05730940858E-06
 -5.13446047989E-06
 -5.21858419233E-06
 -5.30809029442E-06
 -5.40137580174E-06
 -5.49683500140E-06
 -5.59287582291E-06
 -5.68792620470E-06
 -5.78045455768E-06
 -5.86897385801E-06
 -5.95207120568E-06
 -6.02839236308E-06
 -6.09668131801E-06
 -6.15577573626E-06
 -6.20461651124E-06
 -6.24227095614E-06
 -6.26792643743E-06
 -6.28090128885E-06
 -6.28066209174E-06
 -6.26681367066E-06
 -6.23911364528E-06
 -6.19747606834E-06
 -6.14196505921E-06
 -6.07280571785E-06
 -5.99037502980E-06
 -5.89520413996E-06
 -5.78797471462E-06
 -5.66951212022E-06
 -5.54078042114E-06
 -5.40287464901E-06
 -5.25701443621E-06
 -5.10452900926E-06
 -4.94685491503E-06
 -4.78551510241E-06
 -4.62210755359E-06
 -4.45829664386E-06
 -4.29579858974E-06
 -4.13636098529E-06
 -3.98174734073E-06
 -3.83372798751E-06
 -3.69405893252E-06
 -3.56446844307E-06
 -3.44662976204E-06
 -3.34216792908E-06
 -3.25262408296E-06
 -3.17943977279E-06
 -3.12396036861E-06
 -3.08740595756E-06
 -3.07086315843E-06
 -3.07527443510E-06
 -3.10142308990E-06
 -3.14992416861E-06
 -3.22122218677E-06
 -3.31558067046E-06
 -3.43308079209E-06
 -3.57360841008E-06
 -3.73685270461E-06
 -3.92232732338E-06
 -4.12934014093E-06
 -4.35701804236E-06
 -4.60430283056E-06
 -4.86996168547E-06
 -5.15259762324E-06
 -5.45064494872E-06
 -5.76239881411E-06
 -6.08601476415E-06
 -6.41953874947E-06
 -6.76089939589E-06
 -7.10794392944E-06
 -7.45844636185E-06
 -7.81013022788E-06
 -8.16068495624E-06
 -8.50778269523E-06
 -8.84910332388E-06
 -9.18235673453E-06
 -9.50529556576E-06
 -9.81573884928E-06
 -1.01115938378E-05
 -1.03908705569E-05
 -1.06517063614E-05
 -1.08923777589E-05
 -1.11113149615E-05
 -1.13071255328E-05
 -1.14786080303E-05
 -1.16247565529E-05
 -1.17447698358E-05
 -1.18380785352E-05
 -1.19043334053E-05
 -1.19434180306E-05
 -1.19554524645E-05
 -1.19407886814E-05
 -1.19000251289E-05
 -1.18339839901E-05
 -1.17437230074E-05
 -1.16305182019E-05
 -1.14958520498E-05
 -1.13414189400E-05
 -1.11690942504E-05
 -1.09809325295E-05
 -1.07791402115E-05
 -1.05660665213E-05
 -1.03441752799E-05
 -1.01160385384E-05
 -9.88430201687E-06
 -9.65166509559E-06
 -9.42086262512E-06
 -9.19464309845E-06
 -8.97572317626E-06
 -8.76680041983E-06
 -8.57050144987E-06
 -8.38936739456E-06
 -8.22583388072E-06
 -8.08220465842E-06
 -7.96063613961E-06
 -7.86311102274E-06
 -7.79142374085E-06
 -7.74716590968E-06
 -7.73171177570E-06
 -7.74620093580E-06
 -7.79152742325E-06
 -7.86834152677E-06
 -7.97703251010E-06
 -8.11772042653E-06
 -8.29027339933E-06
 -8.49428488436E-06
 -8.72909367899E-06
 -8.99378483155E-06
 -9.28719873627E-06
 -9.60793113336E-06
 -9.95435766526E-06
 -1.03246466097E-05
 -1.07167661554E-05
 -1.11285025923E-05
 -1.15575003292E-05
 -1.20012564366E-05
 -1.24571624838E-05
 -1.29225127239E-05
 -1.33945441121E-05
 -1.38704372148E-05
 -1.43473762364E-05
 -1.48225481098E-05
 -1.52931716002E-05
 -1.57565264089E-05
 -1.62099768204E-05
 -1.66510017152E-05
 -1.70771945704E-05
 -1.74863180291E-05
 -1.78762948053E-05
 -1.82452440640E-05
 -1.85914850590E-05
 -1.89135589608E-05
 -1.92102379515E-05
 -1.94805379579E-05
 -1.97237222892E-05
 -1.99393034563E-05
 -2.01270631806E-05
 -2.02870305657E-05
 -2.04194930120E-05
 -2.05249834835E-05
 -2.06042841455E-05
 -2.06584081752E-05
 -2.06885852094E-05
 -2.06962486118E-05
 -2.06830445677E-05
 -2.06507666007E-05
 -2.06013792194E-05
 -2.05369669857E-05
 -2.04597399716E-05
 -2.03719882848E-05
 -2.02760638786E-05
 -2.01743660000E-05
 -2.00693066290E-05
 -1.99632886506E-05
 -1.98586785700E-05
 -1.97577919607E-05
 -1.96628589038E-05
 -1.95760021597E-05
 -1.94992335310E-05
 -1.94344102056E-05
 -1.93832238438E-05
 -1.93472005776E-05
 -1.93276682694E-05
 -1.93257455976E-05
 -1.93423456949E-05
 -1.93781415874E-05
 -1.94336025743E-05
 -1.95089414774E-05
 -1.96041510208E-05
 -1.97189983737E-05
 -1.98530069611E-05
 -2.00055019377E-05
 -2.01755738090E-05
 -2.03621330002E-05
 -2.05638934858E-05
 -2.07794000744E-05
 -2.10070338653E-05
 -2.12450559047E-05
 -2.14915908145E-05
 -2.17446795432E-05
 -2.20022793656E-05
 -2.22622984438E-05
 -2.25226176553E-05
 -2.27811142395E-05
 -2.30356672546E-05
 -2.32842048717E-05
 -2.35247189266E-05
 -2.37552721956E-05
 -2.39740475081E-05
 -2.41793313762E-05
 -2.43695631070E-05
 -2.45433329837E-05
 -2.46994040936E-05
 -2.48367214226E-05
 -2.49544282269E-05
 -2.50518678513E-05
 -2.51285928243E-05
 -2.51843666774E-05
 -2.52191712207E-05
 -2.52331919910E-05
 -2.52268418990E-05
 -2.52007284871E-05
 -2.51556575677E-05
 -2.50926368608E-05
 -2.50128377957E-05
 -2.49176027864E-05
 -2.48084252235E-05
 -2.46869331022E-05
 -2.45548617386E-05
 -2.44140519499E-05
 -2.42664173129E-05
 -2.41139332502E-05
 -2.39586061070E-05
 -2.38024585997E-05
 -2.36475025304E-05
 -2.34957333305E-05
 -2.33490845858E-05
 -2.32094334933E-05
 -2.30785553867E-05
 -2.29581401072E-05
 -2.28497392527E-05
 -2.27547807299E-05
 -2.26745250984E-05
 -2.26100837608E-05
 -2.25623898586E-05
 -2.25322055485E-05
 -2.25200928980E-05
 -2.25264248002E-05
 -2.25513977057E-05
 -2.25949879678E-05
 -2.26570009545E-05
 -2.27370564971E-05
 -2.28345797950E-05
 -2.29488359764E-05
 -2.30789210036E-05
 -2.32237816817E-05
 -2.33822320297E-05
 -2.35529496422E-05
 -2.37345229834E-05
 -2.39254277403E-05
 -2.41240741161E-05
 -2.43288195634E-05
 -2.45379724220E-05
 -2.47498319368E-05
 -2.49626809818E-05
 -2.51748224400E-05
 -2.53846046689E-05
 -2.55904014921E-05
 -2.57906776824E-05
 -2.59839634964E-05
 -2.61688910541E-05
 -2.63441907009E-05
 -2.65087237494E-05
 -2.66614697466E-05
 -2.68015519396E-05
 -2.69282299996E-05
 -2.70409091172E-05
 -2.71391600108E-05
 -2.72226807283E-05
 -2.72913330264E-05
 -2.73451278190E-05
 -2.73842142633E-05
 -2.74088761216E-05
 -2.74195390375E-05
 -2.74167323369E-05
 -2.74011144938E-05
 -2.73734331131E-05
 -2.73345231108E-05
 -2.72853085335E-05
 -2.72267570836E-05
 -2.71598910331E-05
 -2.70857763098E-05
 -2.70054824796E-05
 -2.69200827461E-05
 -2.68306594080E-05
 -2.67382529273E-05
 -2.66438783001E-05
 -2.65484941337E-05
 -2.64530026470E-05
 -2.63582387561E-05
 -2.62649555225E-05
 -2.61738132394E-05
 -2.60853885266E-05
 -2.60001579591E-05
 -2.59184816969E-05
 -2.58406325884E-05
 -2.57667688857E-05
 -2.56969487964E-05
 -2.56311286648E-05
 -2.55691647908E-05
 -2.55108170677E-05
 -2.54557726294E-05
 -2.54036222032E-05
 -2.53539001278E-05
 -2.53060843534E-05
 -2.52595946222E-05
 -2.52138161159E-05
 -2.51681121881E-05
 -2.51218298217E-05
 -2.50743178185E-05
 -2.50249358942E-05
 -2.49730692303E-05
 -2.49181393883E-05
 -2.48596152232E-05
 -2.47970201599E-05
 -2.47299594776E-05
 -2.46581093961E-05
 -2.45812279900E-05
 -2.44991733780E-05
 -2.44119000854E-05
 -2.43194717768E-05
 -2.42220503424E-05
 -2.41199122684E-05
 -2.40134431806E-05
 -2.39031323872E-05
 -2.37895692408E-05
 -2.36734504142E-05
 -2.35555635300E-05
 -2.34367762459E-05
 -2.33180380746E-05
 -2.32003676501E-05
 -2.30848363572E-05
 -2.29725592362E-05
 -2.28646895266E-05
 -2.27623877436E-05
 -2.26668325922E-05
 -2.25791809498E-05
 -2.25005678658E-05
 -2.24320920097E-05
 -2.23747956625E-05
 -2.23296556214E-05
 -2.22975704673E-05
 -2.22793332796E-05
 -2.22756461881E-05
 -2.22870839934E-05
 -2.23140905291E-05
 -2.23569895752E-05
 -2.24159448408E-05
 -2.24909817916E-05
 -2.25819676416E-05
 -2.26886204473E-05
 -2.28104909183E-05
 -2.29469842452E-05
 -2.30973364523E-05
 -2.32606507780E-05
 -2.34358722082E-05
 -2.36218238570E-05
 -2.38171814999E-05
 -2.40205190494E-05
 -2.42302940023E-05
 -2.44448783633E-05
 -2.46625604632E-05
 -2.48815649684E-05
 -2.51000692515E-05
 -2.53162143053E-05
 -2.55281356658E-05
 -2.57339634118E-05
 -2.59318512690E-05
 -2.61199911620E-05
 -2.62966223090E-05
 -2.64600676019E-05
 -2.66087317868E-05
 -2.67411196546E-05
 -2.68558524112E-05
 -2.69516986009E-05
 -2.70275522780E-05
 -2.70824693871E-05
 -2.71156677627E-05
 -2.71265380434E-05
 -2.71146582236E-05
 -2.70797700068E-05
 -2.70218188234E-05
 -2.69409374596E-05
 -2.68374369625E-05
 -2.67118120973E-05
 -2.65647449851E-05
 -2.63970941887E-05
 -2.62098783423E-05
 -2.60042761511E-05
 -2.57816245721E-05
 -2.55433824350E-05
 -2.52911413554E-05
 -2.50266002695E-05
 -2.47515581577E-05
 -2.44678794843E-05
 -2.41775069298E-05
 -2.38824177359E-05
 -2.35846200667E-05
 -2.32861420955E-05
 -2.29889919865E-05
 -2.26951669902E-05
 -2.24066170631E-05
 -2.21252394113E-05
 -2.18528621190E-05
 -2.15912223211E-05
 -2.13419607462E-05
 -2.11066035263E-05
 -2.08865549212E-05
 -2.06830827665E-05
 -2.04973130167E-05
 -2.03302297450E-05
 -2.01826460398E-05
 -2.00552203751E-05
 -1.99484475161E-05
 -1.98626603378E-05
 -1.97980280063E-05
 -1.97545523406E-05
 -1.97320732696E-05
 -1.97302761080E-05
 -1.97486951947E-05
 -1.97867284442E-05
 -1.98436355276E-05
 -1.99185487872E-05
 -2.00104859687E-05
 -2.01183574973E-05
 -2.02409883059E-05
 -2.03771160159E-05
 -2.05254127650E-05
 -2.06844961212E-05
 -2.08529345400E-05
 -2.10292837437E-05
 -2.12120630749E-05
 -2.13998064282E-05
 -2.15910440602E-05
 -2.17843371502E-05
 -2.19782705244E-05
 -2.21714835789E-05
 -2.23626502702E-05
 -2.25505245908E-05
 -2.27339296544E-05
 -2.29117486015E-05
 -2.30829755310E-05
 -2.32466718444E-05
 -2.34020044445E-05
 -2.35482293647E-05
 -2.36847081396E-05
 -2.38108950725E-05
 -2.39263536059E-05
 -2.40307417698E-05
 -2.41238103627E-05
 -2.42054120463E-05
 -2.42754795181E-05
 -2.43340473389E-05
 -2.43812264671E-05
 -2.44171951636E-05
 -2.44422117248E-05
 -2.44565926550E-05
 -2.44607199420E-05
 -2.44550192292E-05
 -2.44399598159E-05
 -2.44160492002E-05
 -2.43838239840E-05
 -2.43438371399E-05
 -2.42966671067E-05
 -2.42428959609E-05
 -2.41831003223E-05
 -2.41178677243E-05
 -2.40477675106E-05
 -2.39733599301E-05
 -2.38951815845E-05
 -2.38137490669E-05
 -2.37295625993E-05
 -2.36430805671E-05
 -2.35547449847E-05
 -2.34649523918E-05
 -2.33740793192E-05
 -2.32824659179E-05
 -2.31904177781E-05
 -2.30982077483E-05
 -2.30060832109E-05
 -2.29142642638E-05
 -2.28229328059E-05
 -2.27322598221E-05
 -2.26423835556E-05
 -2.25534313358E-05
 -2.24655104830E-05
 -2.23787119467E-05
 -2.22931266762E-05
 -2.22088328883E-05
 -2.21259033424E-05
 -2.20444180741E-05
 -2.19644407480E-05
 -2.18860714085E-05
 -2.18093919102E-05
 -2.17344968405E-05
 -2.16615044337E-05
 -2.15905311052E-05
 -2.15217205550E-05
 -2.14552164834E-05
 -2.13911935134E-05
 -2.13298280869E-05
 -2.12713166547E-05
 -2.12158684008E-05
 -2.11637070606E-05
 -2.11150545510E-05
 -2.10701600736E-05
 -2.10292691918E-05
 -2.09926238313E-05
 -2.09604859265E-05
 -2.09330974030E-05
 -2.09107038245E-05
 -2.08935416595E-05
 -2.08818364626E-05
 -2.08757937799E-05
 -2.08756064239E-05
 -2.08814435609E-05
 -2.08934470720E-05
 -2.09117333725E-05
 -2.09363897739E-05
 -2.09674653888E-05
 -2.10049820453E-05
 -2.10489106394E-05
 -2.10991984204E-05
 -2.11557398870E-05
 -2.12183931581E-05
 -2.12869763345E-05
 -2.13612602238E-05
 -2.14409774344E-05
 -2.15258132812E-05
 -2.16154221562E-05
 -2.17094093387E-05
 -2.18073510041E-05
 -2.19087869482E-05
 -2.20132169488E-05
 -2.21201262320E-05
 -2.22289636440E-05
 -2.23391634790E-05
 -2.24501327466E-05
 -2.25612693612E-05
 -2.26719639613E-05
 -2.27816035476E-05
 -2.28895605687E-05
 -2.29952238442E-05
 -2.30979912885E-05
 -2.31972662732E-05
 -2.32924721786E-05
 -2.33830505749E-05
 -2.34684794123E-05
 -2.35482530115E-05
 -2.36219111684E-05
 -2.36890227825E-05
 -2.37492022279E-05
 -2.38021038967E-05
 -2.38474294747E-05
 -2.38849315792E-05
 -2.39144137595E-05
 -2.39357195824E-05
 -2.39487635554E-05
 -2.39535020228E-05
 -2.39499513555E-05
 -2.39381715801E-05
 -2.39182918449E-05
 -2.38904776779E-05
 -2.38549582718E-05
 -2.38120028371E-05
 -2.37619387917E-05
 -2.37051208387E-05
 -2.36419582507E-05
 -2.35729039559E-05
 -2.34984272538E-05
 -2.34190520132E-05
 -2.33353093790E-05
 -2.32477723330E-05
 -2.31570211326E-05
 -2.30636596825E-05
 -2.29682973441E-05
 -2.28715616686E-05
 -2.27740674745E-05
 -2.26764368563E-05
 -2.25792846322E-05
 -2.24832183449E-05
 -2.23888237088E-05
 -2.22966755246E-05
 -2.22073231271E-05
 -2.21212903853E-05
 -2.20390684262E-05
 -2.19611247303E-05
 -2.18878867599E-05
 -2.18197437789E-05
 -2.17570468521E-05
 -2.17001033889E-05
 -2.16491716856E-05
 -2.16044809349E-05
 -2.15662039409E-05
 -2.15344625758E-05
 -2.15093368752E-05
 -2.14908650378E-05
 -2.14790325117E-05
 -2.14737810893E-05
 -2.14750107261E-05
 -2.14825740841E-05
 -2.14962838072E-05
 -2.15159197978E-05
 -2.15412128455E-05
 -2.15718700929E-05
 -2.16075641220E-05
 -2.16479329538E-05
 -2.16925964196E-05
 -2.17411488848E-05
 -2.17931701627E-05
 -2.18482164200E-05
 -2.19058365474E-05
 -2.19655794353E-05
 -2.20269739657E-05
 -2.20895599341E-05
 -2.21528825932E-05
 -2.22164799197E-05
 -2.22799171752E-05
 -2.23427650781E-05
 -2.24046088988E-05
 -2.24650593736E-05
 -2.25237490667E-05
 -2.25803360081E-05
 -2.26345073315E-05
 -2.26859738177E-05
 -2.27344880841E-05
 -2.27798373089E-05
 -2.28218304983E-05
 -2.28603294090E-05
 -2.28952212638E-05
 -2.29264369409E-05
 -2.29539418797E-05
 -2.29777342611E-05
 -2.29978522839E-05
 -2.30143778026E-05
 -2.30274126807E-05
 -2.30370951613E-05
 -2.30435980484E-05
 -2.30471268878E-05
 -2.30478945014E-05
 -2.30461519095E-05
 -2.30421719607E-05
 -2.30362329603E-05
 -2.30286404985E-05
 -2.30196947086E-05
 -2.30097175518E-05
 -2.29990273510E-05
 -2.29879424296E-05
 -2.29767829296E-05
 -2.29658508033E-05
 -2.29554498219E-05
 -2.29458637477E-05
 -2.29373563343E-05
 -2.29301804211E-05
 -2.29245506489E-05
 -2.29206725635E-05
 -2.29187135119E-05
 -2.29188117373E-05
 -2.29210818361E-05
 -2.29255874729E-05
 -2.29323741223E-05
 -2.29414472415E-05
 -2.29527722695E-05
 -2.29662819038E-05
 -2.29818779189E-05
 -2.29994220717E-05
 -2.30187379202E-05
 -2.30396308325E-05
 -2.30618607020E-05
 -2.30851655942E-05
 -2.31092617469E-05
 -2.31338381127E-05
 -2.31585636357E-05
 -2.31830927078E-05
 -2.32070633501E-05
 -2.32301063079E-05
 -2.32518523262E-05
 -2.32719230553E-05
 -2.32899401453E-05
 -2.33055397985E-05
 -2.33183709497E-05
 -2.33280807151E-05
 -2.33343525906E-05
 -2.33368846239E-05
 -2.33354039665E-05
 -2.33296668739E-05
 -2.33194550674E-05
 -2.33045957430E-05
 -2.32849488384E-05
 -2.32604197663E-05
 -2.32309485000E-05
 -2.31965259445E-05
 -2.31571848417E-05
 -2.31130052271E-05
 -2.30641089729E-05
 -2.30106670642E-05
 -2.29528995987E-05
 -2.28910630540E-05
 -2.28254648391E-05
 -2.27564414672E-05
 -2.26843822020E-05
 -2.26096999540E-05
 -2.25328494707E-05
 -2.24543146032E-05
 -2.23745919357E-05
 -2.22942144319E-05
 -2.22137241508E-05
 -2.21336795221E-05
 -2.20546480705E-05
 -2.19771973207E-05
 -2.19018984353E-05
 -2.18293116632E-05
 -2.17599881580E-05
 -2.16944663407E-05
 -2.16332591663E-05
 -2.15768595808E-05
 -2.15257259697E-05
 -2.14802912524E-05
 -2.14409465116E-05
 -2.14080337173E-05
 -2.13818711927E-05
 -2.13627117773E-05
 -2.13507719309E-05
 -2.13462062675E-05
 -2.13491239265E-05
 -2.13595812966E-05
 -2.13775729208E-05
 -2.14030478674E-05
 -2.14358879020E-05
 -2.14759329538E-05
 -2.15229665628E-05
 -2.15767158807E-05
 -2.16368625843E-05
 -2.17030465137E-05
 -2.17748565774E-05
 -2.18518453039E-05
 -2.19335197471E-05
 -2.20193633140E-05
 -2.21088321268E-05
 -2.22013422899E-05
 -2.22963008127E-05
 -2.23930965149E-05
 -2.24911109399E-05
 -2.25897110795E-05
 -2.26882657444E-05
 -2.27861437452E-05
 -2.28827284445E-05
 -2.29774159379E-05
 -2.30696095969E-05
 -2.31587455346E-05
 -2.32442762353E-05
 -2.33256923821E-05
 -2.34025119425E-05
 -2.34742856264E-05
 -2.35406187130E-05
 -2.36011419474E-05
 -2.36555406445E-05
 -2.37035364989E-05
 -2.37449112319E-05
 -2.37794920395E-05
 -2.38071534113E-05
 -2.38278189499E-05
 -2.38414704654E-05
 -2.38481279666E-05
 -2.38478714891E-05
 -2.38408247242E-05
 -2.38271586568E-05
 -2.38070897467E-05
 -2.37808762904E-05
 -2.37488111452E-05
 -2.37112381001E-05
 -2.36685245909E-05
 -2.36210762523E-05
 -2.35693223658E-05
 -2.35137231357E-05
 -2.34547533182E-05
 -2.33929131355E-05
 -2.33287137235E-05
 -2.32626716752E-05
 -2.31953144976E-05
 -2.31271733355E-05
 -2.30587738770E-05
 -2.29906472669E-05
 -2.29233010032E-05
 -2.28572462220E-05
 -2.27929667744E-05
 -2.27309392358E-05
 -2.26716092584E-05
 -2.26154024858E-05
 -2.25627154578E-05
 -2.25139283430E-05
 -2.24693685595E-05
 -2.24293471547E-05
 -2.23941333388E-05
 -2.23639635806E-05
 -2.23390325118E-05
 -2.23195002036E-05
 -2.23054812523E-05
 -2.22970593313E-05
 -2.22942744585E-05
 -2.22971229960E-05
 -2.23055685638E-05
 -2.23195293074E-05
 -2.23388906306E-05
 -2.23634979193E-05
 -2.23931656365E-05
 -2.24276627705E-05
 -2.24667401199E-05
 -2.25101084652E-05
 -2.25574440265E-05
 -2.26084157475E-05
 -2.26626470976E-05
 -2.27197488130E-05
 -2.27793152590E-05
 -2.28409262490E-05
 -2.29041343118E-05
 -2.29684974329E-05
 -2.30335554079E-05
 -2.30988443946E-05
 -2.31639078265E-05
 -2.32282782235E-05
 -2.32915026572E-05
 -2.33531318372E-05
 -2.34127292060E-05
 -2.34698691202E-05
 -2.35241477640E-05
 -2.35751776927E-05
 -2.36225932895E-05
 -2.36660634982E-05
 -2.37052754528E-05
 -2.37399490288E-05
 -2.37698350247E-05
 -2.37947260757E-05
 -2.38144402829E-05
 -2.38288484979E-05
 -2.38378470385E-05
 -2.38413776970E-05
 -2.38394277403E-05
 -2.38320171775E-05
 -2.38192187680E-05
 -2.38011343754E-05
 -2.37779186136E-05
 -2.37497642956E-05
 -2.37169006141E-05
 -2.36795895034E-05
 -2.36381383729E-05
 -2.35928946495E-05
 -2.35442221310E-05
 -2.34925264522E-05
 -2.34382350754E-05
 -2.33817972912E-05
 -2.33236914937E-05
 -2.32643960771E-05
 -2.32044185395E-05
 -2.31442736549E-05
 -2.30844689213E-05
 -2.30255209317E-05
 -2.29679444601E-05
 -2.29122397286E-05
 -2.28588960454E-05
 -2.28083899856E-05
 -2.27611708397E-05
 -2.27176642511E-05
 -2.26782703976E-05
 -2.26433512580E-05
 -2.26132306125E-05
 -2.25882013183E-05
 -2.25685016630E-05
 -2.25543262786E-05
 -2.25458243222E-05
 -2.25430903811E-05
 -2.25461735681E-05
 -2.25550629693E-05
 -2.25696949201E-05
 -2.25899566431E-05
 -2.26156716963E-05
 -2.26466181630E-05
 -2.26825286518E-05
 -2.27230666496E-05
 -2.27678647207E-05
 -2.28165026783E-05
 -2.28685203183E-05
 -2.29234210565E-05
 -2.29806701100E-05
 -2.30397090490E-05
 -2.30999485211E-05
 -2.31607828027E-05
 -2.32215897995E-05
 -2.32817419601E-05
 -2.33406080952E-05
 -2.33975606534E-05
 -2.34519739024E-05
 -2.35032512137E-05
 -2.35508014157E-05
 -2.35940733546E-05
 -2.36325340666E-05
 -2.36657051573E-05
 -2.36931391555E-05
 -2.37144377024E-05
 -2.37292624661E-05
 -2.37373224081E-05
 -2.37383901549E-05
 -2.37323019974E-05
 -2.37189597101E-05
 -2.36983360082E-05
 -2.36704599956E-05
 -2.36354408116E-05
 -2.35934567172E-05
 -2.35447496379E-05
 -2.34896342590E-05
 -2.34284816543E-05
 -2.33617392951E-05
 -2.32899019466E-05
 -2.32135262195E-05
 -2.31332160183E-05
 -2.30496243603E-05
 -2.29634442803E-05
 -2.28754070122E-05
 -2.27862656175E-05
 -2.26967986237E-05
 -2.26077972911E-05
 -2.25200656132E-05
 -2.24344039452E-05
 -2.23516035476E-05
 -2.22724484047E-05
 -2.21976952162E-05
 -2.21280697588E-05
 -2.20642650675E-05
 -2.20069250645E-05
 -2.19566572923E-05
 -2.19140074478E-05
 -2.18794484681E-05
 -2.18534041778E-05
 -2.18362183659E-05
 -2.18281638809E-05
 -2.18294371734E-05
 -2.18401492020E-05
 -2.18603399844E-05
 -2.18899513129E-05
 -2.19288485823E-05
 -2.19768244278E-05
 -2.20335732593E-05
 -2.20987294597E-05
 -2.21718328248E-05
 -2.22523631237E-05
 -2.23397219088E-05
 -2.24332616199E-05
 -2.25322619372E-05
 -2.26359588851E-05
 -2.27435448323E-05
 -2.28541684919E-05
 -2.29669549299E-05
 -2.30810001085E-05
 -2.31953945331E-05
 -2.33092123381E-05
 -2.34215367527E-05
 -2.35314601014E-05
 -2.36380910792E-05
 -2.37405729422E-05
 -2.38380744122E-05
 -2.39298133238E-05
 -2.40150584432E-05
 -2.40931276494E-05
 -2.41634079430E-05
 -2.42253554461E-05
 -2.42784954025E-05
 -2.43224385486E-05
 -2.43568738370E-05
 -2.43815720751E-05
 -2.43963913817E-05
 -2.44012899202E-05
 -2.43963004323E-05
 -2.43815502472E-05
 -2.43572540057E-05
 -2.43237100221E-05
 -2.42813075602E-05
 -2.42305031861E-05
 -2.41718316829E-05
 -2.41059078689E-05
 -2.40333956754E-05
 -2.39550263359E-05
 -2.38715838350E-05
 -2.37838848989E-05
 -2.36927917285E-05
 -2.35991992668E-05
 -2.35040079133E-05
 -2.34081362578E-05
 -2.33125138038E-05
 -2.32180464081E-05
 -2.31256399275E-05
 -2.30361692957E-05
 -2.29504839808E-05
 -2.28693861573E-05
 -2.27936361625E-05
 -2.27239415835E-05
 -2.26609427045E-05
 -2.26052161452E-05
 -2.25572694035E-05
 -2.25175244850E-05
 -2.24863269978E-05
 -2.24639425142E-05
 -2.24505383812E-05
 -2.24462019105E-05
 -2.24509276450E-05
 -2.24646137212E-05
 -2.24870818784E-05
 -2.25180501729E-05
 -2.25571711781E-05
 -2.26039937843E-05
 -2.26580068556E-05
 -2.27186174016E-05
 -2.27851669479E-05
 -2.28569315368E-05
 -2.29331344599E-05
 -2.30129589909E-05
 -2.30955320148E-05
 -2.31799622270E-05
 -2.32653273997E-05
 -2.33506907534E-05
 -2.34351100517E-05
 -2.35176485148E-05
 -2.35973730014E-05
 -2.36733721977E-05
 -2.37447729887E-05
 -2.38107259065E-05
 -2.38704360527E-05
 -2.39231540036E-05
 -2.39681976382E-05
 -2.40049430431E-05
 -2.40328481595E-05
 -2.40514400502E-05
 -2.40603385464E-05
 -2.40592453338E-05
 -2.40479494096E-05
 -2.40263398155E-05
 -2.39944019995E-05
 -2.39522105403E-05
 -2.38999382418E-05
 -2.38378597714E-05
 -2.37663334701E-05
 -2.36858140852E-05
 -2.35968436755E-05
 -2.35000497923E-05
 -2.33961363847E-05
 -2.32858819800E-05
 -2.31701287703E-05
 -2.30497898883E-05
 -2.29258166655E-05
 -2.27992150030E-05
 -2.26710235438E-05
 -2.25423118536E-05
 -2.24141695071E-05
 -2.22876860789E-05
 -2.21639620577E-05
 -2.20440833800E-05
 -2.19291177928E-05
 -2.18201075768E-05
 -2.17180459003E-05
 -2.16239004658E-05
 -2.15385643969E-05
 -2.14628726098E-05
 -2.13976036321E-05
 -2.13434377656E-05
 -2.13009752770E-05
 -2.12707400351E-05
 -2.12531467696E-05
 -2.12485065276E-05
 -2.12570430449E-05
 -2.12788545468E-05
 -2.13139464904E-05
 -2.13622079173E-05
 -2.14234187297E-05
 -2.14972533286E-05
 -2.15832751564E-05
 -2.16809421545E-05
 -2.17896231334E-05
 -2.19085759454E-05
 -2.20369802264E-05
 -2.21739210247E-05
 -2.23184160859E-05
 -2.24694031203E-05
 -2.26257652685E-05
 -2.27863238251E-05
 -2.29498673434E-05
 -2.31151407206E-05
 -2.32808670262E-05
 -2.34457675106E-05
 -2.36085415963E-05
 -2.37679087149E-05
 -2.39226046688E-05
 -2.40713943640E-05
 -2.42130772676E-05
 -2.43465146923E-05
 -2.44706152444E-05
 -2.45843602897E-05
 -2.46868203249E-05
 -2.47771422437E-05
 -2.48545657087E-05
 -2.49184395216E-05
 -2.49682216236E-05
 -2.50034754572E-05
 -2.50238917943E-05
 -2.50292741839E-05
 -2.50195535045E-05
 -2.49947934208E-05
 -2.49551758316E-05
 -2.49010026891E-05
 -2.48327160079E-05
 -2.47508614848E-05
 -2.46561139647E-05
 -2.45492610702E-05
 -2.44311850111E-05
 -2.43028807745E-05
 -2.41654270212E-05
 -2.40199933614E-05
 -2.38678185269E-05
 -2.37102030951E-05
 -2.35485076701E-05
 -2.33841310546E-05
 -2.32184993365E-05
 -2.30530640692E-05
 -2.28892840823E-05
 -2.27286036534E-05
 -2.25724543270E-05
 -2.24222349061E-05
 -2.22793023568E-05
 -2.21449517994E-05
 -2.20204219659E-05
 -2.19068606384E-05
 -2.18053410208E-05
 -2.17168308154E-05
 -2.16421867663E-05
 -2.15821528400E-05
 -2.15373511310E-05
 -2.15082691284E-05
 -2.14952724491E-05
 -2.14985757339E-05
 -2.15182571992E-05
 -2.15542531805E-05
 -2.16063508560E-05
 -2.16742082557E-05
 -2.17573269765E-05
 -2.18550849240E-05
 -2.19667181227E-05
 -2.20913407247E-05
 -2.22279504669E-05
 -2.23754286708E-05
 -2.25325584324E-05
 -2.26980264415E-05
 -2.28704448091E-05
 -2.30483492487E-05
 -2.32302209042E-05
 -2.34144972637E-05
 -2.35995939875E-05
 -2.37838958128E-05
 -2.39657947532E-05
 -2.41436828219E-05
 -2.43159975071E-05
 -2.44811963057E-05
 -2.46378058364E-05
 -2.47844127443E-05
 -2.49196782534E-05
 -2.50423636317E-05
 -2.51513320109E-05
 -2.52455538430E-05
 -2.53241341852E-05
 -2.53862981481E-05
 -2.54314218182E-05
 -2.54590104305E-05
 -2.54687383858E-05
 -2.54604128713E-05
 -2.54340156971E-05
 -2.53896741924E-05
 -2.53276739386E-05
 -2.52484551311E-05
 -2.51526034845E-05
 -2.50408611464E-05
 -2.49140903179E-05
 -2.47733078140E-05
 -2.46196359512E-05
 -2.44543189183E-05
 -2.42786954914E-05
 -2.40942008531E-05
 -2.39023465838E-05
 -2.37047097471E-05
 -2.35029201576E-05
 -2.32986294577E-05
 -2.30935311265E-05
 -2.28893059102E-05
 -2.26876400120E-05
 -2.24901905312E-05
 -2.22985727305E-05
 -2.21143509407E-05
 -2.19390167331E-05
 -2.17739907384E-05
 -2.16205917241E-05
 -2.14800365939E-05
 -2.13534276554E-05
 -2.12417362491E-05
 -2.11458063859E-05
 -2.10663329199E-05
 -2.10038688238E-05
 -2.09588106372E-05
 -2.09314002859E-05
 -2.09217214433E-05
 -2.09297104448E-05
 -2.09551271837E-05
 -2.09975896723E-05
 -2.10565685848E-05
 -2.11313781620E-05
 -2.12212125916E-05
 -2.13251132664E-05
 -2.14420233533E-05
 -2.15707605093E-05
 -2.17100478039E-05
 -2.18585246330E-05
 -2.20147430809E-05
 -2.21772206714E-05
 -2.23444039875E-05
 -2.25147159654E-05
 -2.26865613513E-05
 -2.28583503485E-05
 -2.30284986174E-05
 -2.31954509218E-05
 -2.33576902247E-05
 -2.35137649724E-05
 -2.36622836383E-05
 -2.38019329117E-05
 -2.39315086219E-05
 -2.40498902713E-05
 -2.41560937866E-05
 -2.42492333200E-05
 -2.43285703618E-05
 -2.43935010076E-05
 -2.44435523200E-05
 -2.44784059760E-05
 -2.44978873525E-05
 -2.45019691647E-05
 -2.44907732849E-05
 -2.44645598286E-05
 -2.44237380684E-05
 -2.43688446062E-05
 -2.43005633820E-05
 -2.42196801992E-05
 -2.41271081904E-05
 -2.40238678089E-05
 -2.39110668190E-05
 -2.37899075728E-05
 -2.36616542679E-05
 -2.35276329477E-05
 -2.33892205870E-05
 -2.32478250837E-05
 -2.31048743444E-05
 -2.29618017329E-05
 -2.28200369747E-05
 -2.26809806918E-05
 -2.25460080401E-05
 -2.24164359679E-05
 -2.22935377678E-05
 -2.21785085159E-05
 -2.20724541578E-05
 -2.19763969653E-05
 -2.18912646233E-05
 -2.18178629439E-05
 -2.17568904191E-05
 -2.17089218495E-05
 -2.16744101635E-05
 -2.16536718654E-05
 -2.16468997678E-05
 -2.16541466216E-05
 -2.16753433051E-05
 -2.17102806346E-05
 -2.17586257349E-05
 -2.18199256778E-05
 -2.18936020246E-05
 -2.19789762923E-05
 -2.20752499445E-05
 -2.21815316763E-05
 -2.22968556045E-05
 -2.24201558012E-05
 -2.25503135880E-05
 -2.26861429837E-05
 -2.28264198086E-05
 -2.29698798648E-05
 -2.31152316701E-05
 -2.32611855608E-05
 -2.34064391407E-05
 -2.35497100221E-05
 -2.36897303694E-05
 -2.38252760028E-05
 -2.39551627601E-05
 -2.40782665060E-05
 -2.41935285885E-05
 -2.42999485636E-05
 -2.43966242124E-05
 -2.44827369897E-05
 -2.45575683948E-05
 -2.46204908763E-05
 -2.46709896601E-05
 -2.47086536547E-05
 -2.47331918217E-05
 -2.47444131674E-05
 -2.47422540269E-05
 -2.47267435043E-05
 -2.46980489464E-05
 -2.46564195550E-05
 -2.46022245847E-05
 -2.45359351538E-05
 -2.44581060542E-05
 -2.43694012170E-05
 -2.42705482378E-05
 -2.41623656621E-05
 -2.40457320615E-05
 -2.39215951297E-05
 -2.37909443968E-05
 -2.36548221437E-05
 -2.35142997553E-05
 -2.33704759012E-05
 -2.32244619838E-05
 -2.30773766816E-05
 -2.29303368542E-05
 -2.27844466281E-05
 -2.26407955779E-05
 -2.25004350796E-05
 -2.23643837671E-05
 -2.22336202569E-05
 -2.21090595005E-05
 -2.19915673370E-05
 -2.18819423026E-05
 -2.17809174501E-05
 -2.16891403397E-05
 -2.16071912291E-05
 -2.15355576074E-05
 -2.14746578422E-05
 -2.14248066186E-05
 -2.13862440432E-05
 -2.13591101783E-05
 -2.13434686884E-05
 -2.13392850128E-05
 -2.13464500121E-05
 -2.13647617784E-05
 -2.13939401874E-05
 -2.14336323552E-05
 -2.14834035432E-05
 -2.15427535295E-05
 -2.16111220652E-05
 -2.16878852370E-05
 -2.17723645619E-05
 -2.18638360820E-05
 -2.19615340029E-05
 -2.20646616071E-05
 -2.21723821596E-05
 -2.22838461923E-05
 -2.23981896852E-05
 -2.25145322474E-05
 -2.26319989451E-05
 -2.27497130254E-05
 -2.28668104683E-05
 -2.29824490816E-05
 -2.30958048633E-05
 -2.32060792769E-05
 -2.33125192608E-05
 -2.34144008573E-05
 -2.35110492213E-05
 -2.36018404394E-05
 -2.36861978919E-05
 -2.37636049860E-05
 -2.38336069742E-05
 -2.38958054979E-05
 -2.39498731389E-05
 -2.39955443249E-05
 -2.40326298808E-05
 -2.40610006585E-05
 -2.40806039074E-05
 -2.40914469032E-05
 -2.40936187765E-05
 -2.40872632276E-05
 -2.40725985350E-05
 -2.40499011852E-05
 -2.40195186052E-05
 -2.39818473347E-05
 -2.39373384829E-05
 -2.38865050051E-05
 -2.38299035118E-05
 -2.37681306317E-05
 -2.37018211919E-05
 -2.36316518567E-05
 -2.35583211179E-05
 -2.34825547523E-05
 -2.34050949075E-05
 -2.33266928262E-05
 -2.32481052080E-05
 -2.31701033044E-05
 -2.30934329011E-05
 -2.30188397836E-05
 -2.29470479098E-05
 -2.28787630476E-05
 -2.28146564041E-05
 -2.27553682635E-05
 -2.27014970733E-05
 -2.26536012633E-05
 -2.26121846936E-05
 -2.25776966545E-05
 -2.25505336857E-05
 -2.25310341193E-05
 -2.25194562518E-05
 -2.25160074478E-05
 -2.25208150368E-05
 -2.25339481403E-05
 -2.25553867494E-05
 -2.25850490096E-05
 -2.26227766689E-05
 -2.26683423534E-05
 -2.27214441111E-05
 -2.27817090490E-05
 -2.28487042477E-05
 -2.29219258472E-05
 -2.30008117796E-05
 -2.30847417697E-05
 -2.31730427913E-05
 -2.32649981626E-05
 -2.33598475461E-05
 -2.34567887674E-05
 -2.35550014622E-05
 -2.36536307057E-05
 -2.37518142967E-05
 -2.38486736635E-05
 -2.39433320530E-05
 -2.40349181695E-05
 -2.41225698119E-05
 -2.42054520641E-05
 -2.42827481998E-05
 -2.43536851485E-05
 -2.44175280386E-05
 -2.44735929300E-05
 -2.45212413574E-05
 -2.45599094342E-05
 -2.45890951192E-05
 -2.46083618549E-05
 -2.46173622145E-05
 -2.46158160735E-05
 -2.46035342570E-05
 -2.45804185397E-05
 -2.45464452746E-05
 -2.45016926783E-05
 -2.44463280978E-05
 -2.43805989157E-05
 -2.43048525590E-05
 -2.42195201281E-05
 -2.41251145781E-05
 -2.40222252614E-05
 -2.39115324803E-05
 -2.37937765633E-05
 -2.36697615037E-05
 -2.35403640545E-05
 -2.34065028053E-05
 -2.32691490964E-05
 -2.31293106481E-05
 -2.29880224651E-05
 -2.28463504754E-05
 -2.27053642448E-05
 -2.25661424338E-05
 -2.24297527893E-05
 -2.22972612391E-05
 -2.21696973313E-05
 -2.20480651478E-05
 -2.19333378482E-05
 -2.18264212890E-05
 -2.17281758523E-05
 -2.16393964365E-05
 -2.15608051803E-05
 -2.14930460061E-05
 -2.14366828004E-05
 -2.13921885006E-05
 -2.13599414565E-05
 -2.13402217923E-05
 -2.13332186831E-05
 -2.13390085264E-05
 -2.13575749513E-05
 -2.13888015423E-05
 -2.14324500121E-05
 -2.14882074943E-05
 -2.15556465264E-05
 -2.16342486965E-05
 -2.17234119191E-05
 -2.18224449782E-05
 -2.19305693463E-05
 -2.20469482883E-05
 -2.21706650336E-05
 -2.23007518798E-05
 -2.24361920118E-05
 -2.25759195018E-05
 -2.27188411372E-05
 -2.28638309636E-05
 -2.30097648455E-05
 -2.31554950005E-05
 -2.32998863794E-05
 -2.34418221225E-05
 -2.35801981034E-05
 -2.37139465753E-05
 -2.38420416281E-05
 -2.39635064645E-05
 -2.40774133999E-05
 -2.41829038714E-05
 -2.42791957135E-05
 -2.43655667873E-05
 -2.44413949986E-05
 -2.45061328314E-05
 -2.45593273576E-05
 -2.46006220550E-05
 -2.46297477133E-05
 -2.46465424425E-05
 -2.46509316639E-05
 -2.46429481194E-05
 -2.46227118623E-05
 -2.45904484473E-05
 -2.45464616455E-05
 -2.44911552727E-05
 -2.44250095420E-05
 -2.43485865212E-05
 -2.42625246756E-05
 -2.41675297730E-05
 -2.40643712459E-05
 -2.39538585447E-05
 -2.38368702412E-05
 -2.37143140112E-05
 -2.35871266341E-05
 -2.34562758124E-05
 -2.33227456192E-05
 -2.31875274039E-05
 -2.30516070587E-05
 -2.29159686569E-05
 -2.27815853577E-05
 -2.26493993978E-05
 -2.25203348236E-05
 -2.23952756642E-05
 -2.22750531975E-05
 -2.21604695980E-05
 -2.20522670134E-05
 -2.19511275645E-05
 -2.18576769839E-05
 -2.17724718823E-05
 -2.16960143007E-05
 -2.16287135117E-05
 -2.15709333133E-05
 -2.15229483729E-05
 -2.14849696931E-05
 -2.14571355173E-05
 -2.14395113289E-05
 -2.14320953091E-05
 -2.14348165173E-05
 -2.14475367102E-05
 -2.14700612560E-05
 -2.15021318581E-05
 -2.15434374695E-05
 -2.15936124732E-05
 -2.16522457777E-05
 -2.17188862734E-05
 -2.17930428335E-05
 -2.18741861318E-05
 -2.19617668336E-05
 -2.20551992243E-05
 -2.21538975893E-05
 -2.22572398343E-05
 -2.23646129598E-05
 -2.24753839575E-05
 -2.25889307330E-05
 -2.27046257351E-05
 -2.28218523262E-05
 -2.29400047829E-05
 -2.30584864767E-05
 -2.31767244259E-05
 -2.32941547438E-05
 -2.34102517425E-05
 -2.35244951909E-05
 -2.36364048760E-05
 -2.37455205934E-05
 -2.38514148805E-05
 -2.39536802837E-05
 -2.40519548242E-05
 -2.41458856181E-05
 -2.42351688939E-05
 -2.43195208895E-05
 -2.43986869464E-05
 -2.44724451477E-05
 -2.45405990427E-05
 -2.46029849222E-05
 -2.46594590863E-05
 -2.47099051194E-05
 -2.47542302532E-05
 -2.47923726420E-05
 -2.48242758971E-05
 -2.48499272857E-05
 -2.48693122558E-05
 -2.48824489972E-05
 -2.48893684329E-05
 -2.48901251325E-05
 -2.48847827606E-05
 -2.48734231718E-05
 -2.48561445915E-05
 -2.48330561590E-05
 -2.48042888416E-05
 -2.47699808824E-05
 -2.47302887146E-05
 -2.46853796853E-05
 -2.46354302362E-05
 -2.45806440944E-05
 -2.45212195296E-05
 -2.44573802775E-05
 -2.43893609877E-05
 -2.43174144998E-05
 -2.42417972913E-05
 -2.41627858486E-05
 -2.40806712100E-05
 -2.39957498707E-05
 -2.39083383349E-05
 -2.38187622017E-05
 -2.37273634411E-05
 -2.36344858422E-05
 -2.35404932027E-05
 -2.34457584156E-05
 -2.33506561926E-05
 -2.32555721595E-05
 -2.31609010370E-05
 -2.30670430028E-05
 -2.29743891396E-05
 -2.28833505389E-05
 -2.27943219215E-05
 -2.27077052841E-05
 -2.26238898904E-05
 -2.25432595471E-05
 -2.24661962420E-05
 -2.23930619541E-05
 -2.23242059292E-05
 -2.22599646804E-05
 -2.22006474360E-05
 -2.21465543291E-05
 -2.20979491132E-05
 -2.20550737140E-05
 -2.20181482291E-05
 -2.19873527385E-05
 -2.19628473133E-05
 -2.19447447307E-05
 -2.19331304834E-05
 -2.19280518650E-05
 -2.19295234274E-05
 -2.19375160668E-05
 -2.19519624807E-05
 -2.19727626245E-05
 -2.19997691602E-05
 -2.20328056457E-05
 -2.20716538024E-05
 -2.21160607907E-05
 -2.21657301154E-05
 -2.22203489102E-05
 -2.22795588343E-05
 -2.23429778998E-05
 -2.24101968342E-05
 -2.24807808991E-05
 -2.25542753469E-05
 -2.26302090596E-05
 -2.27080909099E-05
 -2.27874243137E-05
 -2.28677017731E-05
 -2.29484139709E-05
 -2.30290461332E-05
 -2.31090925809E-05
 -2.31880494539E-05
 -2.32654274441E-05
 -2.33407517953E-05
 -2.34135586652E-05
 -2.34834133153E-05
 -2.35499064729E-05
 -2.36126470554E-05
 -2.36712803598E-05
 -2.37254880631E-05
 -2.37749809457E-05
 -2.38195116253E-05
 -2.38588618231E-05
 -2.38928751060E-05
 -2.39214077737E-05
 -2.39443797909E-05
 -2.39617456828E-05
 -2.39735054492E-05
 -2.39796991082E-05
 -2.39804103330E-05
 -2.39757555391E-05
 -2.39659002546E-05
 -2.39510445681E-05
 -2.39314267674E-05
 -2.39073087869E-05
 -2.38789907598E-05
 -2.38468019234E-05
 -2.38110878854E-05
 -2.37722233578E-05
 -2.37306030613E-05
 -2.36866308114E-05
 -2.36407195189E-05
 -2.35932966461E-05
 -2.35447878367E-05
 -2.34956260101E-05
 -2.34462277149E-05
 -2.33970167756E-05
 -2.33483915508E-05
 -2.33007503994E-05
 -2.32544625760E-05
 -2.32098791457E-05
 -2.31673329836E-05
 -2.31271260418E-05
 -2.30895402638E-05
 -2.30548102991E-05
 -2.30231544265E-05
 -2.29947472690E-05
 -2.29697398026E-05
 -2.29482320719E-05
 -2.29303022934E-05
 -2.29159832088E-05
 -2.29052802752E-05
 -2.28981498367E-05
 -2.28945282288E-05
 -2.28943099501E-05
 -2.28973622143E-05
 -2.29035213124E-05
 -2.29125962505E-05
 -2.29243687500E-05
 -2.29385932471E-05
 -2.29550169024E-05
 -2.29733614105E-05
 -2.29933320952E-05
 -2.30146324611E-05
 -2.30369478231E-05
 -2.30599689530E-05
 -2.30833775277E-05
 -2.31068715948E-05
 -2.31301419262E-05
 -2.31528902077E-05
 -2.31748399528E-05
 -2.31957219512E-05
 -2.32152870012E-05
 -2.32333059103E-05
 -2.32495785895E-05
 -2.32639285969E-05
 -2.32762049563E-05
 -2.32862803387E-05
 -2.32940710703E-05
 -2.32995171245E-05
 -2.33025893976E-05
 -2.33032969845E-05
 -2.33016708080E-05
 -2.32977927226E-05
 -2.32917554968E-05
 -2.32836919167E-05
 -2.32737693295E-05
 -2.32621696341E-05
 -2.32491111092E-05
 -2.32348265854E-05
 -2.32195761782E-05
 -2.32036327361E-05
 -2.31872872973E-05
 -2.31708399951E-05
 -2.31545982388E-05
 -2.31388803513E-05
 -2.31239973800E-05
 -2.31102676480E-05
 -2.30979912885E-05
 -2.30874684348E-05
 -2.30789864872E-05
 -2.30728073802E-05
 -2.30691821343E-05
 -2.30683344853E-05
 -2.30704627029E-05
 -2.30757395911E-05
 -2.30842997553E-05
 -2.30962541536E-05
 -2.31116664509E-05
 -2.31305803027E-05
 -2.31529811572E-05
 -2.31788344536E-05
 -2.32080565183E-05
 -2.32405254792E-05
 -2.32760812651E-05
 -2.33145292441E-05
 -2.33556347666E-05
 -2.33991286223E-05
 -2.34447070397E-05
 -2.34920407820E-05
 -2.35407660512E-05
 -2.35904990404E-05
 -2.36408304772E-05
 -2.36913365370E-05
 -2.37415752053E-05
 -2.37911026488E-05
 -2.38394513872E-05
 -2.38861666730E-05
 -2.39308028540E-05
 -2.39729015448E-05
 -2.40120316448E-05
 -2.40477747866E-05
 -2.40797344304E-05
 -2.41075322265E-05
 -2.41308280238E-05
 -2.41493089561E-05
 -2.41627039941E-05
 -2.41707784880E-05
 -2.41733450821E-05
 -2.41702528001E-05
 -2.41614106926E-05
 -2.41467714659E-05
 -2.41263369389E-05
 -2.41001671384E-05
 -2.40683730226E-05
 -2.40311146626E-05
 -2.39886066993E-05
 -2.39411183429E-05
 -2.38889606408E-05
 -2.38324955717E-05
 -2.37721342273E-05
 -2.37083204411E-05
 -2.36415417021E-05
 -2.35723218793E-05
 -2.35012084886E-05
 -2.34287763305E-05
 -2.33556238527E-05
 -2.32823640545E-05
 -2.32096153923E-05
 -2.31380035984E-05
 -2.30681544053E-05
 -2.30006771744E-05
 -2.29361830861E-05
 -2.28752523981E-05
 -2.28184380830E-05
 -2.27662785619E-05
 -2.27192595048E-05
 -2.26778356591E-05
 -2.26424144785E-05
 -2.26133524848E-05
 -2.25909570872E-05
 -2.25754702115E-05
 -2.25670828513E-05
 -2.25659150601E-05
 -2.25720323215E-05
 -2.25854255405E-05
 -2.26060219575E-05
 -2.26336833293E-05
 -2.26682059292E-05
 -2.27093205467E-05
 -2.27566943067E-05
 -2.28099288506E-05
 -2.28685785260E-05
 -2.29321376537E-05
 -2.30000478041E-05
 -2.30717087106E-05
 -2.31464782701E-05
 -2.32236816373E-05
 -2.33026130445E-05
 -2.33825376199E-05
 -2.34627186728E-05
 -2.35423976847E-05
 -2.36208179558E-05
 -2.36972264247E-05
 -2.37708791246E-05
 -2.38410520979E-05
 -2.39070468524E-05
 -2.39681921812E-05
 -2.40238605329E-05
 -2.40734643739E-05
 -2.41164689214E-05
 -2.41523848672E-05
 -2.41807920247E-05
 -2.42013338720E-05
 -2.42137157329E-05
 -2.42177175096E-05
 -2.42131955019E-05
 -2.42000696744E-05
 -2.41783491219E-05
 -2.41481102421E-05
 -2.41095112870E-05
 -2.40627832682E-05
 -2.40082263190E-05
 -2.39462206082E-05
 -2.38772081502E-05
 -2.38016946241E-05
 -2.37202475546E-05
 -2.36334890360E-05
 -2.35420902754E-05
 -2.34467643168E-05
 -2.33482642216E-05
 -2.32473721553E-05
 -2.31448921113E-05
 -2.30416444538E-05
 -2.29384568229E-05
 -2.28361641348E-05
 -2.27355849347E-05
 -2.26375304919E-05
 -2.25427902478E-05
 -2.24521209020E-05
 -2.23662482313E-05
 -2.22858488996E-05
 -2.22115595534E-05
 -2.21439586312E-05
 -2.20835663640E-05
 -2.20308356802E-05
 -2.19861503865E-05
 -2.19498306251E-05
 -2.19221219595E-05
 -2.19031790039E-05
 -2.18930945266E-05
 -2.18918776227E-05
 -2.18994591705E-05
 -2.19156954699E-05
 -2.19403627852E-05
 -2.19731718971E-05
 -2.20137571887E-05
 -2.20616911975E-05
 -2.21164809773E-05
 -2.21775844693E-05
 -2.22444032261E-05
 -2.23162951443E-05
 -2.23925744649E-05
 -2.24725281441E-05
 -2.25554267672E-05
 -2.26405099966E-05
 -2.27270102187E-05
 -2.28141634580E-05
 -2.29012057389E-05
 -2.29873894568E-05
 -2.30719797401E-05
 -2.31542744586E-05
 -2.32336005865E-05
 -2.33093287534E-05
 -2.33808696066E-05
 -2.34476901824E-05
 -2.35093120864E-05
 -2.35653096752E-05
 -2.36153337028E-05
 -2.36590913119E-05
 -2.36963624047E-05
 -2.37269996433E-05
 -2.37509248109E-05
 -2.37681306317E-05
 -2.37786825892E-05
 -2.37827207457E-05
 -2.37804379140E-05
 -2.37721087615E-05
 -2.37580570683E-05
 -2.37386757362E-05
 -2.37144013226E-05
 -2.36857231357E-05
 -2.36531705013E-05
 -2.36173109442E-05
 -2.35787429119E-05
 -2.35380866798E-05
 -2.34959807131E-05
 -2.34530671150E-05
 -2.34100025409E-05
 -2.33674290939E-05
 -2.33259797824E-05
 -2.32862712437E-05
 -2.32488982874E-05
 -2.32144193433E-05
 -2.31833564612E-05
 -2.31561934925E-05
 -2.31333615375E-05
 -2.31152425840E-05
 -2.31021658692E-05
 -2.30943915085E-05
 -2.30921286857E-05
 -2.30955138250E-05
 -2.31046178669E-05
 -2.31194535445E-05
 -2.31399608310E-05
 -2.31660123973E-05
 -2.31974245253E-05
 -2.32339425565E-05
 -2.32752609008E-05
 -2.33210121223E-05
 -2.33707778534E-05
 -2.34240978898E-05
 -2.34804574575E-05
 -2.35393217736E-05
 -2.36001087615E-05
 -2.36622199736E-05
 -2.37250369537E-05
 -2.37879266933E-05
 -2.38502580032E-05
 -2.39113924181E-05
 -2.39707023866E-05
 -2.40275767283E-05
 -2.40814242716E-05
 -2.41316829488E-05
 -2.41778216150E-05
 -2.42193491431E-05
 -2.42558144237E-05
 -2.42868209170E-05
 -2.43120230152E-05
 -2.43311278609E-05
 -2.43439098995E-05
 -2.43501963268E-05
 -2.43498834607E-05
 -2.43429294642E-05
 -2.43293579842E-05
 -2.43092636083E-05
 -2.42827882175E-05
 -2.42501555476E-05
 -2.42116366280E-05
 -2.41675606958E-05
 -2.41183133767E-05
 -2.40643275902E-05
 -2.40060835495E-05
 -2.39440978476E-05
 -2.38789234572E-05
 -2.38111424551E-05
 -2.37413587456E-05
 -2.36701944232E-05
 -2.35982806771E-05
 -2.35262559727E-05
 -2.34547460423E-05
 -2.33843766182E-05
 -2.33157534240E-05
 -2.32494621741E-05
 -2.31860612985E-05
 -2.31260746659E-05
 -2.30699915846E-05
 -2.30182540690E-05
 -2.29712586588E-05
 -2.29293491429E-05
 -2.28928165598E-05
 -2.28618937399E-05
 -2.28367553063E-05
 -2.28175122174E-05
 -2.28042172239E-05
 -2.27968612307E-05
 -2.27953660215E-05
 -2.27996042668E-05
 -2.28093813348E-05
 -2.28244553000E-05
 -2.28445187531E-05
 -2.28692242672E-05
 -2.28981771215E-05
 -2.29309353017E-05
 -2.29670222325E-05
 -2.30059413298E-05
 -2.30471450777E-05
 -2.30900914175E-05
 -2.31342055486E-05
 -2.31789181271E-05
 -2.32236434385E-05
 -2.32678121392E-05
 -2.33108567045E-05
 -2.33522314375E-05
 -2.33914051933E-05
 -2.34278795688E-05
 -2.34611889027E-05
 -2.34909002756E-05
 -2.35166244238E-05
 -2.35380175582E-05
 -2.35547850025E-05
 -2.35666848312E-05
 -2.35735260503E-05
 -2.35751813307E-05
 -2.35715742747E-05
 -2.35626903304E-05
 -2.35485676967E-05
 -2.35293100559E-05
 -2.35050720221E-05
 -2.34760645981E-05
 -2.34425515373E-05
 -2.34048493439E-05
 -2.33633145399E-05
 -2.33183509408E-05
 -2.32704023801E-05
 -2.32199381571E-05
 -2.31674712268E-05
 -2.31135254580E-05
 -2.30586447287E-05
 -2.30033911066E-05
 -2.29483357543E-05
 -2.28940371017E-05
 -2.28410644922E-05
 -2.27899745369E-05
 -2.27412965614E-05
 -2.26955526159E-05
 -2.26532320085E-05
 -2.26147967624E-05
 -2.25806688832E-05
 -2.25512339966E-05
 -2.25268340728E-05
 -2.25077583309E-05
 -2.24942614295E-05
 -2.24865270866E-05
 -2.24846971832E-05
 -2.24888572120E-05
 -2.24990344577E-05
 -2.25152016355E-05
 -2.25372787099E-05
 -2.25651274377E-05
 -2.25985568250E-05
 -2.26373249461E-05
 -2.26811444008E-05
 -2.27296786761E-05
 -2.27825512411E-05
 -2.28393491852E-05
 -2.28996177611E-05
 -2.29628803936E-05
 -2.30286332226E-05
 -2.30963469221E-05
 -2.31654848903E-05
 -2.32354977925E-05
 -2.33058271988E-05
 -2.33759219554E-05
 -2.34452290897E-05
 -2.35132156376E-05
 -2.35793559114E-05
 -2.36431496887E-05
 -2.37041240325E-05
 -2.37618296524E-05
 -2.38158554566E-05
 -2.38658194576E-05
 -2.39113924181E-05
 -2.39522760239E-05
 -2.39882283495E-05
 -2.40190420300E-05
 -2.40445715463E-05
 -2.40647150349E-05
 -2.40794161073E-05
 -2.40886765823E-05
 -2.40925437538E-05
 -2.40911140281E-05
 -2.40845329245E-05
 -2.40729914367E-05
 -2.40567133005E-05
 -2.40359804593E-05
 -2.40110966843E-05
 -2.39824094024E-05
 -2.39502878685E-05
 -2.39151377173E-05
 -2.38773754972E-05
 -2.38374432229E-05
 -2.37957938225E-05
 -2.37528911384E-05
 -2.37092008319E-05
 -2.36651885643E-05
 -2.36213145399E-05
 -2.35780244111E-05
 -2.35357656493E-05
 -2.34949493461E-05
 -2.34559738601E-05
 -2.34192175412E-05
 -2.33850205404E-05
 -2.33536957239E-05
 -2.33255195781E-05
 -2.33007303905E-05
 -2.32795282500E-05
 -2.32620732277E-05
 -2.32484835578E-05
 -2.32388356380E-05
 -2.32331549341E-05
 -2.32314341702E-05
 -2.32336187764E-05
 -2.32396087085E-05
 -2.32492711802E-05
 -2.32624242926E-05
 -2.32788570429E-05
 -2.32983202295E-05
 -2.33205282711E-05
 -2.33451773965E-05
 -2.33719274547E-05
 -2.34004128288E-05
 -2.34302606259E-05
 -2.34610743064E-05
 -2.34924464166E-05
 -2.35239640460E-05
 -2.35552088270E-05
 -2.35857605730E-05
 -2.36152100115E-05
 -2.36431496887E-05
 -2.36691867030E-05
 -2.36929445236E-05
 -2.37140629906E-05
 -2.37322165049E-05
 -2.37470849243E-05
 -2.37583917624E-05
 -2.37658914557E-05
 -2.37693711824E-05
 -2.37686472246E-05
 -2.37635831581E-05
 -2.37540771195E-05
 -2.37400690821E-05
 -2.37215408561E-05
 -2.36985106312E-05
 -2.36710457102E-05
 -2.36392515944E-05
 -2.36032665271E-05
 -2.35632833210E-05
 -2.35195147980E-05
 -2.34722247114E-05
 -2.34217040997E-05
 -2.33682803810E-05
 -2.33123064390E-05
 -2.32541642617E-05
 -2.31942576647E-05
 -2.31330122915E-05
 -2.30708719755E-05
 -2.30082969210E-05
 -2.29457509704E-05
 -2.28837106988E-05
 -2.28226490435E-05
 -2.27630462177E-05
 -2.27053769777E-05
 -2.26500997087E-05
 -2.25976709771E-05
 -2.25485255214E-05
 -2.25030853471E-05
 -2.24617451750E-05
 -2.24248797167E-05
 -2.23928345804E-05
 -2.23659244512E-05
 -2.23444312724E-05
 -2.23286042456E-05
 -2.23186543735E-05
 -2.23147508223E-05
 -2.23170336540E-05
 -2.23255938181E-05
 -2.23404804274E-05
 -2.23617025767E-05
 -2.23892329814E-05
 -2.24229934247E-05
 -2.24628747674E-05
 -2.25087169383E-05
 -2.25603271247E-05
 -2.26174743148E-05
 -2.26798838412E-05
 -2.27472592087E-05
 -2.28192584473E-05
 -2.28955213970E-05
 -2.29756478802E-05
 -2.30592195294E-05
 -2.31457979680E-05
 -2.32349193539E-05
 -2.33261052927E-05
 -2.34188682953E-05
 -2.35127081396E-05
 -2.36071173276E-05
 -2.37015847233E-05
 -2.37956028286E-05
 -2.38886641455E-05
 -2.39802702708E-05
 -2.40699282585E-05
 -2.41571669903E-05
 -2.42415208049E-05
 -2.43225458689E-05
 -2.43998274527E-05
 -2.44729635597E-05
 -2.45415867539E-05
 -2.46053587034E-05
 -2.46639574470E-05
 -2.47171119554E-05
 -2.47645748459E-05
 -2.48061351158E-05
 -2.48416181421E-05
 -2.48708875006E-05
 -2.48938449658E-05
 -2.49104232353E-05
 -2.49206023000E-05
 -2.49243930739E-05
 -2.49218446697E-05
 -2.49130516750E-05
 -2.48981268669E-05
 -2.48772321356E-05
 -2.48505602940E-05
 -2.48183296208E-05
 -2.47807965934E-05
 -2.47382376983E-05
 -2.46909639827E-05
 -2.46393083216E-05
 -2.45836199610E-05
 -2.45242754318E-05
 -2.44616639975E-05
 -2.43961912929E-05
 -2.43282702286E-05
 -2.42583337240E-05
 -2.41868092417E-05
 -2.41141387960E-05
 -2.40407553065E-05
 -2.39670989686E-05
 -2.38936045207E-05
 -2.38206957874E-05
 -2.37487965933E-05
 -2.36783071159E-05
 -2.36096275330E-05
 -2.35431361943E-05
 -2.34791914409E-05
 -2.34181316046E-05
 -2.33602822846E-05
 -2.33059381571E-05
 -2.32553720707E-05
 -2.32088314078E-05
 -2.31665380852E-05
 -2.31286830967E-05
 -2.30954283325E-05
 -2.30669120356E-05
 -2.30432360695E-05
 -2.30244750128E-05
 -2.30106743402E-05
 -2.30018486036E-05
 -2.29979759752E-05
 -2.29990164371E-05
 -2.30048917729E-05
 -2.30155001191E-05
 -2.30307068705E-05
 -2.30503574130E-05
 -2.30742607528E-05
 -2.31022149819E-05
 -2.31339818129E-05
 -2.31693102251E-05
 -2.32079255511E-05
 -2.32495312957E-05
 -2.32938182307E-05
 -2.33404625760E-05
 -2.33891241805E-05
 -2.34394483414E-05
 -2.34910821746E-05
 -2.35436527873E-05
 -2.35967909248E-05
 -2.36501164181E-05
 -2.37032509176E-05
 -2.37558215304E-05
 -2.38074499066E-05
 -2.38577722484E-05
 -2.39064247580E-05
 -2.39530527324E-05
 -2.39973160205E-05
 -2.40388872044E-05
 -2.40774497797E-05
 -2.41127127083E-05
 -2.41443922278E-05
 -2.41722336796E-05
 -2.41959987761E-05
 -2.42154819716E-05
 -2.42304868152E-05
 -2.42408605118E-05
 -2.42464629991E-05
 -2.42471887759E-05
 -2.42429614445E-05
 -2.42337355303E-05
 -2.42194910243E-05
 -2.42002442974E-05
 -2.41760390054E-05
 -2.41469497269E-05
 -2.41130856011E-05
 -2.40745812334E-05
 -2.40316076088E-05
 -2.39843575400E-05
 -2.39330620389E-05
 -2.38779703068E-05
 -2.38193624682E-05
 -2.37575441133E-05
 -2.36928426602E-05
 -2.36256109929E-05
 -2.35562165471E-05
 -2.34850467677E-05
 -2.34125072893E-05
 -2.33390128415E-05
 -2.32649927057E-05
 -2.31908798014E-05
 -2.31171179621E-05
 -2.30441492022E-05
 -2.29724228120E-05
 -2.29023771681E-05
 -2.28344451898E-05
 -2.27690597967E-05
 -2.27066357184E-05
 -2.26475767704E-05
 -2.25922667596E-05
 -2.25410694839E-05
 -2.24943305511E-05
 -2.24523701036E-05
 -2.24154755415E-05
 -2.23839142564E-05
 -2.23579099838E-05
 -2.23376646318E-05
 -2.23233419092E-05
 -2.23150655074E-05
 -2.23129245569E-05
 -2.23169718083E-05
 -2.23272218136E-05
 -2.23436381930E-05
 -2.23661609198E-05
 -2.23946844926E-05
 -2.24290597544E-05
 -2.24691066251E-05
 -2.25146068260E-05
 -2.25653020607E-05
 -2.26209049288E-05
 -2.26810934691E-05
 -2.27455184358E-05
 -2.28137996601E-05
 -2.28855351452E-05
 -2.29602956097E-05
 -2.30376426771E-05
 -2.31171125051E-05
 -2.31982303376E-05
 -2.32805141422E-05
 -2.33634782489E-05
 -2.34466260736E-05
 -2.35294737649E-05
 -2.36115320149E-05
 -2.36923297052E-05
 -2.37713975366E-05
 -2.38482880377E-05
 -2.39225719270E-05
 -2.39938344748E-05
 -2.40616918745E-05
 -2.41257876041E-05
 -2.41857942456E-05
 -2.42414098466E-05
 -2.42923761107E-05
 -2.43384602072E-05
 -2.43794765993E-05
 -2.44152670348E-05
 -2.44457187364E-05
 -2.44707534875E-05
 -2.44903385465E-05
 -2.45044775511E-05
 -2.45132050622E-05
 -2.45166011155E-05
 -2.45147803071E-05
 -2.45078936132E-05
 -2.44961211138E-05
 -2.44796683546E-05
 -2.44587845373E-05
 -2.44337334152E-05
 -2.44048042077E-05
 -2.43723043241E-05
 -2.43365611823E-05
 -2.42979203904E-05
 -2.42567311943E-05
 -2.42133501160E-05
 -2.41681464104E-05
 -2.41214820562E-05
 -2.40737153945E-05
 -2.40252120420E-05
 -2.39763121499E-05
 -2.39273558691E-05
 -2.38786687987E-05
 -2.38305528910E-05
 -2.37832937273E-05
 -2.37371641560E-05
 -2.36923988268E-05
 -2.36492214754E-05
 -2.36078249145E-05
 -2.35683746723E-05
 -2.35310071730E-05
 -2.34958388319E-05
 -2.34629460465E-05
 -2.34323888435E-05
 -2.34041945077E-05
 -2.33783684962E-05
 -2.33548835240E-05
 -2.33336977544E-05
 -2.33147457038E-05
 -2.32979309658E-05
 -2.32831534959E-05
 -2.32702877838E-05
 -2.32592028624E-05
 -2.32497459365E-05
 -2.32417642110E-05
 -2.32350939768E-05
 -2.32295678870E-05
 -2.32250222325E-05
 -2.32212914852E-05
 -2.32182119362E-05
 -2.32156307902E-05
 -2.32133970712E-05
 -2.32113798120E-05
 -2.32094498642E-05
 -2.32074999076E-05
 -2.32054335356E-05
 -2.32031725318E-05
 -2.32006550505E-05
 -2.31978392549E-05
 -2.31946996792E-05
 -2.31912308664E-05
 -2.31874473684E-05
 -2.31833746511E-05
 -2.31790618272E-05
 -2.31745743804E-05
 -2.31699850701E-05
 -2.31653921219E-05
 -2.31608955801E-05
 -2.31566100410E-05
 -2.31526591961E-05
 -2.31491685554E-05
 -2.31462672673E-05
 -2.31440935750E-05
 -2.31427729886E-05
 -2.31424346566E-05
 -2.31432059081E-05
 -2.31451958825E-05
 -2.31485064432E-05
 -2.31532339967E-05
 -2.31594476645E-05
 -2.31672165683E-05
 -2.31765752687E-05
 -2.31875492318E-05
 -2.32001420954E-05
 -2.32143320318E-05
 -2.32300772041E-05
 -2.32473175856E-05
 -2.32659640460E-05
 -2.32859074458E-05
 -2.33070204558E-05
 -2.33291502809E-05
 -2.33521277551E-05
 -2.33757637034E-05
 -2.33998525800E-05
 -2.34241779253E-05
 -2.34485050896E-05
 -2.34725903283E-05
 -2.34961935348E-05
 -2.35190564126E-05
 -2.35409206653E-05
 -2.35615407291E-05
 -2.35806655837E-05
 -2.35980496655E-05
 -2.36134674196E-05
 -2.36267023865E-05
 -2.36375526583E-05
 -2.36458399741E-05
 -2.36514024436E-05
 -2.36541054619E-05
 -2.36538453464E-05
 -2.36505402427E-05
 -2.36441464949E-05
 -2.36346422753E-05
 -2.36220457737E-05
 -2.36064097408E-05
 -2.35878123931E-05
 -2.35663774220E-05
 -2.35422558035E-05
 -2.35156257986E-05
 -2.34867129620E-05
 -2.34557537624E-05
 -2.34230283240E-05
 -2.33888367802E-05
 -2.33534992731E-05
 -2.33173650486E-05
 -2.32807942666E-05
 -2.32441616390E-05
 -2.32078546105E-05
 -2.31722660828E-05
 -2.31377962336E-05
 -2.31048379646E-05
 -2.30737823586E-05
 -2.30450095842E-05
 -2.30188816204E-05
 -2.29957568081E-05
 -2.29759589274E-05
 -2.29597935686E-05
 -2.29475372180E-05
 -2.29394245252E-05
 -2.29356755881E-05
 -2.29364504776E-05
 -2.29418837989E-05
 -2.29520646826E-05
 -2.29670367844E-05
 -2.29868019233E-05
 -2.30113091675E-05
 -2.30404748436E-05
 -2.30741497944E-05
 -2.31121593970E-05
 -2.31542744586E-05
 -2.32002257690E-05
 -2.32497004617E-05
 -2.33023492910E-05
 -2.33577884501E-05
 -2.34156013903E-05
 -2.34753388213E-05
 -2.35365350818E-05
 -2.35986935877E-05
 -2.36613032030E-05
 -2.37238473346E-05
 -2.37857966567E-05
 -2.38466182054E-05
 -2.39057862927E-05
 -2.39627788687E-05
 -2.40170866164E-05
 -2.40682202275E-05
 -2.41157049459E-05
 -2.41591023951E-05
 -2.41979996645E-05
 -2.42320184043E-05
 -2.42608184635E-05
 -2.42841051659E-05
 -2.43016238528E-05
 -2.43131726165E-05
 -2.43185986619E-05
 -2.43177983066E-05
 -2.43107206188E-05
 -2.42973655986E-05
 -2.42778005486E-05
 -2.42521327891E-05
 -2.42205278482E-05
 -2.41832058236E-05
 -2.41404304688E-05
 -2.40925219259E-05
 -2.40398367168E-05
 -2.39827822952E-05
 -2.39218006755E-05
 -2.38573684328E-05
 -2.37899967033E-05
 -2.37202184508E-05
 -2.36485957430E-05
 -2.35756979237E-05
 -2.35021179833E-05
 -2.34284470935E-05
 -2.33552800637E-05
 -2.32832117035E-05
 -2.32128259086E-05
 -2.31446883845E-05
 -2.30793539231E-05
 -2.30173500313E-05
 -2.29591769312E-05
 -2.29053002840E-05
 -2.28561511904E-05
 -2.28121207329E-05
 -2.27735527005E-05
 -2.27407526836E-05
 -2.27139717026E-05
 -2.26934098464E-05
 -2.26792180911E-05
 -2.26714892051E-05
 -2.26702668442E-05
 -2.26755382755E-05
 -2.26872380154E-05
 -2.27052387345E-05
 -2.27293803619E-05
 -2.27594318858E-05
 -2.27951277338E-05
 -2.28361550398E-05
 -2.28821554629E-05
 -2.29327324632E-05
 -2.29874549404E-05
 -2.30458572332E-05
 -2.31074518524E-05
 -2.31717258430E-05
 -2.32381444221E-05
 -2.33061637118E-05
 -2.33752252825E-05
 -2.34447725234E-05
 -2.35142433667E-05
 -2.35830848396E-05
 -2.36507494265E-05
 -2.37167078012E-05
 -2.37804433709E-05
 -2.38414595515E-05
 -2.38992997765E-05
 -2.39535202127E-05
 -2.40037206822E-05
 -2.40495282924E-05
 -2.40906156250E-05
 -2.41266934609E-05
 -2.41575071414E-05
 -2.41828583967E-05
 -2.42025816988E-05
 -2.42165660893E-05
 -2.42247388087E-05
 -2.42270780291E-05
 -2.42235983023E-05
 -2.42143705691E-05
 -2.41994966927E-05
 -2.41791276494E-05
 -2.41534507950E-05
 -2.41226880462E-05
 -2.40870995185E-05
 -2.40469762502E-05
 -2.40026383835E-05
 -2.39544315264E-05
 -2.39027212956E-05
 -2.38479024119E-05
 -2.37903732341E-05
 -2.37305521296E-05
 -2.36688665609E-05
 -2.36057494476E-05
 -2.35416300711E-05
 -2.34769468079E-05
 -2.34121234826E-05
 -2.33475839195E-05
 -2.32837355725E-05
 -2.32209786191E-05
 -2.31596932281E-05
 -2.31002395594E-05
 -2.30429614021E-05
 -2.29881770792E-05
 -2.29361794482E-05
 -2.28872395382E-05
 -2.28415992751E-05
 -2.27994714805E-05
 -2.27610380534E-05
 -2.27264572459E-05
 -2.26958527492E-05
 -2.26693191507E-05
 -2.26469273912E-05
 -2.26287102123E-05
 -2.26146803470E-05
 -2.26048196055E-05
 -2.25990825129E-05
 -2.25974035857E-05
 -2.25996864174E-05
 -2.26058236876E-05
 -2.26156716963E-05
 -2.26290794672E-05
 -2.26458796533E-05
 -2.26658867177E-05
 -2.26888951147E-05
 -2.27147029364E-05
 -2.27430846280E-05
 -2.27738182730E-05
 -2.28066674026E-05
 -2.28413973673E-05
 -2.28777680604E-05
 -2.29155430134E-05
 -2.29544839385E-05
 -2.29943561862E-05
 -2.30349305639E-05
 -2.30759815167E-05
 -2.31172925851E-05
 -2.31586509472E-05
 -2.31998583331E-05
 -2.32407255680E-05
 -2.32810689340E-05
 -2.33207229030E-05
 -2.33595274040E-05
 -2.33973369177E-05
 -2.34340241150E-05
 -2.34694653045E-05
 -2.35035568039E-05
 -2.35361985688E-05
 -2.35673160205E-05
 -2.35968345805E-05
 -2.36247033172E-05
 -2.36508712987E-05
 -2.36753076024E-05
 -2.36979904003E-05
 -2.37189033214E-05
 -2.37380518229E-05
 -2.37554377236E-05
 -2.37710755755E-05
 -2.37849926634E-05
 -2.37972180912E-05
 -2.38077900576E-05
 -2.38167540374E-05
 -2.38241555053E-05
 -2.38300508499E-05
 -2.38344946411E-05
 -2.38375523622E-05
 -2.38392822212E-05
 -2.38397533394E-05
 -2.38390293816E-05
 -2.38371776504E-05
 -2.38342672674E-05
 -2.38303618971E-05
 -2.38255324803E-05
 -2.38198390434E-05
 -2.38133488892E-05
 -2.38061184064E-05
 -2.37982058024E-05
 -2.37896674662E-05
 -2.37805561483E-05
 -2.37709173234E-05
 -2.37607982854E-05
 -2.37502390519E-05
 -2.37392778217E-05
 -2.37279491557E-05
 -2.37162785197E-05
 -2.37042931985E-05
 -2.36920150201E-05
 -2.36794639932E-05
 -2.36666492128E-05
 -2.36535870499E-05
 -2.36402811424E-05
 -2.36267333094E-05
 -2.36129526456E-05
 -2.35989336943E-05
 -2.35846782743E-05
 -2.35701809288E-05
 -2.35554362007E-05
 -2.35404404521E-05
 -2.35251900449E-05
 -2.35096813412E-05
 -2.34939088841E-05
 -2.34778744925E-05
 -2.34615781665E-05
 -2.34450180869E-05
 -2.34282106248E-05
 -2.34111575992E-05
 -2.33938790188E-05
 -2.33763912547E-05
 -2.33587215916E-05
 -2.33408954955E-05
 -2.33229548030E-05
 -2.33049322560E-05
 -2.32868842431E-05
 -2.32688580581E-05
 -2.32509210036E-05
 -2.32331312873E-05
 -2.32155689446E-05
 -2.31983121921E-05
 -2.31814410654E-05
 -2.31650519709E-05
 -2.31492358580E-05
 -2.31340909522E-05
 -2.31197245739E-05
 -2.31062404055E-05
 -2.30937439483E-05
 -2.30823497986E-05
 -2.30721652770E-05
 -2.30632977036E-05
 -2.30558562180E-05
 -2.30499426834E-05
 -2.30456589634E-05
 -2.30430996453E-05
 -2.30423502217E-05
 -2.30434943660E-05
 -2.30465957429E-05
 -2.30517198361E-05
 -2.30589157582E-05
 -2.30682180700E-05
 -2.30796485994E-05
 -2.30932146223E-05
 -2.31089088629E-05
 -2.31267058552E-05
 -2.31465674005E-05
 -2.31684334722E-05
 -2.31922258536E-05
 -2.32178445003E-05
 -2.32451857300E-05
 -2.32741131185E-05
 -2.33044720517E-05
 -2.33361042774E-05
 -2.33688242588E-05
 -2.34024282690E-05
 -2.34367053054E-05
 -2.34714261751E-05
 -2.35063525906E-05
 -2.35412298935E-05
 -2.35758016061E-05
 -2.36097985180E-05
 -2.36429441429E-05
 -2.36749692704E-05
 -2.37055919570E-05
 -2.37345411733E-05
 -2.37615422520E-05
 -2.37863350776E-05
 -2.38086595346E-05
 -2.38282718783E-05
 -2.38449447352E-05
 -2.38584634644E-05
 -2.38686297962E-05
 -2.38752709265E-05
 -2.38782340602E-05
 -2.38773936871E-05
 -2.38726497628E-05
 -2.38639313466E-05
 -2.38511984207E-05
 -2.38344418904E-05
 -2.38136854023E-05
 -2.37889835262E-05
 -2.37604272115E-05
 -2.37281401496E-05
 -2.36922769545E-05
 -2.36530304392E-05
 -2.36106243392E-05
 -2.35653114942E-05
 -2.35173738474E-05
 -2.34671297221E-05
 -2.34149138123E-05
 -2.33610917348E-05
 -2.33060509345E-05
 -2.32501934079E-05
 -2.31939411606E-05
 -2.31377271120E-05
 -2.30819987337E-05
 -2.30272089539E-05
 -2.29738016060E-05
 -2.29222368944E-05
 -2.28729586524E-05
 -2.28264070756E-05
 -2.27830096264E-05
 -2.27431737585E-05
 -2.27072923735E-05
 -2.26757310884E-05
 -2.26488318731E-05
 -2.26269039558E-05
 -2.26102238230E-05
 -2.25990370382E-05
 -2.25935382332E-05
 -2.25939002121E-05
 -2.26002302952E-05
 -2.26126121561E-05
 -2.26310748985E-05
 -2.26555985137E-05
 -2.26861211559E-05
 -2.27225318667E-05
 -2.27646760322E-05
 -2.28123426496E-05
 -2.28652916121E-05
 -2.29232318816E-05
 -2.29858251259E-05
 -2.30527075473E-05
 -2.31234662351E-05
 -2.31976591749E-05
 -2.32748170674E-05
 -2.33544451476E-05
 -2.34360140894E-05
 -2.35189945670E-05
 -2.36028281506E-05
 -2.36869473156E-05
 -2.37707863562E-05
 -2.38537722907E-05
 -2.39353412326E-05
 -2.40149292949E-05
 -2.40919962380E-05
 -2.41660072788E-05
 -2.42364567384E-05
 -2.43028625846E-05
 -2.43647718889E-05
 -2.44217681029E-05
 -2.44734692387E-05
 -2.45195296884E-05
 -2.45596529567E-05
 -2.45935825660E-05
 -2.46211129706E-05
 -2.46420804615E-05
 -2.46563868131E-05
 -2.46639665420E-05
 -2.46648160100E-05
 -2.46589788730E-05
 -2.46465569944E-05
 -2.46276886173E-05
 -2.46025756496E-05
 -2.45714527409E-05
 -2.45346054726E-05
 -2.44923630817E-05
 -2.44450930040E-05
 -2.43931972363E-05
 -2.43371086981E-05
 -2.42772930505E-05
 -2.42142359639E-05
 -2.41484485741E-05
 -2.40804547502E-05
 -2.40107910940E-05
 -2.39399996644E-05
 -2.38686316152E-05
 -2.37972344621E-05
 -2.37263393501E-05
 -2.36564792431E-05
 -2.35881689150E-05
 -2.35219031310E-05
 -2.34581602854E-05
 -2.33973787545E-05
 -2.33399805438E-05
 -2.32863494602E-05
 -2.32368347497E-05
 -2.31917547353E-05
 -2.31513786275E-05
 -2.31159392570E-05
 -2.30856221606E-05
 -2.30605819524E-05
 -2.30409150390E-05
 -2.30266832659E-05
 -2.30179011851E-05
 -2.30145469686E-05
 -2.30165424000E-05
 -2.30237892538E-05
 -2.30361329159E-05
 -2.30533896683E-05
 -2.30753466894E-05
 -2.31017529586E-05
 -2.31323319895E-05
 -2.31667763728E-05
 -2.32047623285E-05
 -2.32459442486E-05
 -2.32899637922E-05
 -2.33364444284E-05
 -2.33850078075E-05
 -2.34352610278E-05
 -2.34868202824E-05
 -2.35392944887E-05
 -2.35923016589E-05
 -2.36454652622E-05
 -2.36984251387E-05
 -2.37508229475E-05
 -2.38023258134E-05
 -2.38526190515E-05
 -2.39014025283E-05
 -2.39484033955E-05
 -2.39933742705E-05
 -2.40360877797E-05
 -2.40763383772E-05
 -2.41139605350E-05
 -2.41488014581E-05
 -2.41807501880E-05
 -2.42097048613E-05
 -2.42356036324E-05
 -2.42584028456E-05
