 -1.08146096522E-07
 -1.07805888661E-07
 -1.07249547909E-07
 -1.06471823358E-07
 -1.05468252798E-07
 -1.04235333254E-07
 -1.02770513877E-07
 -1.01072252789E-07
 -9.91401236661E-08
 -9.69747446788E-08
 -9.45778566575E-08
 -9.19522733511E-08
 -8.91019595883E-08
 -8.60318891682E-08
 -8.27480590715E-08
 -7.92574681441E-08
 -7.55680105158E-08
 -7.16884187568E-08
 -6.76281999290E-08
 -6.33975076880E-08
 -5.90070818873E-08
 -5.44681633130E-08
 -4.97923480225E-08
 -4.49915447120E-08
 -4.00778077392E-08
 -3.50632873847E-08
 -2.99601339293E-08
 -2.47803857434E-08
 -1.95358946797E-08
 -1.42382585722E-08
 -8.89876261567E-09
 -3.52830542560E-09
  1.86263027224E-09
  7.26401028217E-09
  1.26662706990E-08
  1.80603265676E-08
  2.34375736596E-08
  2.87898451745E-08
  3.41094263945E-08
  3.93889827421E-08
  4.46215153715E-08
  4.98003309701E-08
  5.49189387300E-08
  5.99710290317E-08
  6.49503633099E-08
  6.98507136576E-08
  7.46657704553E-08
  7.93891103967E-08
  8.40141112235E-08
  8.85338309331E-08
  9.29410646222E-08
  9.72281597456E-08
  1.01387094276E-07
  1.05409405649E-07
  1.09286148131E-07
  1.13007914138E-07
  1.16564919495E-07
  1.19946918176E-07
  1.23143308883E-07
  1.26143262946E-07
  1.28935624844E-07
  1.31509196422E-07
  1.33852779527E-07
  1.35955261271E-07
  1.37805727718E-07
  1.39393719678E-07
  1.40709275342E-07
  1.41743157656E-07
  1.42486953791E-07
  1.42933288316E-07
  1.43075965298E-07
  1.42910096201E-07
  1.42432242001E-07
  1.41640711604E-07
  1.40535391324E-07
  1.39118156994E-07
  1.37392689226E-07
  1.35364814469E-07
  1.33042348693E-07
  1.30435267920E-07
  1.27555551899E-07
  1.24417283587E-07
  1.21036592304E-07
  1.17431504520E-07
  1.13621894116E-07
  1.09629297640E-07
  1.05476757994E-07
  1.01188689428E-07
  9.67906004234E-08
  9.23088734339E-08
  8.77705446101E-08
  8.32029840581E-08
  7.86336400438E-08
  7.40897263540E-08
  6.95979238685E-08
  6.51841034482E-08
  6.08729635587E-08
  5.66877993435E-08
  5.26501580111E-08
  4.87795901449E-08
  4.50933939078E-08
  4.16063699049E-08
  3.83306080209E-08
  3.52753168897E-08
  3.24466675750E-08
  2.98476621197E-08
  2.74780944665E-08
  2.53344705214E-08
  2.34100259178E-08
  2.16947704246E-08
  2.01755572249E-08
  1.88362321296E-08
  1.76577650279E-08
  1.66184879191E-08
  1.56943027463E-08
  1.48589824889E-08
  1.40844651497E-08
  1.33411877101E-08
  1.25984538357E-08
  1.18248033587E-08
  1.09884075172E-08
  1.00574784057E-08
  9.00066687848E-09
  7.78747910601E-09
  6.38867359015E-09
  4.77665418330E-09
  2.92584312334E-09
  8.13027811741E-10
 -1.58230717417E-09
 -4.27768753752E-09
 -7.28739468769E-09
 -1.06222497465E-08
 -1.42894185373E-08
 -1.82923134417E-08
 -2.26304770479E-08
 -2.72995688277E-08
 -3.22913678019E-08
 -3.75938498109E-08
 -4.31912745569E-08
 -4.90643898843E-08
 -5.51905934287E-08
 -6.15441919649E-08
 -6.80967104927E-08
 -7.48172155340E-08
 -8.16726100084E-08
 -8.86280702161E-08
 -9.56474863756E-08
 -1.02693725523E-07
 -1.09729192843E-07
 -1.16716229570E-07
 -1.23617468262E-07
 -1.30396315967E-07
 -1.37017266866E-07
 -1.43446385437E-07
 -1.49651540937E-07
 -1.55602762675E-07
 -1.61272467381E-07
 -1.66635757637E-07
 -1.71670563986E-07
 -1.76357772830E-07
 -1.80681325901E-07
 -1.84628248689E-07
 -1.88188579386E-07
 -1.91355397305E-07
 -1.94124638142E-07
 -1.96494937654E-07
 -1.98467404289E-07
 -2.00045377596E-07
 -2.01234158226E-07
 -2.02040652653E-07
 -2.02473088962E-07
 -2.02540604732E-07
 -2.02252806503E-07
 -2.01619570817E-07
 -2.00650589477E-07
 -1.99354886377E-07
 -1.97740732233E-07
 -1.95815047732E-07
 -1.93583332475E-07
 -1.91049380760E-07
 -1.88215011576E-07
 -1.85079997550E-07
 -1.81641965469E-07
 -1.77896296805E-07
 -1.73836369299E-07
 -1.69453457488E-07
 -1.64736974284E-07
 -1.59674740985E-07
 -1.54253243068E-07
 -1.48458013882E-07
 -1.42274089399E-07
 -1.35686406111E-07
 -1.28680412104E-07
 -1.21242507589E-07
 -1.13360748344E-07
 -1.05025407038E-07
 -9.62295843010E-08
 -8.69698197903E-08
 -7.72467600996E-08
 -6.70656774560E-08
 -5.64370417067E-08
 -4.53770354625E-08
 -3.39080017397E-08
 -2.20588081135E-08
 -9.86515491519E-09
  2.63023003377E-09
  1.53774699641E-08
  2.83195404904E-08
  4.13923970655E-08
  5.45251630513E-08
  6.76405562672E-08
  8.06552620247E-08
  9.34806578812E-08
  1.06023406943E-07
  1.18186392228E-07
  1.29869675902E-07
  1.40971479823E-07
  1.51389372149E-07
  1.61021574741E-07
  1.69768227920E-07
  1.77532712087E-07
  1.84223154065E-07
  1.89753762925E-07
  1.94046307911E-07
  1.97031582161E-07
  1.98650724315E-07
  1.98856540123E-07
  1.97614795638E-07
  1.94905297235E-07
  1.90723014271E-07
  1.85078832260E-07
  1.78000405526E-07
  1.69532611949E-07
  1.59737908234E-07
  1.48696585711E-07
  1.36506571380E-07
  1.23283115272E-07
  1.09158342809E-07
  9.42804518900E-08
  7.88126186535E-08
  6.29317895573E-08
  4.68271785792E-08
  3.06985192822E-08
  1.47541463491E-08
 -7.91160414959E-10
 -1.57184985028E-08
 -2.98073175031E-08
 -4.28380495521E-08
 -5.45948246611E-08
 -6.48682885185E-08
 -7.34584872930E-08
 -8.01776423032E-08
 -8.48531129805E-08
 -8.73301360116E-08
 -8.74745182955E-08
 -8.51752020026E-08
 -8.03466519983E-08
 -7.29311011582E-08
 -6.29004475172E-08
 -5.02578920702E-08
 -3.50393989379E-08
 -1.73146172955E-08
  2.81235457145E-09
  2.52027749781E-08
  4.96833472141E-08
  7.60467813166E-08
  1.04052752192E-07
  1.33429395532E-07
  1.63875071735E-07
  1.95060678720E-07
  2.26632394629E-07
  2.58214868154E-07
  2.89414430199E-07
  3.19823413975E-07
  3.49024020352E-07
  3.76592879547E-07
  4.02105911235E-07
  4.25143042548E-07
  4.45293636631E-07
  4.62161324322E-07
  4.75369603237E-07
  4.84566896830E-07
  4.89431670303E-07
  4.89677631776E-07
  4.85058592403E-07
  4.75372559094E-07
  4.60466566210E-07
  4.40240341959E-07
  4.14649491631E-07
  3.83708595564E-07
  3.47493710251E-07
  3.06143704165E-07
  2.59861792529E-07
  2.08915622579E-07
  1.53637387257E-07
  9.44224325394E-08
  3.17276729334E-08
 -3.39309096375E-08
 -1.01981598277E-07
 -1.71800920157E-07
 -2.42718414256E-07
 -3.14022059911E-07
 -3.84964550904E-07
 -4.54769860880E-07
 -5.22640732470E-07
 -5.87766351146E-07
 -6.49330957003E-07
 -7.06522371274E-07
 -7.58540920742E-07
 -8.04608987437E-07
 -8.43979819365E-07
 -8.75947705481E-07
 -8.99856047454E-07
 -9.15108273603E-07
 -9.21174716950E-07
 -9.17603074413E-07
 -9.04024716419E-07
 -8.80163497641E-07
 -8.45841839237E-07
 -8.00986924787E-07
 -7.45636043575E-07
 -6.79940455939E-07
 -6.04169144935E-07
 -5.18710749020E-07
 -4.24074499961E-07
 -3.20890507055E-07
 -2.09907881299E-07
 -9.19924900700E-08
  3.18768442753E-08
  1.60613666367E-07
  2.93030069543E-07
  4.27844355499E-07
  5.63689638966E-07
  6.99123859249E-07
  8.32641092074E-07
  9.62682861427E-07
  1.08765141249E-06
  1.20592380881E-06
  1.31586557472E-06
  1.41584678204E-06
  1.50425671563E-06
  1.57951956226E-06
  1.64011225934E-06
  1.68457836480E-06
  1.71154545114E-06
  1.71974056684E-06
  1.70800603883E-06
  1.67531356965E-06
  1.62077856203E-06
  1.54367387495E-06
  1.44344232922E-06
  1.31970648454E-06
  1.17227955343E-06
  1.00117415514E-06
  8.06608227322E-07
  5.89011108332E-07
  3.49026720414E-07
  8.75158718827E-08
 -1.94444197632E-07
 -4.95561494063E-07
 -8.14332963728E-07
 -1.14905083137E-06
 -1.49780930769E-06
 -1.85851513379E-06
 -2.22889821089E-06
 -2.60652518591E-06
 -2.98881468552E-06
 -3.37305368703E-06
 -3.75641570827E-06
 -4.13597990701E-06
 -4.50875268143E-06
 -4.87168927066E-06
 -5.22171649209E-06
 -5.55575707040E-06
 -5.87075192016E-06
 -6.16368788542E-06
 -6.43161865810E-06
 -6.67169524604E-06
 -6.88118325343E-06
 -7.05749425833E-06
 -7.19820445738E-06
 -7.30107740310E-06
 -7.36408992452E-06
 -7.38544622436E-06
 -7.36360198061E-06
 -7.29727889848E-06
 -7.18548108125E-06
 -7.02750776327E-06
 -6.82296331433E-06
 -6.57176951790E-06
 -6.27416920906E-06
 -5.93073491473E-06
 -5.54236339667E-06
 -5.11028338224E-06
 -4.63604510514E-06
 -4.12151666751E-06
 -3.56887835551E-06
 -2.98060763271E-06
 -2.35946845351E-06
 -1.70849227743E-06
 -1.03096317616E-06
 -3.30395209858E-07
  3.89489343888E-07
  1.12478426217E-06
  1.87142575214E-06
  2.62521894001E-06
  3.38186828230E-06
  4.13700627178E-06
  4.88622481498E-06
  5.62510331292E-06
  6.34924799670E-06
  7.05431421011E-06
  7.73604551796E-06
  8.39029871713E-06
  9.01308158063E-06
  9.60057332122E-06
  1.01491605164E-05
  1.06554616650E-05
  1.11163499241E-05
  1.15289803944E-05
  1.18908083095E-05
  1.21996108646E-05
  1.24535017676E-05
  1.26509476104E-05
  1.27907760543E-05
  1.28721894725E-05
  1.28947649500E-05
  1.28584642880E-05
  1.27636285470E-05
  1.26109753182E-05
  1.24015959955E-05
  1.21369484987E-05
  1.18188390843E-05
  1.14494150694E-05
  1.10311411845E-05
  1.05667904791E-05
  1.00594124888E-05
  9.51231868385E-06
  8.92904608918E-06
  8.31333818496E-06
  7.66912035033E-06
  7.00045620761E-06
  6.31152897768E-06
  5.60660373594E-06
  4.88999648951E-06
  4.16604461861E-06
  3.43907186107E-06
  2.71335557045E-06
  1.99309852178E-06
  1.28239787500E-06
  5.85214422699E-07
 -9.46536644619E-08
 -7.53597646508E-07
 -1.38822235840E-06
 -1.99536884793E-06
 -2.57213446275E-06
 -3.11589087687E-06
 -3.62429818779E-06
 -4.09532049161E-06
 -4.52723315902E-06
 -4.91863283969E-06
 -5.26843950865E-06
 -5.57589964956E-06
 -5.84058761888E-06
 -6.06239746048E-06
 -6.24154063189E-06
 -6.37853554508E-06
 -6.47419619781E-06
 -6.52961853120E-06
 -6.54616678730E-06
 -6.52545440971E-06
 -6.46932130621E-06
 -6.37981929685E-06
 -6.25918391961E-06
 -6.10981351201E-06
 -5.93424510953E-06
 -5.73512579649E-06
 -5.51519178771E-06
 -5.27723932464E-06
 -5.02410011904E-06
 -4.75861406812E-06
 -4.48360788141E-06
 -4.20186734118E-06
 -3.91611547457E-06
 -3.62899208994E-06
 -3.34303035743E-06
 -3.06064043798E-06
 -2.78408947452E-06
 -2.51548863162E-06
 -2.25677831622E-06
 -2.00971680897E-06
 -1.77587094186E-06
 -1.55660904966E-06
 -1.35309630878E-06
 -1.16629098557E-06
 -9.96944891085E-07
 -8.45604233746E-07
 -7.12613370979E-07
 -5.98120095674E-07
 -5.02083423726E-07
 -4.24282518452E-07
 -3.64326808722E-07
 -3.21668977676E-07
 -2.95617525126E-07
 -2.85351575258E-07
 -2.89936110676E-07
 -3.08337661181E-07
 -3.39440873631E-07
 -3.82065167059E-07
 -4.34981473063E-07
 -4.96928805660E-07
 -5.66630319554E-07
 -6.42809425244E-07
 -7.24204653579E-07
 -8.09583411865E-07
 -8.97755967344E-07
 -9.87586872725E-07
 -1.07800565274E-06
 -1.16801652439E-06
 -1.25670578655E-06
 -1.34324932333E-06
 -1.42691555993E-06
 -1.50707069224E-06
 -1.58317914156E-06
 -1.65480423675E-06
 -1.72160628154E-06
 -1.78334016709E-06
 -1.83985127933E-06
 -1.89107015558E-06
 -1.93700475393E-06
 -1.97773442778E-06
 -2.01340003514E-06
 -2.04419552574E-06
 -2.07035805033E-06
 -2.09215727409E-06
 -2.10988537219E-06
 -2.12384634324E-06
 -2.13434623220E-06
 -2.14168153434E-06
 -2.14613146454E-06
 -2.14794772546E-06
 -2.14734677684E-06
 -2.14450255953E-06
 -2.13953967432E-06
 -2.13252906178E-06
 -2.12348254536E-06
 -2.11235192182E-06
 -2.09902759707E-06
 -2.08333608498E-06
 -2.06504500966E-06
 -2.04386378755E-06
 -2.01944794753E-06
 -1.99140527002E-06
 -1.95930192604E-06
 -1.92267066268E-06
 -1.88101989806E-06
 -1.83384236152E-06
 -1.78062748546E-06
 -1.72087004557E-06
 -1.65408403063E-06
 -1.57981321536E-06
 -1.49764252910E-06
 -1.40721124353E-06
 -1.30822354549E-06
 -1.20045922358E-06
 -1.08378389996E-06
 -9.58159148468E-07
 -8.23650111670E-07
 -6.80432663103E-07
 -5.28799546373E-07
 -3.69164069980E-07
 -2.02063503707E-07
 -2.81593504070E-08
  1.51762790779E-07
  3.36796233569E-07
  5.25917243976E-07
  7.17991383681E-07
  9.11781910418E-07
  1.10595885872E-06
  1.29911074964E-06
  1.48975846059E-06
  1.67636812876E-06
  1.85736791991E-06
  2.03116542252E-06
  2.19616345021E-06
  2.35078141486E-06
  2.49347226600E-06
  2.62274306806E-06
  2.73717250820E-06
  2.83543340629E-06
  2.91630840366E-06
  2.97870883514E-06
  3.02169155475E-06
  3.04447621602E-06
  3.04645709548E-06
  3.02721696244E-06
  2.98653799291E-06
  2.92440972771E-06
  2.84103612103E-06
  2.73683758678E-06
  2.61245577349E-06
  2.46874901677E-06
  2.30679006563E-06
  2.12785926124E-06
  1.93343680621E-06
  1.72518741692E-06
  1.50494906848E-06
  1.27471514588E-06
  1.03661500361E-06
  7.92893160906E-07
  5.45885711745E-07
  2.97995853771E-07
  5.16671043727E-08
 -1.90643405062E-07
 -4.26493699024E-07
 -6.53485983548E-07
 -8.69294467520E-07
 -1.07169603325E-06
 -1.25859594391E-06
 -1.42805674841E-06
 -1.57832494097E-06
 -1.70785381215E-06
 -1.81532732313E-06
 -1.89967875031E-06
 -1.96011114895E-06
 -1.99611031348E-06
 -2.00745716938E-06
 -1.99423607228E-06
 -1.95684060600E-06
 -1.89597562894E-06
 -1.81265397714E-06
 -1.70818998413E-06
 -1.58419186391E-06
 -1.44254806855E-06
 -1.28540682454E-06
 -1.11515976187E-06
 -9.34415254505E-07
 -7.45970851312E-07
 -5.52783774310E-07
 -3.57938915840E-07
 -1.64610824527E-07
  2.39707791394E-08
  2.04562681461E-07
  3.73945567844E-07
  5.28967859736E-07
  6.66583787279E-07
  7.83896325629E-07
  8.78196772192E-07
  9.47003684360E-07
  9.88100509858E-07
  9.99570488602E-07
  9.79829792414E-07
  9.27656856220E-07
  8.42218128128E-07
  7.23091432064E-07
  5.70283418710E-07
  3.84243236340E-07
  1.65871682611E-07
 -8.34748021816E-08
 -3.61985115660E-07
 -6.67400684051E-07
 -9.97026177174E-07
 -1.34774688831E-06
 -1.71605131527E-06
 -2.09805739360E-06
 -2.48954529525E-06
 -2.88599562737E-06
 -3.28262694893E-06
 -3.67444567928E-06
 -4.05629043598E-06
 -4.42288865088E-06
 -4.76890591017E-06
 -5.08900802743E-06
 -5.37791402166E-06
 -5.63046205571E-06
 -5.84166036788E-06
 -6.00675502938E-06
 -6.12128360444E-06
 -6.18113244855E-06
 -6.18259218754E-06
 -6.12240683040E-06
 -5.99782879362E-06
 -5.80665391681E-06
 -5.54726921109E-06
 -5.21867968928E-06
 -4.82054474560E-06
 -4.35319725511E-06
 -3.81766039936E-06
 -3.21565630657E-06
 -2.54961696555E-06
 -1.82266728643E-06
 -1.03862555534E-06
 -2.01981137593E-07
  6.82131428675E-07
  1.60796355431E-06
  2.56919133790E-06
  3.55896031579E-06
  4.56993757325E-06
  5.59437012271E-06
  6.62414367980E-06
  7.65085496823E-06
  8.66587743076E-06
  9.66043899098E-06
  1.06256975414E-05
  1.15528255265E-05
  1.24330808831E-05
  1.32578998091E-05
  1.40189686135E-05
  1.47083073898E-05
  1.53183500515E-05
  1.58420189109E-05
  1.62727919815E-05
  1.66047793755E-05
  1.68327769643E-05
  1.69523354998E-05
  1.69598006323E-05
  1.68523674802E-05
  1.66281115526E-05
  1.62860233104E-05
  1.58260318130E-05
  1.52490110850E-05
  1.45567964864E-05
  1.37521692523E-05
  1.28388592202E-05
  1.18215157272E-05
  1.07056794150E-05
  9.49774948822E-06
  8.20493642095E-06
  6.83521056999E-06
  5.39724351256E-06
  3.90034165321E-06
  2.35437323681E-06
  7.69692746871E-07
 -8.42940153234E-07
 -2.47245066021E-06
 -4.10753364122E-06
 -5.73674742554E-06
 -7.34860486773E-06
 -8.93167089089E-06
 -1.04746504803E-05
 -1.19664873637E-05
 -1.33964504130E-05
 -1.47542232298E-05
 -1.60299841809E-05
 -1.72144991666E-05
 -1.82991770998E-05
 -1.92761599465E-05
 -2.01383700187E-05
 -2.08795772778E-05
 -2.14944466279E-05
 -2.19785633817E-05
 -2.23284969252E-05
 -2.25417916226E-05
 -2.26170141104E-05
 -2.25537369261E-05
 -2.23525476031E-05
 -2.20150450332E-05
 -2.15438049054E-05
 -2.09423706110E-05
 -2.02152004931E-05
 -1.93676514755E-05
 -1.84059026651E-05
 -1.73369098775E-05
 -1.61683510669E-05
 -1.49085535668E-05
 -1.35664167829E-05
 -1.21513385238E-05
 -1.06731449705E-05
 -9.14199517865E-06
 -7.56830013415E-06
 -5.96264271735E-06
 -4.33568948210E-06
 -2.69810198006E-06
 -1.06045865778E-06
  5.66829783111E-07
  2.17359956878E-06
  3.75000809072E-06
  5.28660712007E-06
  6.77440812069E-06
  8.20494642539E-06
  9.57033262239E-06
  1.08633103082E-05
  1.20772938317E-05
  1.32064051286E-05
  1.42455101013E-05
  1.51902377183E-05
  1.60369963851E-05
  1.67829766724E-05
  1.74261695065E-05
  1.79653470695E-05
  1.84000582522E-05
  1.87306068256E-05
  1.89580314327E-05
  1.90840673895E-05
  1.91111248569E-05
  1.90422397282E-05
  1.88810281543E-05
  1.86316501640E-05
  1.82987350854E-05
  1.78873615369E-05
  1.74029628397E-05
  1.68512942764E-05
  1.62383730640E-05
  1.55704074132E-05
  1.48537474161E-05
  1.40948222906E-05
  1.33000867208E-05
  1.24759617393E-05
  1.16287865239E-05
  1.07647683762E-05
  9.88992997009E-06
  9.01007388165E-06
  8.13073893369E-06
  7.25716472516E-06
  6.39426298221E-06
  5.54658799956E-06
  4.71832026960E-06
  3.91323783333E-06
  3.13471718982E-06
  2.38571533373E-06
  1.66876918684E-06
  9.85997417047E-07
  3.39102115277E-07
 -2.70620034826E-07
 -8.42266501877E-07
 -1.37531253586E-06
 -1.86959346138E-06
 -2.32528100241E-06
 -2.74286117019E-06
 -3.12310817208E-06
 -3.46705382981E-06
 -3.77596211365E-06
 -4.05129731007E-06
 -4.29469400842E-06
 -4.50792595075E-06
 -4.69287488158E-06
 -4.85150485474E-06
 -4.98582494401E-06
 -5.09787105329E-06
 -5.18967181051E-06
 -5.26322901351E-06
 -5.32049034518E-06
 -5.36333209311E-06
 -5.39353959539E-06
 -5.41279041499E-06
 -5.42264160686E-06
 -5.42451789443E-06
 -5.41970439372E-06
 -5.40933842785E-06
 -5.39440588909E-06
 -5.37574487680E-06
 -5.35403933100E-06
 -5.32982949153E-06
 -5.30351007910E-06
 -5.27534575667E-06
 -5.24547158420E-06
 -5.21391029906E-06
 -5.18057959198E-06
 -5.14530529472E-06
 -5.10783956997E-06
 -5.06786682308E-06
 -5.02502507516E-06
 -4.97891733175E-06
 -4.92912522532E-06
 -4.87522811454E-06
 -4.81680763187E-06
 -4.75347269457E-06
 -4.68485859528E-06
 -4.61064973933E-06
 -4.53058191852E-06
 -4.44445186076E-06
 -4.35212996308E-06
 -4.25355756306E-06
 -4.14875967181E-06
 -4.03784270020E-06
 -3.92099764213E-06
 -3.79849939236E-06
 -3.67070447282E-06
 -3.53805012310E-06
 -3.40104929819E-06
 -3.26028361997E-06
 -3.11639769279E-06
 -2.97009250971E-06
 -2.82211476588E-06
 -2.67325026471E-06
 -2.52431073022E-06
 -2.37612653109E-06
 -2.22953508455E-06
 -2.08536812352E-06
 -1.94444487533E-06
 -1.80755819201E-06
 -1.67546602370E-06
 -1.54888152792E-06
 -1.42846386098E-06
 -1.31480908294E-06
 -1.20844401863E-06
 -1.10981898160E-06
 -1.01930106666E-06
 -9.37172046633E-07
 -8.63622517500E-07
 -7.98751273123E-07
 -7.42563543099E-07
 -6.94971106441E-07
 -6.55794224258E-07
 -6.24763515589E-07
 -6.01523481691E-07
 -5.85637735639E-07
 -5.76594175072E-07
 -5.73811632876E-07
 -5.76647266826E-07
 -5.84404688198E-07
 -5.96342658810E-07
 -6.11684072283E-07
 -6.29625844795E-07
 -6.49348578463E-07
 -6.70026508942E-07
 -6.90837623551E-07
 -7.10973552032E-07
 -7.29648718334E-07
 -7.46110515593E-07
 -7.59647321047E-07
 -7.69597306771E-07
 -7.75355715632E-07
 -7.76381853029E-07
 -7.72205510202E-07
 -7.62431341172E-07
 -7.46744035496E-07
 -7.24910933059E-07
 -6.96784638876E-07
 -6.62303989429E-07
 -6.21494507413E-07
 -5.74467435399E-07
 -5.21418144217E-07
 -4.62622892883E-07
 -3.98435531679E-07
 -3.29282642042E-07
 -2.55658278547E-07
 -1.78117616656E-07
 -9.72700249235E-08
 -1.37719968762E-08
  7.16813062240E-08
  1.58364045433E-07
  2.45528610776E-07
  3.32414316517E-07
  4.18256547619E-07
  5.02295620208E-07
  5.83785833896E-07
  6.62003969865E-07
  7.36257675271E-07
  8.05893876077E-07
  8.70305996159E-07
  9.28941062739E-07
  9.81305674941E-07
  1.02697276816E-06
  1.06558559310E-06
  1.09686175165E-06
  1.12059797175E-06
  1.13667067581E-06
  1.14503893656E-06
  1.14574447707E-06
  1.13891178444E-06
  1.12474674552E-06
  1.10353505534E-06
  1.07563835172E-06
  1.04149216895E-06
  1.00160002603E-06
  9.56528879215E-07
  9.06903380837E-07
  8.53398773870E-07
  7.96735093900E-07
  7.37668244710E-07
  6.76983233916E-07
  6.15485419075E-07
  5.53992094865E-07
  4.93324421313E-07
  4.34298499385E-07
  3.77716617095E-07
  3.24359120896E-07
  2.74976088122E-07
  2.30279155744E-07
  1.90934272837E-07
  1.57554183033E-07
  1.30691887534E-07
  1.10834697864E-07
  9.83985515290E-08
  9.37233508580E-08
  9.70688986968E-08
  1.08611750704E-07
  1.28442565028E-07
  1.56564652798E-07
  1.92893040207E-07
  2.37254866420E-07
  2.89389902264E-07
  3.48952823970E-07
  4.15515359009E-07
  4.88570321977E-07
  5.67535437312E-07
  6.51758512049E-07
  7.40523375953E-07
  8.33055423755E-07
  9.28530027977E-07
  1.02607873487E-06
  1.12479756353E-06
  1.22375627143E-06
  1.32200580083E-06
  1.41858799907E-06
  1.51254403136E-06
  1.60292483997E-06
  1.68879887497E-06
  1.76926153017E-06
  1.84344480658E-06
  1.91052458831E-06
  1.96973019229E-06
  2.02035084840E-06
  2.06174354389E-06
  2.09334143619E-06
  2.11465521716E-06
  2.12528402699E-06
  2.12491568163E-06
  2.11333349398E-06
  2.09041627386E-06
  2.05614173865E-06
  2.01058855964E-06
  1.95393363356E-06
  1.88645378785E-06
  1.80852191534E-06
  1.72060651948E-06
  1.62326455211E-06
  1.51714050389E-06
  1.40295776418E-06
  1.28151441459E-06
  1.15367481612E-06
  1.02036256067E-06
  8.82551603354E-07
  7.41257224490E-07
  5.97527218815E-07
  4.52430867881E-07
  3.07049987214E-07
  1.62467713949E-07
  1.97586569328E-08
 -1.20021965699E-07
 -2.55848306097E-07
 -3.86734143376E-07
 -5.11742598519E-07
 -6.29995327017E-07
 -7.40681628031E-07
 -8.43066061407E-07
 -9.36496803661E-07
 -1.02041099126E-06
 -1.09434176920E-06
 -1.15792283850E-06
 -1.21089169625E-06
 -1.25309281884E-06
 -1.28447993575E-06
 -1.30511523366E-06
 -1.31517026603E-06
 -1.31492379296E-06
 -1.30475825699E-06
 -1.28515637243E-06
 -1.25669657791E-06
 -1.22004644254E-06
 -1.17595504889E-06
 -1.12524583074E-06
 -1.06880770545E-06
 -1.00758495591E-06
 -9.42566998674E-07
 -8.74777754234E-07
 -8.05264221526E-07
 -7.35084825010E-07
 -6.65297477553E-07
 -5.96947302256E-07
 -5.31055377451E-07
 -4.68606316417E-07
 -4.10536870277E-07
 -3.57725127742E-07
 -3.10979487494E-07
 -2.71029307441E-07
 -2.38515411866E-07
 -2.13982119135E-07
 -1.97869823637E-07
 -1.90509084064E-07
 -1.92115322761E-07
 -2.02785400916E-07
 -2.22494833224E-07
 -2.51096849979E-07
 -2.88322269171E-07
 -3.33781486006E-07
 -3.86966803489E-07
 -4.47257320957E-07
 -5.13923794188E-07
 -5.86135968206E-07
 -6.62970307985E-07
 -7.43419491300E-07
 -8.26401901577E-07
 -9.10773735541E-07
 -9.95339860310E-07
 -1.07886785372E-06
 -1.16010005513E-06
 -1.23776737837E-06
 -1.31060437525E-06
 -1.37736219585E-06
 -1.43682359521E-06
 -1.48781612097E-06
 -1.52922643792E-06
 -1.56001351570E-06
 -1.57922113431E-06
 -1.58598959388E-06
 -1.57956696967E-06
 -1.55931900281E-06
 -1.52473796788E-06
 -1.47545028995E-06
 -1.41122302466E-06
 -1.33196863317E-06
 -1.23774793792E-06
 -1.12877307856E-06
 -1.00540717085E-06
 -8.68163454015E-07
 -7.17701709618E-07
 -5.54825362542E-07
 -3.80474517669E-07
 -1.95719024987E-07
 -1.75004022385E-09
  2.00130216399E-07
  4.08519611028E-07
  6.21928393230E-07
  8.38792232116E-07
  1.05748688384E-06
  1.27634302771E-06
  1.49366019286E-06
  1.70772500496E-06
  1.91682488548E-06
  2.11926590055E-06
  2.31338754020E-06
  2.49757908932E-06
  2.67029395218E-06
  2.83006625068E-06
  2.97552310258E-06
  3.10539758175E-06
  3.21854258800E-06
  3.31393925990E-06
  3.39070879818E-06
  3.44811928699E-06
  3.48559410668E-06
  3.50271466232E-06
  3.49922788700E-06
  3.47504487763E-06
  3.43024316862E-06
  3.36506604981E-06
  3.27991983795E-06
  3.17536841976E-06
  3.05212938656E-06
  2.91106562145E-06
  2.75317825071E-06
  2.57959482042E-06
  2.39156088355E-06
  2.19042613026E-06
  1.97763301912E-06
  1.75470211161E-06
  1.52321854330E-06
  1.28481769934E-06
  1.04116986677E-06
  7.93965227786E-07
  5.44898739463E-07
  2.95655496529E-07
  4.78962363104E-08
 -1.96757071080E-07
 -4.36734325149E-07
 -6.70530312163E-07
 -8.96716358056E-07
 -1.11395127078E-06
 -1.32099148686E-06
 -1.51669883053E-06
 -1.70004886968E-06
 -1.87013688446E-06
 -2.02618252843E-06
 -2.16753255700E-06
 -2.29366469284E-06
 -2.40418694375E-06
 -2.49883737524E-06
 -2.57748274635E-06
 -2.64011418949E-06
 -2.68684448201E-06
 -2.71790099760E-06
 -2.73362184089E-06
 -2.73444493359E-06
 -2.72090301223E-06
 -2.69361385108E-06
 -2.65326889348E-06
 -2.60062711277E-06
 -2.53650182458E-06
 -2.46175181928E-06
 -2.37727044805E-06
 -2.28397470892E-06
 -2.18279660658E-06
 -2.07467201108E-06
 -1.96053065338E-06
 -1.84128998626E-06
 -1.71784358827E-06
 -1.59105536568E-06
 -1.46175273130E-06
 -1.33071944219E-06
 -1.19869196169E-06
 -1.06635445718E-06
 -9.34335162128E-07
 -8.03205125521E-07
 -6.73475994972E-07
 -5.45600130408E-07
 -4.19970916710E-07
 -2.96923985843E-07
 -1.76739902713E-07
 -5.96466378511E-08
  5.41765281525E-08
  1.64594794683E-07
  2.71513073358E-07
  3.74870751330E-07
  4.74636067338E-07
  5.70800523292E-07
  6.63372702547E-07
  7.52372727675E-07
  8.37825666622E-07
  9.19756530493E-07
  9.98184646051E-07
  1.07311814190E-06
  1.14454962841E-06
  1.21245238915E-06
  1.27677571982E-06
  1.33744356390E-06
  1.39435042001E-06
  1.44736134189E-06
  1.49631034674E-06
  1.54100109739E-06
  1.58120644755E-06
  1.61667162502E-06
  1.64711457273E-06
  1.67223083736E-06
  1.69169595665E-06
  1.70517034803E-06
  1.71230431079E-06
  1.71274223248E-06
  1.70613009232E-06
  1.69212080436E-06
  1.67037967458E-06
  1.64059281360E-06
  1.60247225267E-06
  1.55576333327E-06
  1.50025118728E-06
  1.43576630762E-06
  1.36219114211E-06
  1.27946589146E-06
  1.18759271572E-06
  1.08664096388E-06
  9.76750698101E-07
  8.58135877024E-07
  7.31086913675E-07
  5.95971926032E-07
  4.53237930742E-07
  3.03410160996E-07
  1.47091455460E-07
 -1.50398982157E-08
 -1.82233037549E-07
 -3.53668269781E-07
 -5.28461498561E-07
 -7.05669776835E-07
 -8.84297548964E-07
 -1.06330332983E-06
 -1.24160760606E-06
 -1.41810028254E-06
 -1.59165028890E-06
 -1.76111416295E-06
 -1.92534480448E-06
 -2.08320238926E-06
 -2.23356209972E-06
 -2.37532640313E-06
 -2.50743232755E-06
 -2.62886328528E-06
 -2.73865521194E-06
 -2.83590838990E-06
 -2.91979495159E-06
 -2.98956524603E-06
 -3.04455761579E-06
 -3.08420203510E-06
 -3.10802852255E-06
 -3.11567009703E-06
 -3.10686777993E-06
 -3.08147377837E-06
 -3.03945353153E-06
 -2.98088571071E-06
 -2.90596449304E-06
 -2.81499774246E-06
 -2.70840519079E-06
 -2.58671548181E-06
 -2.45056367021E-06
 -2.30068576457E-06
 -2.13791395254E-06
 -1.96316955225E-06
 -1.77745778274E-06
 -1.58185912369E-06
 -1.37752044793E-06
 -1.16564888231E-06
 -9.47500268467E-07
 -7.24371091110E-07
 -4.97588473536E-07
 -2.68500514267E-07
 -3.84663998432E-08
  1.91153930018E-07
  4.19008983954E-07
  6.43765815767E-07
  8.64119272137E-07
  1.07880111955E-06
  1.28658859921E-06
  1.48631318098E-06
  1.67686755503E-06
  1.85721296475E-06
  2.02638693736E-06
  2.18350714931E-06
  2.32777847486E-06
  2.45849582825E-06
  2.57504962065E-06
  2.67692689704E-06
  2.76371656582E-06
  2.83510644294E-06
  2.89088825411E-06
  2.93095513371E-06
  2.95530162475E-06
  2.96402276945E-06
  2.95731115330E-06
  2.93545508612E-06
  2.89883382720E-06
  2.84791690319E-06
  2.78325478575E-06
  2.70547889158E-06
  2.61529339696E-06
  2.51347069025E-06
  2.40084568759E-06
  2.27830810218E-06
  2.14679675992E-06
  2.00729436983E-06
  1.86081820175E-06
  1.70841428826E-06
  1.55115071721E-06
  1.39011046940E-06
  1.22638380162E-06
  1.06106188014E-06
  8.95230527931E-07
  7.29962209789E-07
  5.66310575323E-07
  4.05303609341E-07
  2.47937833819E-07
  9.51724388187E-08
 -5.20764018574E-08
 -1.92940788679E-07
 -3.26605828604E-07
 -4.52314509403E-07
 -5.69371593429E-07
 -6.77147909300E-07
 -7.75083549343E-07
 -8.62690910708E-07
 -9.39557537549E-07
 -1.00534816738E-06
 -1.05980666376E-06
 -1.10275755105E-06
 -1.13410612812E-06
 -1.15383977572E-06
 -1.16202772915E-06
 -1.15881982765E-06
 -1.14444651445E-06
 -1.11921656298E-06
 -1.08351594008E-06
 -1.03780405425E-06
 -9.82612505140E-07
 -9.18540195016E-07
 -8.46250259201E-07
 -7.66465859670E-07
 -6.79964841765E-07
 -5.87575073041E-07
 -4.90168872602E-07
 -3.88656900441E-07
 -2.83982046767E-07
 -1.77112752908E-07
 -6.90362966793E-08
  3.92484125200E-08
  1.46738003082E-07
  2.52432187153E-07
  3.55341114755E-07
  4.54493203961E-07
  5.48942523437E-07
  6.37776338408E-07
  7.20122727671E-07
  7.95157461653E-07
  8.62111505739E-07
  9.20277045680E-07
  9.69014649854E-07
  1.00775855572E-06
  1.03602235413E-06
  1.05340416212E-06
  1.05959031771E-06
  1.05436015474E-06
  1.03758804926E-06
  1.00924637536E-06
  9.69406301010E-07
  9.18239607017E-07
  8.56017663864E-07
  7.83111431701E-07
  6.99988618180E-07
  6.07212200521E-07
  5.05436332787E-07
  3.95402111053E-07
  2.77932656445E-07
  1.53927089741E-07
  2.43540476674E-08
 -1.09755887934E-07
 -2.47318070024E-07
 -3.87202447882E-07
 -5.28242651399E-07
 -6.69245878271E-07
 -8.09002301594E-07
 -9.46296097482E-07
 -1.07991547793E-06
 -1.20866332054E-06
 -1.33136779823E-06
 -1.44689352055E-06
 -1.55415102654E-06
 -1.65210781233E-06
 -1.73979731244E-06
 -1.81632833574E-06
 -1.88089438780E-06
 -1.93278106053E-06
 -1.97137342184E-06
 -1.99616351892E-06
 -2.00675481210E-06
 -2.00286694962E-06
 -1.98434008780E-06
 -1.95113830159E-06
 -1.90334878880E-06
 -1.84118448487E-06
 -1.76498258497E-06
 -1.67520261130E-06
 -1.57242379828E-06
 -1.45734088619E-06
 -1.33075900521E-06
 -1.19358799111E-06
 -1.04683397240E-06
 -8.91592890184E-07
 -7.29040323222E-07
 -5.60422392937E-07
 -3.87045247408E-07
 -2.10263564782E-07
 -3.14695611792E-08
  1.47919180904E-07
  3.26471962353E-07
  5.02757416143E-07
  6.75355579460E-07
  8.42871031637E-07
  1.00394447600E-06
  1.15726481908E-06
  1.30158116463E-06
  1.43571298850E-06
  1.55856082529E-06
  1.66911706856E-06
  1.76647256467E-06
  1.84982684459E-06
  1.91849358089E-06
  1.97190684048E-06
  2.00962745112E-06
  2.03134413823E-06
  2.03687795874E-06
  2.02618298317E-06
  1.99934697775E-06
  1.95658981283E-06
  1.89826141650E-06
  1.82483870503E-06
  1.73692046701E-06
  1.63522258845E-06
  1.52057077685E-06
  1.39389351261E-06
  1.25621329516E-06
  1.10863777536E-06
  9.52349353156E-07
  7.88595400536E-07
  6.18676665454E-07
  4.43936244210E-07
  2.65747672756E-07
  8.55033093217E-08
 -9.53976027063E-08
 -2.75560779528E-07
 -4.53608691942E-07
 -6.28191628493E-07
 -7.97999177848E-07
 -9.61770183494E-07
 -1.11830297556E-06
 -1.26646534682E-06
 -1.40520171499E-06
 -1.53354233134E-06
 -1.65060919244E-06
 -1.75562308868E-06
 -1.84790769708E-06
 -1.92689367395E-06
 -1.99212308871E-06
 -2.04324965125E-06
 -2.08004075830E-06
 -2.10237840292E-06
 -2.11025553654E-06
 -2.10377743315E-06
 -2.08315668715E-06
 -2.04871048481E-06
 -2.00085469260E-06
 -1.94010135601E-06
 -1.86704949101E-06
 -1.78238076387E-06
 -1.68685153312E-06
 -1.58128489147E-06
 -1.46656293509E-06
 -1.34361948767E-06
 -1.21342941384E-06
 -1.07700213903E-06
 -9.35371360811E-07
 -7.89587204508E-07
 -6.40707582988E-07
 -4.89789272251E-07
 -3.37880550205E-07
 -1.86012812264E-07
 -3.51934552612E-08
  1.13601231533E-07
  2.59432567873E-07
  4.01405344519E-07
  5.38673305073E-07
  6.70444023854E-07
  7.95982998625E-07
  9.14617203307E-07
  1.02573824279E-06
  1.12880456982E-06
  1.22334256503E-06
  1.30894943595E-06
  1.38529139804E-06
  1.45210469782E-06
  1.50919549924E-06
  1.55643817834E-06
  1.59377316322E-06
  1.62120625191E-06
  1.63880474702E-06
  1.64669620517E-06
  1.64506388955E-06
  1.63414426879E-06
  1.61422326528E-06
  1.58563295827E-06
  1.54874692271E-06
  1.50397693233E-06
  1.45176920796E-06
  1.39259987009E-06
  1.32697073241E-06
  1.25540714180E-06
  1.17845252134E-06
  1.09666473236E-06
  1.01061368696E-06
  9.20877255339E-07
  8.28037968859E-07
  7.32680291549E-07
  6.35387607417E-07
  5.36739662493E-07
  4.37309864765E-07
  3.37663124128E-07
  2.38353720761E-07
  1.39923301390E-07
  4.28989750390E-08
 -5.22082821419E-08
 -1.44905158095E-07
 -2.34717631997E-07
 -3.21191976127E-07
 -4.03896336820E-07
 -4.82421796733E-07
 -5.56383270123E-07
 -6.25420966571E-07
 -6.89201158366E-07
 -7.47416834201E-07
 -7.99789745543E-07
 -8.46070008720E-07
 -8.86037753389E-07
 -9.19503975183E-07
 -9.46311558891E-07
 -9.66335392150E-07
 -9.79484184427E-07
 -9.85700239653E-07
 -9.84961047834E-07
 -9.77279455583E-07
 -9.62704120866E-07
 -9.41320365655E-07
 -9.13250062240E-07
 -8.78652372194E-07
 -8.37723348468E-07
 -7.90696276454E-07
 -7.37840650800E-07
 -6.79462573316E-07
 -6.15903218204E-07
 -5.47538604678E-07
 -4.74777806403E-07
 -3.98061871465E-07
 -3.17861804433E-07
 -2.34676974742E-07
 -1.49032345576E-07
 -6.14763919771E-08
  2.74219527086E-08
  1.17076211836E-07
  2.06885829357E-07
  2.96239534237E-07
  3.84519154295E-07
  4.71103646760E-07
  5.55373048883E-07
  6.36712741198E-07
  7.14518193945E-07
  7.88198462942E-07
  8.57181703395E-07
  9.20918921565E-07
  9.78888806458E-07
  1.03060165202E-06
  1.07560413198E-06
  1.11348253995E-06
  1.14386773475E-06
  1.16643786896E-06
  1.18092157209E-06
  1.18710192964E-06
  1.18481841582E-06
  1.17396905353E-06
  1.15451257443E-06
  1.12646966954E-06
  1.08992401238E-06
  1.04502271370E-06
  9.91975412035E-07
  9.31055353703E-07
  8.62596778006E-07
  7.86993894053E-07
  7.04698948084E-07
  6.16219153926E-07
  5.22113850820E-07
  4.22990751758E-07
  3.19502191815E-07
  2.12340353301E-07
  1.02232704080E-07
 -1.00633235078E-08
 -1.23765730109E-07
 -2.38073695868E-07
 -3.52173543661E-07
 -4.65244710313E-07
 -5.76466106850E-07
 -6.85022371272E-07
 -7.90110220805E-07
 -8.90944193088E-07
 -9.86763666333E-07
 -1.07683774786E-06
 -1.16047237952E-06
 -1.23701431676E-06
 -1.30585760871E-06
 -1.36644803206E-06
 -1.41828729738E-06
 -1.46093759668E-06
 -1.49402444549E-06
 -1.51724134412E-06
 -1.53035000494E-06
 -1.53318455887E-06
 -1.52565189637E-06
 -1.50773371388E-06
 -1.47948469476E-06
 -1.44103466937E-06
 -1.39258645504E-06
 -1.33441517391E-06
 -1.26686541080E-06
 -1.19035041735E-06
 -1.10534745090E-06
 -1.01239527339E-06
 -9.12090172278E-07
 -8.05081640465E-07
 -6.92067487762E-07
 -5.73789009195E-07
 -4.51025670145E-07
 -3.24589564116E-07
 -1.95319373120E-07
 -6.40746691261E-08
  6.82703031885E-08
  2.00832744213E-07
  3.32727466912E-07
  4.63073121182E-07
  5.90998070038E-07
  7.15646933713E-07
  8.36185506614E-07
  9.51807294314E-07
  1.06173854419E-06
  1.16524267924E-06
  1.26162683500E-06
  1.35024481551E-06
  1.43050169754E-06
  1.50185769598E-06
  1.56383191552E-06
  1.61600382853E-06
  1.65801793628E-06
  1.68958433733E-06
  1.71048020547E-06
  1.72055206349E-06
  1.71971555574E-06
  1.70795647136E-06
  1.68532926637E-06
  1.65195808677E-06
  1.60803438121E-06
  1.55381633249E-06
  1.48962612911E-06
  1.41584837365E-06
  1.33292735427E-06
  1.24136363411E-06
  1.14171166388E-06
  1.03457512068E-06
  9.20604065868E-07
  8.00489942776E-07
  6.74962279845E-07
  5.44782835732E-07
  4.10742472923E-07
  2.73655246019E-07
  1.34353854264E-07
 -6.31537266926E-09
 -1.47497473790E-07
 -2.88334092602E-07
 -4.27968615213E-07
 -5.65550806186E-07
 -7.00242537732E-07
 -8.31221825592E-07
 -9.57689053394E-07
 -1.07887012746E-06
 -1.19402182008E-06
 -1.30243677177E-06
 -1.40344639021E-06
 -1.49642585257E-06
 -1.58079762969E-06
 -1.65603523783E-06
 -1.72166551238E-06
 -1.77727292794E-06
 -1.82250130365E-06
 -1.85705641798E-06
 -1.88070794138E-06
 -1.89329148270E-06
 -1.89470904388E-06
 -1.88493061160E-06
 -1.86399415725E-06
 -1.83200666015E-06
 -1.78914217486E-06
 -1.73564251327E-06
 -1.67181610777E-06
 -1.59803607858E-06
 -1.51473761889E-06
 -1.42241719914E-06
 -1.32162858790E-06
 -1.21298091926E-06
 -1.09713334950E-06
 -9.74793579189E-07
 -8.46711770919E-07
 -7.13676911346E-07
 -5.76512150019E-07
 -4.36068859244E-07
 -2.93222370829E-07
 -1.48865510141E-07
 -3.90343934953E-09
  1.40752533184E-07
  2.84190861066E-07
  4.25505760404E-07
  5.63803553177E-07
  6.98208964423E-07
  8.27870223929E-07
  9.51966399043E-07
  1.06971208425E-06
  1.18036371077E-06
  1.28322528781E-06
  1.37765243835E-06
  1.46305796989E-06
  1.53891642185E-06
  1.60476849942E-06
  1.66022357462E-06
  1.70496355167E-06
  1.73874627762E-06
  1.76140622443E-06
  1.77285710379E-06
  1.77309220817E-06
  1.76218611614E-06
  1.74029264599E-06
  1.70764519680E-06
  1.66455504313E-06
  1.61140951604E-06
  1.54866870616E-06
  1.47686239416E-06
  1.39658709486E-06
  1.30849957714E-06
  1.21331459013E-06
  1.11179622309E-06
  1.00475517684E-06
  8.93040748906E-07
  7.77533330165E-07
  6.59139459458E-07
  5.38782956028E-07
  4.17397927777E-07
  2.95921466886E-07
  1.75285322257E-07
  5.64087265786E-08
 -5.98095155624E-08
 -1.72498488382E-07
 -2.80822433751E-07
 -3.83987952546E-07
 -4.81250708617E-07
 -5.71921532355E-07
 -6.55372730307E-07
 -7.31043257929E-07
 -7.98443693384E-07
 -8.57160330270E-07
 -9.06858645067E-07
 -9.47286935116E-07
 -9.78277398644E-07
 -9.99748635877E-07
 -1.01170553535E-06
 -1.01423938759E-06
 -1.00752731669E-06
 -9.91830461317E-07
 -9.67491132542E-07
 -9.34930255880E-07
 -8.94642823823E-07
 -8.47193575737E-07
 -7.93212223016E-07
 -7.33386173124E-07
 -6.68455584218E-07
 -5.99205463914E-07
 -5.26458393324E-07
 -4.51066881624E-07
 -3.73904953221E-07
 -2.95860331789E-07
 -2.17825274262E-07
 -1.40688413808E-07
 -6.53259135674E-08
  7.40678629541E-09
  7.66835412946E-08
  1.41715460700E-07
  2.01758737717E-07
  2.56122007158E-07
  3.04173141785E-07
  3.45345767983E-07
  3.79144836415E-07
  4.05151837413E-07
  4.23029092644E-07
  4.32523307836E-07
  4.33468329675E-07
  4.25787305858E-07
  4.09493509324E-07
  3.84690679311E-07
  3.51572481350E-07
  3.10420716687E-07
  2.61603105400E-07
  2.05570017897E-07
  1.42850382190E-07
  7.40467811511E-08
 -1.70095076912E-10
 -7.90677248119E-08
 -1.61858707770E-07
 -2.47708271672E-07
 -3.35742129209E-07
 -4.25055105779E-07
 -5.14719658895E-07
 -6.03794944709E-07
 -6.91336367709E-07
 -7.76404021963E-07
 -8.58072667143E-07
 -9.35440766625E-07
 -1.00763929822E-06
 -1.07384016701E-06
 -1.13326530027E-06
 -1.18519380976E-06
 -1.22896994981E-06
 -1.26400902900E-06
 -1.28980445879E-06
 -1.30593241465E-06
 -1.31205763410E-06
 -1.30793489461E-06
 -1.29341424326E-06
 -1.26844201986E-06
 -1.23306119804E-06
 -1.18741331789E-06
 -1.13173564387E-06
 -1.06636139208E-06
 -9.91715296550E-07
 -9.08310994419E-07
 -8.16746990040E-07
 -7.17700231689E-07
 -6.11921166183E-07
 -5.00226406075E-07
 -3.83491396860E-07
 -2.62642714688E-07
 -1.38649426162E-07
 -1.25139489882E-08
  1.14736785406E-07
  2.42061162226E-07
  3.68412429452E-07
  4.92748426950E-07
  6.14041255176E-07
  7.31286945665E-07
  8.43514726512E-07
  9.49796344685E-07
  1.04925425148E-06
  1.14107035643E-06
  1.22449273476E-06
  1.29884415401E-06
  1.36352707614E-06
  1.41802900089E-06
  1.46192905959E-06
  1.49489903833E-06
  1.51670928972E-06
  1.52722861912E-06
  1.52642621742E-06
  1.51437188833E-06
  1.49123491155E-06
  1.45728267853E-06
  1.41287728184E-06
  1.35847312777E-06
  1.29461079723E-06
  1.22191386254E-06
  1.14108070193E-06
  1.05287961105E-06
  9.58139708018E-07
  8.57744737459E-07
  7.52623009248E-07
  6.43739838324E-07
  5.32087312877E-07
  4.18675909941E-07
  3.04524093053E-07
  1.90649316778E-07
  7.80582212201E-08
 -3.22626583227E-08
 -1.39356032491E-07
 -2.42302718334E-07
 -3.40229888707E-07
 -4.32319353649E-07
 -5.17814555678E-07
 -5.96027632582E-07
 -6.66344931233E-07
 -7.28233146674E-07
 -7.81242647463E-07
 -8.25012534733E-07
 -8.59272006437E-07
 -8.83843256361E-07
 -8.98641928870E-07
 -9.03677346287E-07
 -8.99051542547E-07
 -8.84957614744E-07
 -8.61677335706E-07
 -8.29576947581E-07
 -7.89103751231E-07
 -7.40780365049E-07
 -6.85199552208E-07
 -6.23017626822E-07
 -5.54947064302E-07
 -4.81749793835E-07
 -4.04228927664E-07
 -3.23220461951E-07
 -2.39584807105E-07
 -1.54198374958E-07
 -6.79444625007E-08
  1.82952781813E-08
  1.03649583139E-07
  1.87266081753E-07
  2.68319553243E-07
  3.46019675135E-07
  4.19618942260E-07
  4.88419118483E-07
  5.51778271074E-07
  6.09115886618E-07
  6.59918953261E-07
  7.03745740793E-07
  7.40229666008E-07
  7.69082305396E-07
  7.90095953107E-07
  8.03143620942E-07
  8.08180971035E-07
  8.05244951607E-07
  7.94453399067E-07
  7.76002195835E-07
  7.50162996610E-07
  7.17279817763E-07
  6.77764546708E-07
  6.32092167052E-07
  5.80795187943E-07
  5.24458300788E-07
  4.63710762233E-07
  3.99220425606E-07
  3.31686123900E-07
  2.61830393811E-07
  1.90391773458E-07
  1.18116950887E-07
  4.57530724418E-08
 -2.59599222119E-08
 -9.62969153306E-08
 -1.64555004289E-07
 -2.30060493323E-07
 -2.92175627692E-07
 -3.50304986796E-07
 -4.03901168511E-07
 -4.52470118262E-07
 -4.95575761761E-07
 -5.32844126155E-07
 -5.63966864320E-07
 -5.88703414905E-07
 -6.06883702403E-07
 -6.18408876107E-07
 -6.23251764864E-07
 -6.21457161287E-07
 -6.13140116457E-07
 -5.98484803049E-07
 -5.77741673169E-07
 -5.51225070922E-07
 -5.19308571256E-07
 -4.82421683046E-07
 -4.41044107902E-07
 -3.95701164280E-07
 -3.46957648389E-07
 -2.95411894058E-07
 -2.41689150471E-07
 -1.86434988336E-07
 -1.30308649204E-07
 -7.39758334589E-08
 -1.81019217393E-08
  3.66550665376E-08
  8.96512162285E-08
  1.40263423987E-07
  1.87895707882E-07
  2.31985410437E-07
  2.72008890079E-07
  3.07486686779E-07
  3.37988666388E-07
  3.63138155990E-07
  3.82615581884E-07
  3.96161965455E-07
  4.03581282171E-07
  4.04742479532E-07
  3.99580670774E-07
  3.88097788573E-07
  3.70362613467E-07
  3.46509835936E-07
  3.16739175332E-07
  2.81312793504E-07
  2.40553021058E-07
  1.94839230971E-07
  1.44603902186E-07
  9.03286547782E-08
  3.25392761624E-08
 -2.81991887618E-08
 -9.12879798420E-08
 -1.56100384174E-07
 -2.21987775717E-07
 -2.88285860961E-07
 -3.54320917495E-07
 -4.19416466002E-07
 -4.82899451981E-07
 -5.44106740108E-07
 -6.02391480697E-07
 -6.57128964576E-07
 -7.07722904281E-07
 -7.53610493121E-07
 -7.94268657955E-07
 -8.29217526643E-07
 -8.58026226069E-07
 -8.80316292751E-07
 -8.95765595033E-07
 -9.04110720512E-07
 -9.05150102426E-07
 -8.98745838640E-07
 -8.84824657987E-07
 -8.63379284510E-07
 -8.34468153244E-07
 -7.98215182840E-07
 -7.54808752390E-07
 -7.04500564552E-07
 -6.47602860226E-07
 -5.84486429034E-07
 -5.15577141869E-07
 -4.41352568714E-07
 -3.62338028026E-07
 -2.79102238210E-07
 -1.92252315401E-07
 -1.02428963089E-07
 -1.03011670305E-08
  8.34394029425E-08
  1.78084007985E-07
  2.72912728860E-07
  3.67200186702E-07
  4.60221571075E-07
  5.51258551695E-07
  6.39604536445E-07
  7.24571293631E-07
  8.05493300504E-07
  8.81733967617E-07
  9.52689958922E-07
  1.01779630768E-06
  1.07653033865E-06
  1.12841621558E-06
  1.17302829494E-06
  1.20999436604E-06
  1.23899826576E-06
  1.25978215237E-06
  1.27214877921E-06
  1.27596251787E-06
  1.27114969928E-06
  1.25770054638E-06
  1.23566701404E-06
  1.20516392599E-06
  1.16636738312E-06
  1.11951203507E-06
  1.06489164864E-06
  1.00285444660E-06
  9.33800947678E-07
  8.58181806507E-07
  7.76492925070E-07
  6.89272610543E-07
  5.97097027821E-07
  5.00575993101E-07
  4.00348369567E-07
  2.97077519917E-07
  1.91446133613E-07
  8.41514733452E-08
 -2.40997302114E-08
 -1.32596355229E-07
 -2.40627940684E-07
 -3.47489674368E-07
 -4.52487370239E-07
 -5.54942232611E-07
 -6.54195503103E-07
 -7.49612809159E-07
 -8.40588882056E-07
 -9.26550910663E-07
 -1.00696274785E-06
 -1.08132815058E-06
 -1.14919396310E-06
 -1.21015295917E-06
 -1.26384600208E-06
 -1.30996454573E-06
 -1.34825211262E-06
 -1.37850554438E-06
 -1.40057591125E-06
 -1.41436896683E-06
 -1.41984548918E-06
 -1.41702116707E-06
 -1.40596523579E-06
 -1.38680013606E-06
 -1.35970003612E-06
 -1.32488810323E-06
 -1.28263616261E-06
 -1.23326117318E-06
 -1.17712238534E-06
 -1.11461861252E-06
 -1.04618584373E-06
 -9.72292014012E-07
 -8.93434958016E-07
 -8.10137805729E-07
 -7.22945515008E-07
 -6.32420096736E-07
 -5.39137147371E-07
 -4.43681130946E-07
 -3.46641741089E-07
 -2.48609325126E-07
 -1.50170734514E-07
 -5.19054736969E-08
  4.56184068298E-08
  1.41848019553E-07
  2.36249320551E-07
  3.28310534314E-07
  4.17545493292E-07
  5.03496380588E-07
  5.85736756875E-07
  6.63873663598E-07
  7.37550124086E-07
  8.06446962542E-07
  8.70283713539E-07
  9.28820782065E-07
  9.81859443527E-07
  1.02924263956E-06
  1.07085554646E-06
  1.10662438146E-06
  1.13651753963E-06
  1.16054252430E-06
  1.17874697025E-06
  1.19121591524E-06
  1.19807032206E-06
  1.19946525956E-06
  1.19558751521E-06
  1.18665320770E-06
  1.17290448998E-06
  1.15460807137E-06
  1.13205089747E-06
  1.10553764898E-06
  1.07538755856E-06
  1.04193043171E-06
  1.00550482784E-06
  9.66453512774E-07
  9.25120332340E-07
  8.81847995515E-07
  8.36973526930E-07
  7.90827016317E-07
  7.43727298413E-07
  6.95980304499E-07
  6.47876163384E-07
  5.99687325575E-07
  5.51666573756E-07
  5.04044862737E-07
  4.57030751022E-07
  4.10808553397E-07
  3.65537857761E-07
  3.21353070376E-07
  2.78362932704E-07
  2.36650663510E-07
  1.96274598352E-07
  1.57268502221E-07
  1.19642777463E-07
  8.33855366977E-08
  4.84641340392E-08
  1.48268153310E-08
 -1.75953207560E-08
 -4.88862568204E-08
 -7.91428433899E-08
 -1.08472328009E-07
 -1.36989939392E-07
 -1.64816242432E-07
 -1.92074665506E-07
 -2.18888757786E-07
 -2.45379595754E-07
 -2.71663310514E-07
 -2.97848743003E-07
 -3.24034630239E-07
 -3.50307971075E-07
 -3.76741752461E-07
 -4.03392959925E-07
 -4.30301298593E-07
 -4.57487487893E-07
 -4.84952352053E-07
 -5.12676081144E-07
 -5.40617179468E-07
 -5.68712948734E-07
 -5.96878862780E-07
 -6.25009647592E-07
 -6.52978712878E-07
 -6.80640937389E-07
 -7.07831873115E-07
 -7.34371099043E-07
 -7.60062732752E-07
 -7.84697931522E-07
 -8.08057393442E-07
 -8.29913290090E-07
 -8.50032392918E-07
 -8.68178176461E-07
 -8.84114740529E-07
 -8.97608572359E-07
 -9.08432411961E-07
 -9.16367810078E-07
 -9.21208311411E-07
 -9.22762296796E-07
 -9.20855768527E-07
 -9.15335135687E-07
 -9.06069487883E-07
 -8.92953380571E-07
 -8.75908483522E-07
 -8.54885342960E-07
 -8.29865541618E-07
 -8.00862267170E-07
 -7.67921733313E-07
 -7.31123236619E-07
 -6.90580122864E-07
 -6.46439048069E-07
 -5.98879751124E-07
 -5.48113973764E-07
 -4.94384892136E-07
 -4.37964672528E-07
 -3.79153277663E-07
 -3.18275965583E-07
 -2.55680731698E-07
 -1.91735693988E-07
 -1.26825909774E-07
 -6.13502351143E-08
  4.28230650940E-09
  6.96559325775E-08
  1.34351964221E-07
  1.97952559233E-07
  2.60044487277E-07
  3.20223165318E-07
  3.78096132181E-07
  4.33287027590E-07
  4.85439045406E-07
  5.34218372650E-07
  5.79317088523E-07
  6.20456830802E-07
  6.57390557990E-07
  6.89905903073E-07
  7.17826424079E-07
  7.41013479910E-07
  7.59367992487E-07
  7.72830787810E-07
  7.81383619142E-07
  7.85048825946E-07
  7.83889333889E-07
  7.78007802182E-07
  7.67545657254E-07
  7.52681046379E-07
  7.33628155558E-07
  7.10633173640E-07
  6.83973439664E-07
  6.53953406982E-07
  6.20901971615E-07
  5.85168663747E-07
  5.47120635019E-07
  5.07138281591E-07
  4.65611435629E-07
  4.22935613642E-07
  3.79507838488E-07
  3.35722461386E-07
  2.91967580779E-07
  2.48620665388E-07
  2.06045243090E-07
  1.64587035556E-07
  1.24570945559E-07
  8.62977103111E-08
  5.00412653537E-08
  1.60462541032E-08
 -1.54740327218E-08
 -4.43394299054E-08
 -7.04041198674E-08
 -9.35577091354E-08
 -1.13725548090E-07
 -1.30868926362E-07
 -1.44984682038E-07
 -1.56104405846E-07
 -1.64293311400E-07
 -1.69648629367E-07
 -1.72297689005E-07
 -1.72395644427E-07
 -1.70122788745E-07
 -1.65681726116E-07
 -1.59294273772E-07
 -1.51197937726E-07
 -1.41642587437E-07
 -1.30886633087E-07
 -1.19193366288E-07
 -1.06827201307E-07
 -9.40498452451E-08
 -8.11167595316E-08
 -6.82733585222E-08
 -5.57517410016E-08
 -4.37674039233E-08
 -3.25161764181E-08
 -2.21716618398E-08
 -1.28826629364E-08
 -4.77119899145E-09
  2.06916506151E-09
  7.57463780587E-09
  1.17120819709E-08
  1.44794345402E-08
  1.59056856575E-08
  1.60505120306E-08
  1.50033478974E-08
  1.28820758505E-08
  9.83132597554E-09
  6.02033534136E-09
  1.64044466899E-09
 -3.09773917628E-09
 -7.96751820076E-09
 -1.27295294305E-08
 -1.71354290757E-08
 -2.09317505551E-08
 -2.38638904193E-08
 -2.56802508147E-08
 -2.61363464205E-08
 -2.49989380308E-08
 -2.20500844250E-08
 -1.70911143016E-08
 -9.94636106810E-09
 -4.66738758753E-10
  1.14669873597E-08
  2.59412402670E-08
  4.30070308255E-08
  6.26777918455E-08
  8.49275636483E-08
  1.09689729300E-07
  1.36856215249E-07
  1.66277217772E-07
  1.97761394816E-07
  2.31076711543E-07
  2.65951655365E-07
  3.02077211245E-07
  3.39109050174E-07
  3.76670556079E-07
  4.14356151168E-07
  4.51734990747E-07
  4.88355340167E-07
  5.23748951764E-07
  5.57436408144E-07
  5.88931584389E-07
  6.17748014520E-07
  6.43403723188E-07
  6.65427421609E-07
  6.83364021370E-07
  6.96780148246E-07
  7.05270565504E-07
  7.08462664534E-07
  7.06022774466E-07
  6.97660084370E-07
  6.83132384438E-07
  6.62249306060E-07
  6.34877267203E-07
  6.00941405082E-07
  5.60429668894E-07
  5.13394070367E-07
  4.59952673282E-07
  4.00290275593E-07
  3.34658437851E-07
  2.63375426357E-07
  1.86824564707E-07
  1.05452677701E-07
  1.97671177204E-08
 -6.96672515232E-08
 -1.62232183243E-07
 -2.57260523995E-07
 -3.54041446826E-07
 -4.51826338121E-07
 -5.49834737740E-07
 -6.47261288123E-07
 -7.43282669191E-07
 -8.37065272208E-07
 -9.27772362047E-07
 -1.01457249002E-06
 -1.09664665615E-06
 -1.17319757464E-06
 -1.24345592667E-06
 -1.30668922793E-06
 -1.36220910463E-06
 -1.40937856941E-06
 -1.44761895626E-06
 -1.47641583226E-06
 -1.49532581872E-06
 -1.50398102505E-06
 -1.50209439198E-06
 -1.48946378431E-06
 -1.46597437833E-06
 -1.43160218613E-06
 -1.38641439662E-06
 -1.33057233143E-06
 -1.26432928482E-06
 -1.18803063742E-06
 -1.10211180981E-06
 -1.00709587514E-06
 -9.03590034795E-07
 -7.92280957285E-07
 -6.73930060202E-07
 -5.49367598524E-07
 -4.19485928660E-07
 -2.85232914621E-07
 -1.47603515188E-07
 -7.63192087305E-09
  1.33617191977E-07
  2.75057686849E-07
  4.15591387082E-07
  5.54117320917E-07
  6.89541366228E-07
  8.20786226541E-07
  9.46800355450E-07
  1.06656762000E-06
  1.17911633879E-06
  1.28352769480E-06
  1.37894483032E-06
  1.46457978190E-06
  1.53972086991E-06
  1.60373940616E-06
  1.65609537817E-06
  1.69634313352E-06
  1.72413399468E-06
  1.73922160229E-06
  1.74146305199E-06
  1.73082071342E-06
  1.70736279870E-06
  1.67126313499E-06
  1.62280014138E-06
  1.56235410032E-06
  1.49040397446E-06
  1.40752342759E-06
  1.31437684558E-06
  1.21171194678E-06
  1.10035512080E-06
  9.81202447292E-07
  8.55214295825E-07
  7.23404070868E-07
  5.86832300087E-07
  4.46595379344E-07
  3.03817273561E-07
  1.59639171216E-07
  1.52099310924E-08
 -1.28323904391E-07
 -2.69827921784E-07
 -4.08189634982E-07
 -5.42327597941E-07
 -6.71201291880E-07
 -7.93818969669E-07
 -9.09246637093E-07
 -1.01661555618E-06
 -1.11512940748E-06
 -1.20407059967E-06
 -1.28280623812E-06
 -1.35079255870E-06
 -1.40757992995E-06
 -1.45281524055E-06
 -1.48624451413E-06
 -1.50771472818E-06
 -1.51717370045E-06
 -1.51467099840E-06
 -1.50035486968E-06
 -1.47447212839E-06
 -1.43736372138E-06
 -1.38946211337E-06
 -1.33128548896E-06
 -1.26343331885E-06
 -1.18658101655E-06
 -1.10147175292E-06
 -1.00891088550E-06
 -9.09757886802E-07
 -8.04917760888E-07
 -6.95333767453E-07
 -5.81978270020E-07
 -4.65844095743E-07
 -3.47935809941E-07
 -2.29261090112E-07
 -1.10821467558E-07
  6.39568353833E-09
  1.21425827615E-07
  2.33335214261E-07
  3.41228599154E-07
  4.44256443188E-07
  5.41621773209E-07
  6.32586136362E-07
  7.16475653917E-07
  7.92685284523E-07
  8.60683996962E-07
  9.20017498629E-07
  9.70311702986E-07
  1.01127409380E-06
  1.04269645362E-06
  1.06445395431E-06
  1.07650521386E-06
  1.07889275114E-06
  1.07173968900E-06
  1.05524861738E-06
  1.02969806903E-06
  9.95439336293E-07
  9.52891411998E-07
  9.02537976799E-07
  8.44920577947E-07
  7.80634138664E-07
  7.10320193775E-07
  6.34661432741E-07
  5.54374821604E-07
  4.70204696512E-07
  3.82916482522E-07
  2.93289332376E-07
  2.02109703196E-07
  1.10164336320E-07
  1.82336670207E-08
 -7.29146023559E-08
 -1.62531748060E-07
 -2.49894014814E-07
 -3.34308055017E-07
 -4.15116403474E-07
 -4.91701996452E-07
 -5.63492847050E-07
 -6.29965541066E-07
 -6.90648960244E-07
 -7.45127067603E-07
 -7.93040953795E-07
 -8.34091224533E-07
 -8.68038341650E-07
 -8.94704498933E-07
 -9.13972655781E-07
 -9.25786821426E-07
 -9.30151315970E-07
 -9.27128837702E-07
 -9.16839326237E-07
 -8.99457234027E-07
 -8.75209366313E-07
 -8.44371356834E-07
 -8.07264882496E-07
 -7.64253627494E-07
 -7.15739872703E-07
 -6.62159720832E-07
 -6.03979685820E-07
 -5.41691861144E-07
 -4.75809514455E-07
 -4.06862596947E-07
 -3.35393281148E-07
 -2.61951356606E-07
 -1.87090122949E-07
 -1.11361813993E-07
 -3.53135263254E-08
  4.05167952522E-08
  1.15604066764E-07
  1.89439774090E-07
  2.61535177515E-07
  3.31424473643E-07
  3.98667481250E-07
  4.62852426608E-07
  5.23597748270E-07
  5.80554342378E-07
  6.33406841644E-07
  6.81875178543E-07
  7.25715267436E-07
  7.64719914059E-07
  7.98719213435E-07
  8.27580265650E-07
  8.51207289543E-07
  8.69541054271E-07
  8.82558140347E-07
  8.90270143827E-07
  8.92722312074E-07
  8.89992179509E-07
  8.82188203377E-07
  8.69448115282E-07
  8.51936647450E-07
  8.29844168493E-07
  8.03384125447E-07
  7.72791281634E-07
  7.38319329230E-07
  7.00238899753E-07
  6.58834665046E-07
  6.14404029875E-07
  5.67254062389E-07
  5.17699902502E-07
  4.66062004989E-07
  4.12664292071E-07
  3.57832192321E-07
  3.01890310084E-07
  2.45160777013E-07
  1.87961433085E-07
  1.30603751813E-07
  7.33915612727E-08
  1.66193618867E-08
 -3.94290857741E-08
 -9.44820683912E-08
 -1.48281088741E-07
 -2.00581993681E-07
 -2.51155881870E-07
 -2.99790031022E-07
 -3.46288430819E-07
 -3.90472763456E-07
 -4.32182474697E-07
 -4.71275455993E-07
 -5.07628328705E-07
 -5.41136330412E-07
 -5.71713712816E-07
 -5.99293571213E-07
 -6.23827702384E-07
 -6.45286263534E-07
 -6.63657772293E-07
 -6.78948310906E-07
 -6.91181128332E-07
 -7.00396356024E-07
 -7.06649871063E-07
 -7.10012784566E-07
 -7.10570475349E-07
 -7.08422021489E-07
 -7.03678892933E-07
 -6.96464041994E-07
 -6.86910709646E-07
 -6.75161629715E-07
 -6.61367437260E-07
 -6.45685759082E-07
 -6.28279849479E-07
 -6.09316998634E-07
 -5.88968021020E-07
 -5.67405152196E-07
 -5.44801139313E-07
 -5.21327763181E-07
 -4.97154871937E-07
 -4.72448817845E-07
 -4.47371064638E-07
 -4.22077505391E-07
 -3.96716927753E-07
 -3.71430132873E-07
 -3.46348883795E-07
 -3.21594882280E-07
 -2.97279115102E-07
 -2.73500916137E-07
 -2.50347596875E-07
 -2.27893735882E-07
 -2.06200695629E-07
 -1.85316693546E-07
 -1.65276347275E-07
 -1.46100759935E-07
 -1.27797719074E-07
 -1.10361831673E-07
 -9.37750499475E-08
 -7.80071118811E-08
 -6.30162588777E-08
 -4.87499995927E-08
 -3.51460798242E-08
 -2.21334488515E-08
 -9.63342650095E-09
  2.43902342767E-09
  1.41740654769E-08
  2.56654963948E-08
  3.70093715674E-08
  4.83024606979E-08
  5.96407616626E-08
  7.11179239943E-08
  8.28237460837E-08
  9.48426261971E-08
  1.07252148496E-07
  1.20121612213E-07
  1.33510695832E-07
  1.47468227851E-07
  1.62031014384E-07
  1.77222858611E-07
  1.93053580233E-07
  2.09518432825E-07
  2.26597350661E-07
  2.44254664494E-07
  2.62438931031E-07
  2.81082719766E-07
  3.00102982465E-07
  3.19401294746E-07
  3.38864509786E-07
  3.58365412012E-07
  3.77763711867E-07
  3.96907381628E-07
  4.15633593320E-07
  4.33770566133E-07
  4.51139129609E-07
  4.67554457373E-07
  4.82827942960E-07
  4.96769473557E-07
  5.09189305831E-07
  5.19900311247E-07
  5.28720306647E-07
  5.35474327990E-07
  5.39996733551E-07
  5.42133591352E-07
  5.41744554994E-07
  5.38705478448E-07
  5.32909780304E-07
  5.24270944879E-07
  5.12723715929E-07
  4.98225801948E-07
  4.80759410948E-07
  4.60332074681E-07
  4.36977586560E-07
  4.10756854308E-07
  3.81758127332E-07
  3.50097195678E-07
  3.15916992122E-07
  2.79387450064E-07
  2.40704594034E-07
  2.00089530722E-07
  1.57787283683E-07
  1.14065016987E-07
  6.92102943844E-08
  2.35290578132E-08
 -2.26567777872E-08
 -6.90118113766E-08
 -1.15189891403E-07
 -1.60837018370E-07
 -2.05594375302E-07
 -2.49101447025E-07
 -2.90999253139E-07
 -3.30933858095E-07
 -3.68559227581E-07
 -4.03541008609E-07
 -4.35559400103E-07
 -4.64312734039E-07
 -4.89520118663E-07
 -5.10924508035E-07
 -5.28295743152E-07
 -5.41432996215E-07
 -5.50166475932E-07
 -5.54360326532E-07
 -5.53913992007E-07
 -5.48763864572E-07
 -5.38884137313E-07
 -5.24287997905E-07
 -5.05027799136E-07
 -4.81195286284E-07
 -4.52921369742E-07
 -4.20375528165E-07
 -3.83764643175E-07
 -3.43331834074E-07
 -2.99354809385E-07
 -2.52143536272E-07
 -2.02038236807E-07
 -1.49406545802E-07
 -9.46407325841E-08
 -3.81543685535E-08
  1.96209910541E-08
  7.82393243526E-08
  1.37244015264E-07
  1.96171598077E-07
  2.54555772017E-07
  3.11931444230E-07
  3.67838623561E-07
  4.21826399588E-07
  4.73457077987E-07
  5.22309790085E-07
  5.67984159261E-07
  6.10103882082E-07
  6.48319939955E-07
  6.82313839206E-07
  7.11800112185E-07
  7.36528932066E-07
  7.56288272896E-07
  7.70905614900E-07
  7.80249706622E-07
  7.84231190210E-07
  7.82803510901E-07
  7.75963258093E-07
  7.63750165333E-07
  7.46246030303E-07
  7.23574828498E-07
  6.95900496339E-07
  6.63426021674E-07
  6.26391056358E-07
  5.85069528825E-07
  5.39767881946E-07
  4.90820866617E-07
  4.38589751184E-07
  3.83458001352E-07
  3.25828352743E-07
  2.66118888703E-07
  2.04759189160E-07
  1.42186806329E-07
  7.88430156717E-08
  1.51691637029E-08
 -4.83972542042E-08
 -1.11426324167E-07
 -1.73499387301E-07
 -2.34212535588E-07
 -2.93179851951E-07
 -3.50036572172E-07
 -4.04441976798E-07
 -4.56081750144E-07
 -5.04670538248E-07
 -5.49953654172E-07
 -5.91709067521E-07
 -6.29748399206E-07
 -6.63917660404E-07
 -6.94098616805E-07
 -7.20208106486E-07
 -7.42198608350E-07
 -7.60057332627E-07
 -7.73805425069E-07
 -7.83497171142E-07
 -7.89218063346E-07
 -7.91083493823E-07
 -7.89236196397E-07
 -7.83844484431E-07
 -7.75099465500E-07
 -7.63212540278E-07
 -7.48412219309E-07
 -7.30941735583E-07
 -7.11055463398E-07
 -6.89016133038E-07
 -6.65091647534E-07
 -6.39551842596E-07
 -6.12665928656E-07
 -5.84698625516E-07
 -5.55908457045E-07
 -5.26543772139E-07
 -4.96841494169E-07
 -4.67023909323E-07
 -4.37296932887E-07
 -4.07848204986E-07
 -3.78845442128E-07
 -3.50435271912E-07
 -3.22742096159E-07
 -2.95867437217E-07
 -2.69889426363E-07
 -2.44863088028E-07
 -2.20819970309E-07
 -1.97769125521E-07
 -1.75697678628E-07
 -1.54571949906E-07
 -1.34338876023E-07
 -1.14927473760E-07
 -9.62507087365E-08
 -7.82074494055E-08
 -6.06847194717E-08
 -4.35599432080E-08
 -2.67034163670E-08
 -9.98082505532E-09
  6.74420297386E-09
  2.36075035076E-08
  4.07417743986E-08
  5.82740860011E-08
  7.63233529710E-08
  9.49980716314E-08
  1.14394026696E-07
  1.34592255563E-07
  1.55657218670E-07
  1.77635186560E-07
  2.00552648266E-07
  2.24415373395E-07
  2.49207403158E-07
  2.74890425089E-07
  3.01403559888E-07
  3.28663134042E-07
  3.56563276682E-07
  3.84976232226E-07
  4.13753298290E-07
  4.42725962557E-07
  4.71707494398E-07
  5.00494479638E-07
  5.28868781657E-07
  5.56599673018E-07
  5.83446308156E-07
  6.09160281329E-07
  6.33488184576E-07
  6.56174393043E-07
  6.76964248214E-07
  6.95606559020E-07
  7.11856785074E-07
  7.25480333585E-07
  7.36254889944E-07
  7.43973600947E-07
  7.48447860133E-07
  7.49509865727E-07
  7.47014439639E-07
  7.40842381219E-07
  7.30901490442E-07
  7.17128841643E-07
  6.99491749856E-07
  6.77989589803E-07
  6.52654250644E-07
  6.23550647560E-07
  5.90777119669E-07
  5.54465032110E-07
  5.14778719207E-07
  4.71914177069E-07
  4.26098296202E-07
  3.77587326739E-07
  3.26664888917E-07
  2.73640011983E-07
  2.18844775191E-07
  1.62631693001E-07
  1.05370688175E-07
  4.74461607780E-08
 -1.07463185017E-08
 -6.88034660357E-08
 -1.26317758031E-07
 -1.82881109367E-07
 -2.38088503579E-07
 -2.91541653041E-07
 -3.42852615631E-07
 -3.91647546394E-07
 -4.37569923406E-07
 -4.80284143123E-07
 -5.19478589922E-07
 -5.54868506697E-07
 -5.86198950714E-07
 -6.13247323145E-07
 -6.35825131212E-07
 -6.53780602988E-07
 -6.66999426358E-07
 -6.75406965911E-07
 -6.78967921885E-07
 -6.77687751249E-07
 -6.71612383485E-07
 -6.60828220589E-07
 -6.45461057047E-07
 -6.25675227184E-07
 -6.01672638822E-07
 -5.73690215333E-07
 -5.41998758763E-07
 -5.06899425545E-07
 -4.68722163305E-07
 -4.27821959192E-07
 -3.84575997714E-07
 -3.39380164860E-07
 -2.92645324862E-07
 -2.44793710635E-07
 -1.96255044216E-07
 -1.47462614564E-07
 -9.88492843135E-08
 -5.08436137636E-08
 -3.86590093271E-09
  4.16755803201E-08
  8.53883506124E-08
  1.26899195152E-07
  1.65857571233E-07
  2.01938632927E-07
  2.34846282865E-07
  2.64315531240E-07
  2.90115025336E-07
  3.12048769047E-07
  3.29957885015E-07
  3.43721808349E-07
  3.53259224539E-07
  3.58528495781E-07
  3.59527717819E-07
  3.56294520998E-07
  3.48905444980E-07
  3.37474915568E-07
  3.22153653087E-07
  3.03127222878E-07
  2.80613761561E-07
  2.54861731719E-07
  2.26147236049E-07
  1.94771160977E-07
  1.61055893955E-07
  1.25342282331E-07
  8.79859527458E-08
  4.93538045987E-08
  9.82041825637E-09
 -3.02357889836E-08
 -7.04361085013E-08
 -1.10405430576E-07
 -1.49775587488E-07
 -1.88189105188E-07
 -2.25302486001E-07
 -2.60789249751E-07
 -2.94343124096E-07
 -3.25680815649E-07
 -3.54544084757E-07
 -3.80702573466E-07
 -4.03955198180E-07
 -4.24131883392E-07
 -4.41094897496E-07
 -4.54739506495E-07
 -4.64994883487E-07
 -4.71823710768E-07
 -4.75222577734E-07
 -4.75221042961E-07
 -4.71880980513E-07
 -4.65295187269E-07
 -4.55586189219E-07
 -4.42904081410E-07
 -4.27424510008E-07
 -4.09346711194E-07
 -3.88890413205E-07
 -3.66293448906E-07
 -3.41808885196E-07
 -3.15701754516E-07
 -2.88246212676E-07
 -2.59722270357E-07
 -2.30412723567E-07
 -2.00599700406E-07
 -1.70561975210E-07
 -1.40571700058E-07
 -1.10891555494E-07
 -8.17720291479E-08
 -5.34489181803E-08
 -2.61408814595E-08
 -4.73901334841E-11
  2.46531115522E-08
  4.78048001185E-08
  6.92758064247E-08
  8.89590907605E-08
  1.06773164532E-07
  1.22662498825E-07
  1.36597435585E-07
  1.48573960246E-07
  1.58613133294E-07
  1.66760187881E-07
  1.73083250843E-07
  1.77671964252E-07
  1.80635808533E-07
  1.82102198210E-07
  1.82214108690E-07
  1.81128086751E-07
  1.79011578894E-07
  1.76040416022E-07
  1.72396227072E-07
  1.68263667888E-07
  1.63827735378E-07
  1.59271067446E-07
  1.54771299776E-07
  1.50498536300E-07
  1.46612990193E-07
  1.43262553820E-07
  1.40580795005E-07
  1.38685095408E-07
  1.37674902589E-07
  1.37630422614E-07
  1.38611355283E-07
  1.40656140957E-07
  1.43781321071E-07
  1.47981353393E-07
  1.53228569388E-07
  1.59473614758E-07
  1.66646074717E-07
  1.74655326646E-07
  1.83391961173E-07
  1.92729203263E-07
  2.02524546467E-07
  2.12621969808E-07
  2.22853969944E-07
  2.33044005427E-07
  2.43008940970E-07
  2.52561846992E-07
  2.61514600197E-07
  2.69680612064E-07
  2.76877841543E-07
  2.82931324591E-07
  2.87676130029E-07
  2.90959718541E-07
  2.92644728006E-07
  2.92611190389E-07
  2.90758606525E-07
  2.87008020905E-07
  2.81303641714E-07
  2.73614347179E-07
  2.63934595068E-07
  2.52285474289E-07
  2.38715244905E-07
  2.23299167601E-07
  2.06139560532E-07
  1.87365287729E-07
  1.67130664863E-07
  1.45614606595E-07
  1.23018679687E-07
  9.95655398128E-08
  7.54966436034E-08
  5.10698505707E-08
  2.65567550173E-08
  2.23973084523E-09
 -2.15911022394E-08
 -4.46412009580E-08
 -6.66149304607E-08
 -8.72190568657E-08
 -1.06166304192E-07
 -1.23178736544E-07
 -1.37991435167E-07
 -1.50355774053E-07
 -1.60042759489E-07
 -1.66846220395E-07
 -1.70585664705E-07
 -1.71109107328E-07
 -1.68295457570E-07
 -1.62056736031E-07
 -1.52339893589E-07
 -1.39128246701E-07
 -1.22442742168E-07
 -1.02342603725E-07
 -7.89256446865E-08
 -5.23282324139E-08
 -2.27248406759E-08
  9.67297975052E-09
  4.46178241020E-08
  8.18282046566E-08
  1.20990662822E-07
  1.61762216067E-07
  2.03773311114E-07
  2.46630918355E-07
  2.89921928243E-07
  3.33217002435E-07
  3.76074581254E-07
  4.18044749040E-07
  4.58673895309E-07
  4.97508949593E-07
  5.34101673111E-07
  5.68013433622E-07
  5.98819326569E-07
  6.26112978352E-07
  6.49510241146E-07
  6.68653967750E-07
  6.83217137976E-07
  6.92906837685E-07
  6.97467612554E-07
  6.96684708146E-07
  6.90385775215E-07
  6.78444450841E-07
  6.60780983708E-07
  6.37364507838E-07
  6.08213724718E-07
  5.73397130665E-07
  5.33033357897E-07
  4.87290662932E-07
  4.36385931835E-07
  3.80583514925E-07
  3.20192953041E-07
  2.55567272234E-07
  1.87099828963E-07
  1.15221524766E-07
  4.03971789353E-08
 -3.68780916915E-08
 -1.16083036517E-07
 -1.96674520225E-07
 -2.78092045392E-07
 -3.59762623248E-07
 -4.41105299842E-07
 -5.21536321685E-07
 -6.00473981649E-07
 -6.77343507505E-07
 -7.51582149405E-07
 -8.22643414722E-07
 -8.90002297638E-07
 -9.53159315031E-07
 -1.01164471289E-06
 -1.06502284325E-06
 -1.11289477900E-06
 -1.15490229291E-06
 -1.19073138194E-06
 -1.22011260828E-06
 -1.24282564684E-06
 -1.25869951262E-06
 -1.26761381125E-06
 -1.26949998958E-06
 -1.26434144931E-06
 -1.25217309233E-06
 -1.23308109323E-06
 -1.20720187624E-06
 -1.17472006878E-06
 -1.13586736461E-06
 -1.09091968170E-06
 -1.04019466107E-06
 -9.84049393082E-07
 -9.22876211007E-07
 -8.57099394125E-07
 -7.87172098171E-07
 -7.13571637334E-07
 -6.36795732589E-07
 -5.57358362130E-07
 -4.75785441267E-07
 -3.92610360223E-07
 -3.08370175617E-07
 -2.23600821414E-07
 -1.38833229357E-07
 -5.45894209836E-08
  2.86215957601E-08
  1.10307333046E-07
  1.89995304822E-07
  2.67236259788E-07
  3.41607119481E-07
  4.12713546893E-07
  4.80192227315E-07
  5.43713099432E-07
  6.02980833264E-07
  6.57735995446E-07
  7.07756328211E-07
  7.52857317821E-07
  7.92892251411E-07
  8.27752558052E-07
  8.57366842411E-07
  8.81701168964E-07
  9.00756788269E-07
  9.14570136956E-07
  9.23210734527E-07
  9.26778966459E-07
  9.25405515773E-07
  9.19247554521E-07
  9.08487834295E-07
  8.93331502994E-07
  8.74004058460E-07
  8.50748278935E-07
  8.23822119855E-07
  7.93495644302E-07
  7.60048635584E-07
  7.23768437183E-07
  6.84946201090E-07
  6.43875978312E-07
  6.00851137733E-07
  5.56163115562E-07
  5.10098743689E-07
  4.62938515966E-07
  4.14955025008E-07
  3.66411200048E-07
  3.17559141649E-07
  2.68638700618E-07
  2.19876767460E-07
  1.71486334466E-07
  1.23665955698E-07
  7.65993064533E-08
  3.04550269448E-08
 -1.46134073731E-08
 -5.84675063919E-08
 -1.00983527318E-07
 -1.42052059005E-07
 -1.81577519243E-07
 -2.19477513497E-07
 -2.55682124362E-07
 -2.90132959435E-07
 -3.22782540252E-07
 -3.53593321734E-07
 -3.82536399002E-07
 -4.09591194739E-07
 -4.34744066524E-07
 -4.57987454183E-07
 -4.79318941871E-07
 -4.98740746480E-07
 -5.16258467087E-07
 -5.31880516519E-07
 -5.45617808712E-07
 -5.57482451313E-07
 -5.67488200431E-07
 -5.75649096390E-07
 -5.81979918479E-07
 -5.86495275456E-07
 -5.89210571889E-07
 -5.90140530221E-07
 -5.89300270804E-07
 -5.86705368733E-07
 -5.82371626479E-07
 -5.76315471790E-07
 -5.68554696656E-07
 -5.59108286780E-07
 -5.47997046851E-07
 -5.35244396360E-07
 -5.20876199062E-07
 -5.04921729316E-07
 -4.87414013151E-07
 -4.68390197739E-07
 -4.47892119837E-07
 -4.25966590001E-07
 -4.02666046284E-07
 -3.78048270022E-07
 -3.52177494278E-07
 -3.25123778566E-07
 -2.96963634128E-07
 -2.67780080776E-07
 -2.37662192148E-07
 -2.06705479400E-07
 -1.75011450665E-07
 -1.42687298421E-07
 -1.09845750274E-07
 -7.66044436773E-08
 -4.30855067179E-08
 -9.41495326146E-09
  2.42779290005E-08
  5.78613139623E-08
  9.12016133725E-08
  1.24164202475E-07
  1.56614348157E-07
  1.88418042057E-07
  2.19442839011E-07
  2.49558809173E-07
  2.78639447515E-07
  3.06562526475E-07
  3.33210891768E-07
  3.58473442930E-07
  3.82245900710E-07
  4.04431375500E-07
  4.24941418942E-07
  4.43696308139E-07
  4.60625898313E-07
  4.75669907019E-07
  4.88778539420E-07
  4.99912744090E-07
  5.09044355113E-07
  5.16156433150E-07
  5.21243293861E-07
  5.24310507899E-07
  5.25374957761E-07
  5.24464269347E-07
  5.21616755123E-07
  5.16881470958E-07
  5.10317136104E-07
  5.01992019508E-07
  4.91983314532E-07
  4.80376456835E-07
  4.67264783310E-07
  4.52748196267E-07
  4.36932879211E-07
  4.19930501039E-07
  4.01857107590E-07
  3.82832638479E-07
  3.62979562851E-07
  3.42422794120E-07
  3.21288069927E-07
  2.99701582662E-07
  2.77788984704E-07
  2.55674677874E-07
  2.33480989209E-07
  2.11327403576E-07
  1.89329909972E-07
  1.67600475720E-07
  1.46246136978E-07
  1.25368757153E-07
  1.05064351885E-07
  8.54227053537E-08
  6.65269155320E-08
  4.84531526013E-08
  3.12703107852E-08
  1.50398093979E-08
 -1.84563045402E-10
 -1.43567655542E-08
 -2.74385580923E-08
 -3.93995129855E-08
 -5.02169683614E-08
 -5.98759228865E-08
 -6.83689407310E-08
 -7.56959295245E-08
 -8.18639449562E-08
 -8.68869776127E-08
 -9.07856261279E-08
 -9.35868200713E-08
 -9.53235073098E-08
 -9.60342134704E-08
 -9.57628074616E-08
 -9.45580467260E-08
 -9.24731082819E-08
 -8.95653684552E-08
 -8.58957349692E-08
 -8.15284977307E-08
 -7.65307035522E-08
 -7.09717937752E-08
 -6.49232134720E-08
 -5.84579815666E-08
 -5.16502112191E-08
 -4.45747581068E-08
 -3.73068047566E-08
 -2.99214200083E-08
 -2.24932268367E-08
 -1.50959795775E-08
 -7.80216602436E-09
 -6.82706779997E-10
  6.19347595432E-09
  1.27597310495E-08
  1.89520541483E-08
  2.47094025241E-08
  2.99740037235E-08
  3.46916237959E-08
  3.88118657213E-08
  4.22884234297E-08
  4.50793429252E-08
  4.71472283436E-08
  4.84594551153E-08
  4.89883795751E-08
  4.87114597547E-08
  4.76114756509E-08
  4.56765860690E-08
  4.29004423097E-08
  3.92822876449E-08
  3.48269750816E-08
  2.95450046650E-08
  2.34524986098E-08
  1.65711657729E-08
  8.92823770471E-09
  5.56361456905E-10
 -8.50652970286E-09
 -1.82173831575E-08
 -2.85282268919E-08
 -3.93863750503E-08
 -5.07347195366E-08
 -6.25120080144E-08
 -7.46531370055E-08
 -8.70895533467E-08
 -9.97495490651E-08
 -1.12558751653E-07
 -1.25440465126E-07
 -1.38316210041E-07
 -1.51106092972E-07
 -1.63729339420E-07
 -1.76104748562E-07
 -1.88151290104E-07
 -1.99788487976E-07
 -2.10937088241E-07
 -2.21519400156E-07
 -2.31460020927E-07
 -2.40686119923E-07
 -2.49128191854E-07
 -2.56720255720E-07
 -2.63400664835E-07
 -2.69112234719E-07
 -2.73802953643E-07
 -2.77426153161E-07
 -2.79940962855E-07
 -2.81312850348E-07
 -2.81513621303E-07
 -2.80521931018E-07
 -2.78323284419E-07
 -2.74910490816E-07
 -2.70283635473E-07
 -2.64450250143E-07
 -2.57425341488E-07
 -2.49231504768E-07
 -2.39898696464E-07
 -2.29464333756E-07
 -2.17973138206E-07
 -2.05476851534E-07
 -1.92034107727E-07
 -1.77710234084E-07
 -1.62576753837E-07
 -1.46711229831E-07
 -1.30196752934E-07
 -1.13121558343E-07
 -9.55785566248E-08
 -7.76648292344E-08
 -5.94810884991E-08
 -4.11311305015E-08
 -2.27212417769E-08
 -4.35959135459E-09
  1.38444002928E-08
  3.17807185013E-08
  4.93393947920E-08
  6.64111965420E-08
  8.28883059967E-08
  9.86649695278E-08
  1.13638215282E-07
  1.27708531750E-07
  1.40780514357E-07
  1.52763533379E-07
  1.63572352108E-07
  1.73127816083E-07
  1.81357350471E-07
  1.88195713235E-07
  1.93585321995E-07
  1.97476921926E-07
  1.99829997882E-07
  2.00613257562E-07
  1.99804958356E-07
  1.97393362100E-07
  1.93376905600E-07
  1.87764484849E-07
  1.80575725039E-07
  1.71840994767E-07
  1.61601548143E-07
  1.49909482161E-07
  1.36827694064E-07
  1.22429753446E-07
  1.06799738830E-07
  9.00318397612E-08
  7.22302146983E-08
  5.35083550801E-08
  3.39887904488E-08
  1.38024134344E-08
 -6.91210333414E-09
 -2.80090119986E-08
 -4.93362435350E-08
 -7.07362772800E-08
 -9.20469815924E-08
 -1.13102572641E-07
 -1.33734701535E-07
 -1.53773356715E-07
 -1.73048107399E-07
 -1.91389133875E-07
 -2.08628563314E-07
 -2.24601393484E-07
 -2.39146942249E-07
 -2.52110027077E-07
 -2.63342059270E-07
 -2.72702465054E-07
 -2.80059737179E-07
 -2.85292628632E-07
 -2.88291317929E-07
 -2.88958432293E-07
 -2.87210326633E-07
 -2.82977765664E-07
 -2.76207060779E-07
 -2.66860581632E-07
 -2.54917893017E-07
 -2.40376010652E-07
 -2.23250097520E-07
 -2.03573833346E-07
 -1.81399670396E-07
 -1.56799032425E-07
 -1.29862172571E-07
 -1.00698208882E-07
 -6.94346908858E-08
 -3.62172727364E-08
 -1.20910192969E-09
  3.54099007893E-08
  7.34439282724E-08
  1.12682286613E-07
  1.52900540229E-07
  1.93861836806E-07
  2.35318296404E-07
  2.77012560446E-07
  3.18679468592E-07
  3.60047806680E-07
  4.00842054660E-07
  4.40784475586E-07
  4.79596963032E-07
  5.17003229561E-07
  5.52730625714E-07
  5.86512612699E-07
  6.18090439275E-07
  6.47215244953E-07
  6.73650788485E-07
  6.97174471043E-07
  7.17579666798E-07
  7.34678053504E-07
  7.48300351461E-07
  7.58298881465E-07
  7.64548417465E-07
  7.66947891861E-07
  7.65421305005E-07
  7.59918918902E-07
  7.50417996187E-07
  7.36923311706E-07
  7.19467664112E-07
  6.98112160080E-07
  6.72945816405E-07
  6.44085616841E-07
  6.11676114204E-07
  5.75888236654E-07
  5.36919003480E-07
  4.94989592426E-07
  4.50344970204E-07
  4.03251362968E-07
  3.53995119440E-07
  3.02880494019E-07
  2.50227600418E-07
  1.96370280037E-07
  1.41653444530E-07
  8.64308233872E-08
  3.10621928179E-08
 -2.40892514825E-08
 -7.86596530133E-08
 -1.32287240717E-07
 -1.84615103649E-07
 -2.35294066897E-07
 -2.83985258420E-07
 -3.30362865952E-07
 -3.74116780222E-07
 -4.14954939743E-07
 -4.52605775081E-07
 -4.86820454171E-07
 -5.17374701303E-07
 -5.44070871911E-07
 -5.66739458918E-07
 -5.85240854889E-07
 -5.99465806772E-07
 -6.09337007518E-07
 -6.14809664512E-07
 -6.15871726950E-07
 -6.12544226897E-07
 -6.04881108757E-07
 -5.92968774527E-07
 -5.76925629048E-07
 -5.56901113669E-07
 -5.33074285158E-07
 -5.05652906213E-07
 -4.74871313827E-07
 -4.40988912942E-07
 -4.04287902711E-07
 -3.65071088027E-07
 -3.23659577361E-07
 -2.80389798490E-07
 -2.35611395283E-07
 -1.89683944996E-07
 -1.42974229789E-07
 -9.58533448170E-08
 -4.86936748700E-08
 -1.86591497808E-09
  4.42638672382E-08
  8.93371563393E-08
  1.33005798375E-07
  1.74934783104E-07
  2.14804828147E-07
  2.52314862337E-07
  2.87184406034E-07
  3.19155589068E-07
  3.47995239736E-07
  3.73496362727E-07
  3.95479986537E-07
  4.13796158227E-07
  4.28324881341E-07
  4.38977082240E-07
  4.45695008011E-07
  4.48452311730E-07
  4.47254137725E-07
  4.42136695256E-07
  4.33166803759E-07
  4.20440869675E-07
  4.04084062211E-07
  3.84248664886E-07
  3.61112881819E-07
  3.34878762942E-07
  3.05770583964E-07
  2.74032572634E-07
  2.39926663426E-07
  2.03730152748E-07
  1.65733226254E-07
  1.26236272990E-07
  8.55474766581E-08
  4.39799272556E-08
  1.84906390199E-09
 -4.05300397688E-08
 -8.28452826340E-08
 -1.24790176415E-07
 -1.66066243423E-07
 -2.06385507795E-07
 -2.45472676852E-07
 -2.83067322471E-07
 -3.18925913234E-07
 -3.52823434469E-07
 -3.84555278288E-07
 -4.13938323618E-07
 -4.40812243596E-07
 -4.65040699282E-07
 -4.86511680720E-07
 -5.05138473272E-07
 -5.20859430253E-07
 -5.33638512934E-07
 -5.43464864222E-07
 -5.50352297068E-07
 -5.54338953407E-07
 -5.55485996756E-07
 -5.53877328002E-07
 -5.49617368506E-07
 -5.42830719041E-07
 -5.33659601842E-07
 -5.22262837421E-07
 -5.08813855049E-07
 -4.93498362175E-07
 -4.76512838077E-07
 -4.58062231701E-07
 -4.38357716348E-07
 -4.17614614889E-07
 -3.96050211293E-07
 -3.73881562155E-07
 -3.51323421910E-07
 -3.28586111209E-07
 -3.05873498974E-07
 -2.83381183408E-07
 -2.61294729853E-07
 -2.39787794953E-07
 -2.19020748204E-07
 -1.99139265078E-07
 -1.80273133310E-07
 -1.62535201298E-07
 -1.46020497027E-07
 -1.30805645426E-07
 -1.16948186246E-07
 -1.04486623798E-07
 -9.34400503638E-08
 -8.38084588395E-08
 -7.55729558932E-08
 -6.86963090857E-08
 -6.31236218851E-08
 -5.87831863186E-08
 -5.55875097064E-08
 -5.34345048209E-08
 -5.22087866273E-08
 -5.17831608704E-08
 -5.20201197673E-08
 -5.27735650735E-08
 -5.38904849634E-08
 -5.52127907838E-08
 -5.65791395957E-08
 -5.78268171125E-08
 -5.87935957697E-08
 -5.93196141097E-08
 -5.92492064300E-08
 -5.84327217723E-08
 -5.67281936981E-08
 -5.40030526963E-08
 -5.01356751670E-08
 -4.50167476629E-08
 -3.85506915279E-08
 -3.06567748964E-08
 -2.12701909419E-08
 -1.03428874354E-08
  2.15566431372E-09
  1.62379762969E-08
  3.18981498992E-08
  4.91117226886E-08
  6.78356428807E-08
  8.80084556343E-08
  1.09550697402E-07
  1.32365371996E-07
  1.56338757051E-07
  1.81341178518E-07
  2.07228140425E-07
  2.33841433328E-07
  2.61010569602E-07
  2.88553991368E-07
  3.16280932111E-07
  3.43992866192E-07
  3.71485384676E-07
  3.98549758529E-07
  4.24975155511E-07
  4.50550061259E-07
  4.75064780403E-07
  4.98312772379E-07
  5.20092783063E-07
  5.40210749023E-07
  5.58481247026E-07
  5.74729767777E-07
  5.88794137002E-07
  6.00525368100E-07
  6.09790276940E-07
  6.16471766079E-07
  6.20470757440E-07
  6.21706305992E-07
  6.20117305061E-07
  6.15662713699E-07
  6.08322011431E-07
  5.98095766691E-07
  5.85005466291E-07
  5.69094083858E-07
  5.50424886114E-07
  5.29081887635E-07
  5.05168770815E-07
  4.78808374282E-07
  4.50141783404E-07
  4.19326994461E-07
  3.86537948316E-07
  3.51963137746E-07
  3.15803873718E-07
  2.78273091681E-07
  2.39593248352E-07
  1.99994886430E-07
  1.59714517167E-07
  1.18992907971E-07
  7.80730715633E-08
  3.71983794878E-08
 -3.38945205236E-09
 -4.34521787440E-08
 -8.27569905937E-08
 -1.21078329585E-07
 -1.58199597422E-07
 -1.93914914348E-07
 -2.28030557992E-07
 -2.60366590510E-07
 -2.90758066512E-07
 -3.19056340459E-07
 -3.45129819834E-07
 -3.68865357814E-07
 -3.90168537479E-07
 -4.08964353937E-07
 -4.25197612230E-07
 -4.38833239969E-07
 -4.49856088380E-07
 -4.58270932313E-07
 -4.64101873376E-07
 -4.67392339942E-07
 -4.68203893433E-07
 -4.66615716732E-07
 -4.62723363626E-07
 -4.56638019841E-07
 -4.48484769322E-07
 -4.38401599467E-07
 -4.26537837939E-07
 -4.13052362092E-07
 -3.98112319999E-07
 -3.81891140933E-07
 -3.64566915323E-07
 -3.46320717881E-07
 -3.27334760186E-07
 -3.07790458010E-07
 -2.87867123916E-07
 -2.67739835635E-07
 -2.47578185508E-07
 -2.27544418863E-07
 -2.07792226092E-07
 -1.88465293149E-07
 -1.69696050989E-07
 -1.51604595544E-07
 -1.34297749810E-07
 -1.17868239613E-07
 -1.02394011492E-07
 -8.79377921592E-08
 -7.45467190200E-08
 -6.22522193794E-08
 -5.10700033374E-08
 -4.10002662932E-08
 -3.20280193478E-08
 -2.41236310927E-08
 -1.72435026258E-08
 -1.13308775695E-08
 -6.31680396879E-09
 -2.12125006449E-09
  1.34569855259E-09
  4.18250367673E-09
  6.49477049919E-09
  8.39374969530E-09
  9.99479254915E-09
  1.14157501230E-08
  1.27753505552E-08
  1.41915554863E-08
  1.57799604494E-08
  1.76521499640E-08
  1.99141734214E-08
  2.26650147539E-08
  2.59951988824E-08
  2.99854114871E-08
  3.47052981908E-08
  4.02123561116E-08
  4.65509408798E-08
  5.37514139864E-08
  6.18295175059E-08
  7.07858021087E-08
  8.06052753433E-08
  9.12572915013E-08
  1.02695437931E-07
  1.14857861888E-07
  1.27667476590E-07
  1.41032629131E-07
  1.54847725753E-07
  1.68994176875E-07
  1.83341384741E-07
  1.97747922925E-07
  2.12062957416E-07
  2.26127625069E-07
  2.39776625222E-07
  2.52840010262E-07
  2.65144791456E-07
  2.76516800568E-07
  2.86782750436E-07
  2.95771855008E-07
  3.03318103079E-07
  3.09261963594E-07
  3.13452204637E-07
  3.15748081903E-07
  3.16020731361E-07
  3.14155329306E-07
  3.10052229224E-07
  3.03628752363E-07
  2.94820608815E-07
  2.83582863858E-07
  2.69891188509E-07
  2.53742513223E-07
  2.35156022654E-07
  2.14173383029E-07
  1.90859168470E-07
  1.65300988897E-07
  1.37609092121E-07
  1.07916378056E-07
  7.63775247492E-08
  4.31684163971E-08
  8.48504200235E-09
 -2.74576219539E-08
 -6.44270485850E-08
 -1.02174688266E-07
 -1.40437791174E-07
 -1.78941206741E-07
 -2.17399431790E-07
 -2.55519012171E-07
 -2.93000454121E-07
 -3.29540995381E-07
 -3.64836807876E-07
 -3.98585598305E-07
 -4.30489137671E-07
 -4.60255847656E-07
 -4.87603301735E-07
 -5.12260726282E-07
 -5.33971615369E-07
 -5.52495521333E-07
 -5.67611380120E-07
 -5.79118363930E-07
 -5.86839234984E-07
 -5.90620913954E-07
 -5.90337151607E-07
 -5.85889381455E-07
 -5.77208311370E-07
 -5.64255060453E-07
 -5.47021556940E-07
 -5.25531504536E-07
 -4.99840496104E-07
 -4.70036383149E-07
 -4.36238764223E-07
 -3.98598757556E-07
 -3.57298262088E-07
 -3.12548962711E-07
 -2.64591392352E-07
 -2.13693184037E-07
 -1.60147592965E-07
 -1.04271627777E-07
 -4.64040148529E-08
  1.30971393730E-08
  7.38567393910E-08
  1.35485279884E-07
  1.97581613293E-07
  2.59735656982E-07
  3.21531359759E-07
  3.82549899314E-07
  4.42372197540E-07
  5.00582700624E-07
  5.56771624360E-07
  6.10538620549E-07
  6.61495676013E-07
  7.09269272647E-07
  7.53504252771E-07
  7.93865694959E-07
  8.30041926747E-07
  8.61746741521E-07
  8.88721274350E-07
  9.10736673632E-07
  9.27595181111E-07
  9.39132291933E-07
  9.45217550452E-07
  9.45756085002E-07
  9.40689005802E-07
  9.29994314447E-07
  9.13686733384E-07
  8.91818274340E-07
  8.64477613050E-07
  8.31789520817E-07
  7.93914409769E-07
  7.51046684400E-07
  7.03414173131E-07
  6.51275911423E-07
  5.94921061747E-07
  5.34666185104E-07
  4.70853763090E-07
  4.03849441000E-07
  3.34039498284E-07
  2.61828517978E-07
  1.87636288729E-07
  1.11895253951E-07
  3.50472433297E-08
 -4.24592805359E-08
 -1.20172344964E-07
 -1.97639465682E-07
 -2.74410638212E-07
 -3.50041375441E-07
 -4.24095560447E-07
 -4.96148402362E-07
 -5.65788866425E-07
 -6.32622686680E-07
 -6.96274526035E-07
 -7.56390420520E-07
 -8.12639939340E-07
 -8.64717947024E-07
 -9.12346706627E-07
 -9.55277187131E-07
 -9.93290200313E-07
 -1.02619810605E-06
 -1.05384481230E-06
 -1.07610765099E-06
 -1.09289624106E-06
 -1.10415373911E-06
 -1.10985672563E-06
 -1.11001452296E-06
 -1.10466862679E-06
 -1.09389281988E-06
 -1.07779044356E-06
 -1.05649553461E-06
 -1.03017009678E-06
 -9.99002963908E-07
 -9.63207753557E-07
 -9.23022241750E-07
 -8.78704781826E-07
 -8.30534304441E-07
 -7.78806338531E-07
 -7.23832044969E-07
 -6.65935715460E-07
 -6.05452271429E-07
 -5.42725331343E-07
 -4.78104709600E-07
 -4.11944398593E-07
 -3.44600096014E-07
 -2.76427243762E-07
 -2.07778768413E-07
 -1.39003191180E-07
 -7.04425673348E-08
 -2.43073494666E-09
  6.47084519301E-08
  1.30662741071E-07
  1.95132926706E-07
  2.57834273043E-07
  3.18497569651E-07
  3.76870417540E-07
  4.32717854437E-07
  4.85823591134E-07
  5.35990011485E-07
  5.83039366120E-07
  6.26813346116E-07
  6.67173992497E-07
  7.04003468854E-07
  7.37203720291E-07
  7.66697155541E-07
  7.92425339569E-07
  8.14349277789E-07
  8.32448790788E-07
  8.46721832204E-07
  8.57183920289E-07
  8.63867740009E-07
  8.66821494583E-07
  8.66109360231E-07
  8.61809553498E-07
  8.54013876506E-07
  8.42827319048E-07
  8.28365898542E-07
  8.10756944247E-07
  7.90137733020E-07
  7.66654579820E-07
  7.40461757687E-07
  7.11721213520E-07
  6.80600976466E-07
  6.47274987386E-07
  6.11922075677E-07
  5.74724936087E-07
  5.35869787655E-07
  4.95545634749E-07
  4.53943385992E-07
  4.11255456356E-07
  3.67675113466E-07
  3.23395767055E-07
  2.78610713167E-07
  2.33512295722E-07
  1.88291650716E-07
  1.43138080944E-07
  9.82386723081E-08
  5.37777573584E-08
  9.93641702252E-09
 -3.31078382487E-08
 -7.51816671141E-08
 -1.16116311233E-07
 -1.55748097086E-07
