  2.59962700255E-08
  1.95989873220E-08
  1.31033957018E-08
  6.51903153681E-09
 -1.44270595470E-10
 -6.87638390673E-09
 -1.36669155992E-08
 -2.05052081981E-08
 -2.73803681949E-08
 -3.42812711551E-08
 -4.11966034619E-08
 -4.81148276776E-08
 -5.50242447162E-08
 -6.19129991719E-08
 -6.87690615564E-08
 -7.55803242214E-08
 -8.23345303047E-08
 -8.90193589953E-08
 -9.56224255333E-08
 -1.02131316737E-07
 -1.08533576793E-07
 -1.14816792518E-07
 -1.20968593365E-07
 -1.26976672732E-07
 -1.32828859023E-07
 -1.38513115644E-07
 -1.44017619164E-07
 -1.49330730892E-07
 -1.54441096356E-07
 -1.59337716354E-07
 -1.64009890113E-07
 -1.68447371607E-07
 -1.72640284291E-07
 -1.76579391109E-07
 -1.80255852911E-07
 -1.83661512665E-07
 -1.86788781775E-07
 -1.89630810610E-07
 -1.92181403236E-07
 -1.94435187950E-07
 -1.96387475171E-07
 -1.98034527443E-07
 -1.99373360488E-07
 -2.00401856887E-07
 -2.01118822929E-07
 -2.01524002819E-07
 -2.01617908147E-07
 -2.01402087896E-07
 -2.00878901069E-07
 -2.00051673005E-07
 -1.98924524852E-07
 -1.97502473043E-07
 -1.95791244550E-07
 -1.93797504267E-07
 -1.91528499727E-07
 -1.88992217431E-07
 -1.86197269159E-07
 -1.83152863542E-07
 -1.79868663963E-07
 -1.76354760129E-07
 -1.72621696493E-07
 -1.68680244883E-07
 -1.64541447134E-07
 -1.60216416134E-07
 -1.55716463723E-07
 -1.51052816477E-07
 -1.46236672549E-07
 -1.41279116406E-07
 -1.36190990929E-07
 -1.30982940050E-07
 -1.25665238215E-07
 -1.20247889868E-07
 -1.14740387858E-07
 -1.09151912397E-07
 -1.03491096581E-07
 -9.77660974399E-08
 -9.19846101510E-08
 -8.61538396180E-08
 -8.02804365208E-08
 -7.43706394246E-08
 -6.84301895149E-08
 -6.24643874403E-08
 -5.64781785783E-08
 -5.04761210607E-08
 -4.44624959073E-08
 -3.84413105792E-08
 -3.24164126653E-08
 -2.63915147514E-08
 -2.03702779089E-08
 -1.43563836374E-08
 -8.35358004991E-09
 -2.36579311697E-09
  3.60283558543E-09
  9.54788070828E-09
  1.54645576345E-08
  2.13476667454E-08
  2.71915538974E-08
  3.29900551321E-08
  3.87364451626E-08
  4.44234444785E-08
  5.00431660555E-08
  5.55871260133E-08
  6.10462151940E-08
  6.64107702164E-08
  7.16705272907E-08
  7.68147145891E-08
  8.18320415874E-08
  8.67108340685E-08
  9.14389985951E-08
  9.60042072506E-08
  1.00393918956E-07
  1.04595493156E-07
  1.08596289294E-07
  1.12383808926E-07
  1.15945759660E-07
  1.19270225696E-07
  1.22345738873E-07
  1.25161506048E-07
  1.27707352249E-07
  1.29974068841E-07
  1.31953314053E-07
  1.33637911404E-07
  1.35021835490E-07
  1.36100325676E-07
  1.36870056622E-07
  1.37329124072E-07
  1.37477130124E-07
  1.37315254278E-07
  1.36846296073E-07
  1.36074703505E-07
  1.35006459345E-07
  1.33649265877E-07
  1.32012345944E-07
  1.30106499796E-07
  1.27943962980E-07
  1.25538406337E-07
  1.22904779687E-07
  1.20059198139E-07
  1.17018871038E-07
  1.13801867485E-07
  1.10427087918E-07
  1.06913994102E-07
  1.03282495445E-07
  9.95527642544E-08
  9.57450367878E-08
  9.18794640370E-08
  8.79758914607E-08
  8.40536955593E-08
  8.01316346610E-08
  7.62276073374E-08
  7.23585813489E-08
  6.85403733769E-08
  6.47875566528E-08
  6.11133046391E-08
  5.75292844474E-08
  5.40456177589E-08
  5.06707777959E-08
  4.74115289251E-08
  4.42729160000E-08
  4.12582643605E-08
  3.83691904915E-08
  3.56056339967E-08
  3.29659535225E-08
  3.04469445211E-08
  2.80440097811E-08
  2.57512411395E-08
  2.35615740252E-08
  2.14669366727E-08
  1.94584206525E-08
  1.75264620594E-08
  1.56610422408E-08
  1.38518636561E-08
  1.20885763621E-08
  1.03609609781E-08
  8.65913651893E-09
  6.97376378866E-09
  5.29622257162E-09
  3.61879815003E-09
  1.93484650524E-09
  2.38940978114E-10
 -1.47299228370E-09
 -3.20356452477E-09
 -4.95383378762E-09
 -6.72324018680E-09
 -8.50956638487E-09
 -1.03089252690E-08
 -1.21157706090E-08
 -1.39229419105E-08
 -1.57217314722E-08
 -1.75019785331E-08
 -1.92522104925E-08
 -2.09597512679E-08
 -2.26109264645E-08
 -2.41912498922E-08
 -2.56856189651E-08
 -2.70785580625E-08
 -2.83544512314E-08
 -2.94977908766E-08
 -3.04934459905E-08
 -3.13269090668E-08
 -3.19845625540E-08
 -3.24539186636E-08
 -3.27238964815E-08
 -3.27850102622E-08
 -3.26296323294E-08
 -3.22521529483E-08
 -3.16491579611E-08
 -3.08195886589E-08
 -2.97648536929E-08
 -2.84889001279E-08
 -2.69982649570E-08
 -2.53021088525E-08
 -2.34121610987E-08
 -2.13426734064E-08
 -1.91103222136E-08
 -1.67340612478E-08
 -1.42349465548E-08
 -1.16359322178E-08
 -8.96161811426E-09
 -6.23798035448E-09
 -3.49206574768E-09
 -7.51668949306E-10
  1.95501947964E-09
  4.59976412515E-09
  7.15466841328E-09
  9.59254808919E-09
  1.18872955923E-08
  1.40142653038E-08
  1.59506381436E-08
  1.76757382064E-08
  1.91713844799E-08
  2.04221493050E-08
  2.14156425926E-08
  2.21427285396E-08
  2.25976783952E-08
  2.27783374385E-08
  2.26861871511E-08
  2.23263612043E-08
  2.17076436826E-08
  2.08423607262E-08
  1.97462739493E-08
  1.84383370794E-08
  1.69404898998E-08
  1.52773278472E-08
  1.34757378589E-08
  1.15645137910E-08
  9.57389989509E-09
  7.53510320806E-09
  5.47978995513E-09
  3.43952311077E-09
  1.44521672407E-09
 -4.73424632830E-10
 -2.28849206252E-09
 -3.97443322697E-09
 -5.50859091675E-09
 -6.87173828950E-09
 -8.04856092884E-09
 -9.02811159165E-09
 -9.80419923025E-09
 -1.03757313852E-08
 -1.07469961819E-08
 -1.09278426308E-08
 -1.09338182952E-08
 -1.07861968246E-08
 -1.05119184468E-08
 -1.01434682875E-08
 -9.71861080501E-09
 -9.28007182210E-09
 -8.87511308889E-09
 -8.55501003372E-09
 -8.37444069646E-09
 -8.39080271930E-09
 -8.66344151973E-09
 -9.25281096187E-09
 -1.02195736318E-08
 -1.16236495984E-08
 -1.35232207654E-08
 -1.59737130190E-08
 -1.90267606115E-08
 -2.27291607757E-08
 -2.71218514314E-08
 -3.22389119845E-08
 -3.81066165289E-08
 -4.47425030359E-08
 -5.21545793220E-08
 -6.03405680977E-08
 -6.92872674790E-08
 -7.89700322912E-08
 -8.93523548484E-08
 -1.00385626922E-07
 -1.12008997633E-07
 -1.24149480030E-07
 -1.36722050570E-07
 -1.49630096757E-07
 -1.62765971368E-07
 -1.76011610620E-07
 -1.89239514725E-07
 -2.02313685804E-07
 -2.15090963707E-07
 -2.27422290777E-07
 -2.39154218207E-07
 -2.50130568702E-07
 -2.60194042312E-07
 -2.69188262791E-07
 -2.76959411849E-07
 -2.83358502884E-07
 -2.88243086288E-07
 -2.91479523185E-07
 -2.92944719149E-07
 -2.92528255841E-07
 -2.90134153147E-07
 -2.85682887124E-07
 -2.79112811086E-07
 -2.70381889322E-07
 -2.59468919239E-07
 -2.46374980861E-07
 -2.31124047900E-07
 -2.13764067780E-07
 -1.94367260065E-07
 -1.73030485939E-07
 -1.49875035049E-07
 -1.25046554444E-07
 -9.87140751363E-08
 -7.10694436634E-08
 -4.23258370574E-08
 -1.27164163644E-08
  1.75076095843E-08
  4.80790056656E-08
  7.87168659144E-08
  1.09129246084E-07
  1.39015952527E-07
  1.68071593976E-07
  1.95988775431E-07
  2.22461437716E-07
  2.47188268077E-07
  2.69876352377E-07
  2.90244656753E-07
  3.08027495066E-07
  3.22978195300E-07
  3.34872424901E-07
  3.43511572964E-07
  3.48725791355E-07
  3.50376950564E-07
  3.48361311353E-07
  3.42611912174E-07
  3.33100587113E-07
  3.19839557505E-07
  3.02882995129E-07
  2.82327732748E-07
  2.58313605173E-07
  2.31023676633E-07
  2.00683587082E-07
  1.67560557429E-07
  1.31962053729E-07
  9.42337408105E-08
  5.47571161746E-08
  1.39465345939E-08
 -2.77540461724E-08
 -6.98749147432E-08
 -1.11924713053E-07
 -1.53395035341E-07
 -1.93765259837E-07
 -2.32507687770E-07
 -2.69092936378E-07
 -3.02995658785E-07
 -3.33699887278E-07
 -3.60705200819E-07
 -3.83532267278E-07
 -4.01728811994E-07
 -4.14875046317E-07
 -4.22589209848E-07
 -4.24532913712E-07
 -4.20415858571E-07
 -4.10000723150E-07
 -3.93107086438E-07
 -3.69615378304E-07
 -3.39469806931E-07
 -3.02681399944E-07
 -2.59329709706E-07
 -2.09564333886E-07
 -1.53605824948E-07
 -9.17455480476E-08
 -2.43451481197E-08
  4.81647788320E-08
  1.25286774733E-07
  2.06459247920E-07
  2.91060047175E-07
  3.78410447865E-07
  4.67780012059E-07
  5.58392002858E-07
  6.49429239274E-07
  7.40040832170E-07
  8.29348721254E-07
  9.16455690003E-07
  1.00045235740E-06
  1.08042536340E-06
  1.15546617963E-06
  1.22467872643E-06
  1.28718727410E-06
  1.34214621994E-06
  1.38874702316E-06
  1.42622684507E-06
  1.45387593875E-06
  1.47104503867E-06
  1.47715240928E-06
  1.47169066622E-06
  1.45423177855E-06
  1.42443320783E-06
  1.38204154609E-06
  1.32689763177E-06
  1.25893836866E-06
  1.17819934076E-06
  1.08481651750E-06
  9.79026367531E-07
  8.61166085997E-07
  7.31672230359E-07
  5.91077593981E-07
  4.40010154534E-07
  2.79187702290E-07
  1.09414337146E-07
 -6.84253791405E-08
 -2.53372178349E-07
 -4.44398921218E-07
 -6.40417511022E-07
 -8.40287157189E-07
 -1.04282219127E-06
 -1.24680082081E-06
 -1.45097419590E-06
 -1.65407504937E-06
 -1.85482770121E-06
 -2.05195669878E-06
 -2.24419682127E-06
 -2.43030081037E-06
 -2.60905017058E-06
 -2.77926301351E-06
 -2.93980110655E-06
 -3.08958124151E-06
 -3.22757750837E-06
 -3.35283380082E-06
 -3.46446540789E-06
 -3.56166742677E-06
 -3.64371771866E-06
 -3.70998236576E-06
 -3.75991999135E-06
 -3.79308153242E-06
 -3.80911342290E-06
 -3.80776054953E-06
 -3.78886420549E-06
 -3.75236163563E-06
 -3.69828694602E-06
 -3.62676655641E-06
 -3.53801920028E-06
 -3.43235046785E-06
 -3.31015166921E-06
 -3.17189324051E-06
 -3.01812065118E-06
 -2.84945167550E-06
 -2.66656593340E-06
 -2.47020511779E-06
 -2.26116276281E-06
 -2.04028106054E-06
 -1.80844256192E-06
 -1.56656631134E-06
 -1.31560022965E-06
 -1.05651520244E-06
 -7.90301555753E-07
 -5.17961041169E-07
 -2.40503226223E-07
  4.10600904388E-08
  3.25718900740E-07
  6.12469591488E-07
  9.00317957075E-07
  1.18828370432E-06
  1.47540231410E-06
  1.76072785507E-06
  2.04333537113E-06
  2.32232264352E-06
  2.59681064563E-06
  2.86594649879E-06
  3.12890097121E-06
  3.38487279805E-06
  3.63308572560E-06
  3.87278987546E-06
  4.10326174460E-06
  4.32380193160E-06
  4.53373922937E-06
  4.73242334920E-06
  4.91923174195E-06
  5.09356596012E-06
  5.25484892933E-06
  5.40253222425E-06
  5.53608560949E-06
  5.65501068195E-06
  5.75882950216E-06
  5.84709232498E-06
  5.91937759964E-06
  5.97529333390E-06
  6.01447618465E-06
  6.03660055276E-06
  6.04137358096E-06
  6.02854288445E-06
  5.99789609623E-06
  5.94926768827E-06
  5.88253988099E-06
  5.79764628128E-06
  5.69457733945E-06
  5.57338171348E-06
  5.43417081644E-06
  5.27712290932E-06
  5.10248628416E-06
  4.91058381158E-06
  4.70181112178E-06
  4.47664478997E-06
  4.23564142693E-06
  3.97943995267E-06
  3.70876250599E-06
  3.42441694556E-06
  3.12729252983E-06
  2.81836400973E-06
  2.49868594437E-06
  2.16939383790E-06
  1.83169845513E-06
  1.48688343415E-06
  1.13630005671E-06
  7.81361904956E-07
  4.23538807581E-07
  6.43492015229E-08
 -2.94647122701E-07
 -6.51857533285E-07
 -1.00566592209E-06
 -1.35444224725E-06
 -1.69655243099E-06
 -2.03037006941E-06
 -2.35428547057E-06
 -2.66671986537E-06
 -2.96613325190E-06
 -3.25103883370E-06
 -3.52001234205E-06
 -3.77170545107E-06
 -4.00485487262E-06
 -4.21829372499E-06
 -4.41096062787E-06
 -4.58191379948E-06
 -4.73033151138E-06
 -4.85552845930E-06
 -4.95695758218E-06
 -5.03421733811E-06
 -5.08706034452E-06
 -5.11539201398E-06
 -5.11927601110E-06
 -5.09893652634E-06
 -5.05475509271E-06
 -4.98727558806E-06
 -4.89719468533E-06
 -4.78536321680E-06
 -4.65277798867E-06
 -4.50057859780E-06
 -4.33003697253E-06
 -4.14255009673E-06
 -3.93962955059E-06
 -3.72289082406E-06
 -3.49404058397E-06
 -3.25486507791E-06
 -3.00721535496E-06
 -2.75299362329E-06
 -2.49413801612E-06
 -2.23260826715E-06
 -1.97036933969E-06
 -1.70937539679E-06
 -1.45155547671E-06
 -1.19879700833E-06
 -9.52931372922E-07
 -7.15718613264E-07
 -4.88833507006E-07
 -2.73852094779E-07
 -7.22391888530E-08
  1.14663691875E-07
  2.85648638965E-07
  4.39650960971E-07
  5.75757212573E-07
  6.93212484748E-07
  7.91425520674E-07
  8.69973177942E-07
  9.28602503336E-07
  9.67232381299E-07
  9.85953079180E-07
  9.85023461908E-07
  9.64869059317E-07
  9.26076097585E-07
  8.69385416991E-07
  7.95685082267E-07
  7.06001401340E-07
  6.01488864049E-07
  4.83419171360E-07
  3.53168701395E-07
  2.12205904404E-07
  6.20773619175E-08
 -9.56064099000E-08
 -2.59185895857E-07
 -4.26967574185E-07
 -5.97239250055E-07
 -7.68285303820E-07
 -9.38402422435E-07
 -1.10591383873E-06
 -1.26918416754E-06
 -1.42663418501E-06
 -1.57675310675E-06
 -1.71811211658E-06
 -1.84937550785E-06
 -1.96931205210E-06
 -2.07680432140E-06
 -2.17085721488E-06
 -2.25060557568E-06
 -2.31531953432E-06
 -2.36440973822E-06
 -2.39743098973E-06
 -2.41408292823E-06
 -2.41421184910E-06
 -2.39780956690E-06
 -2.36500977735E-06
 -2.31608714785E-06
 -2.25145095101E-06
 -2.17163915295E-06
 -2.07731136470E-06
 -1.96924179363E-06
 -1.84830832950E-06
 -1.71548447270E-06
 -1.57182762450E-06
 -1.41846783208E-06
 -1.25659698824E-06
 -1.08745564376E-06
 -9.12321070246E-07
 -7.32495152533E-07
 -5.49290973595E-07
 -3.64021559562E-07
 -1.77987047323E-07
  7.53697637634E-09
  1.91310220998E-07
  3.72138856619E-07
  5.48885225271E-07
  7.20477146388E-07
  8.85915937943E-07
  1.04428420400E-06
  1.19475203064E-06
  1.33658227242E-06
  1.46913509980E-06
  1.59187038662E-06
  1.70435134805E-06
  1.80624408586E-06
  1.89731747469E-06
  1.97744270736E-06
  2.04659113479E-06
  2.10482971852E-06
  2.15231762013E-06
  2.18930154006E-06
  2.21610889639E-06
  2.23314145842E-06
  2.24086875278E-06
  2.23981896852E-06
  2.23057145377E-06
  2.21374807552E-06
  2.19000344259E-06
  2.16001785702E-06
  2.12448503589E-06
  2.08410710911E-06
  2.03958279599E-06
  1.99159944714E-06
  1.94082554117E-06
  1.88790272659E-06
  1.83343854587E-06
  1.77799995527E-06
  1.72210729943E-06
  1.66622942288E-06
  1.61077957728E-06
  1.55611087393E-06
  1.50251560171E-06
  1.45022158904E-06
  1.39939243127E-06
  1.35012703595E-06
  1.30246189656E-06
  1.25637086512E-06
  1.21176935863E-06
  1.16851742860E-06
  1.12642419481E-06
  1.08525091491E-06
  1.04471985196E-06
  1.00451688922E-06
  9.64300170381E-07
  9.23705613332E-07
  8.82354640908E-07
  8.39861570512E-07
  7.95839866896E-07
  7.49910839204E-07
  7.01709836903E-07
  6.50893298371E-07
  5.97146083692E-07
  5.40187045317E-07
  4.79774939777E-07
  4.15713941493E-07
  3.47857906036E-07
  2.76114491271E-07
  2.00448340593E-07
  1.20883029808E-07
  3.75031916633E-08
 -4.95452603388E-08
 -1.40055107067E-07
 -2.33759408275E-07
 -3.30332596832E-07
 -4.29393821832E-07
 -5.30511272245E-07
 -6.33205445411E-07
 -7.36954746117E-07
 -8.41202222546E-07
 -9.45360511651E-07
 -1.04882019514E-06
 -1.15095622277E-06
 -1.25113820104E-06
 -1.34873425850E-06
 -1.44312252814E-06
 -1.53370035605E-06
 -1.61988873515E-06
 -1.70114299181E-06
 -1.77696142600E-06
 -1.84689076832E-06
 -1.91053368326E-06
 -1.96755695470E-06
 -2.01769421437E-06
 -2.06075333153E-06
 -2.09661948247E-06
 -2.12525810639E-06
 -2.14671922549E-06
 -2.16113539864E-06
 -2.16872399506E-06
 -2.16978719436E-06
 -2.16470652958E-06
 -2.15394334191E-06
 -2.13803286897E-06
 -2.11757833313E-06
 -2.09324707612E-06
 -2.06575987249E-06
 -2.03588820114E-06
 -2.00443810172E-06
 -1.97224608200E-06
 -1.94016774913E-06
 -1.90906598618E-06
 -1.87979946986E-06
 -1.85321357549E-06
 -1.83012639354E-06
 -1.81131929367E-06
 -1.79752316853E-06
 -1.78941047579E-06
 -1.78758227776E-06
 -1.79255891908E-06
 -1.80477093181E-06
 -1.82455107733E-06
 -1.85212559245E-06
 -1.88760918718E-06
 -1.93099867829E-06
 -1.98217003344E-06
 -2.04087450584E-06
 -2.10673920265E-06
 -2.17926572077E-06
 -2.25783264796E-06
 -2.34169851865E-06
 -2.43000658884E-06
 -2.52179029303E-06
 -2.61598279394E-06
 -2.71142357633E-06
 -2.80686981569E-06
 -2.90100729217E-06
 -2.99246289615E-06
 -3.07981804326E-06
 -3.16162277159E-06
 -3.23641097566E-06
 -3.30271404891E-06
 -3.35907816407E-06
 -3.40407973454E-06
 -3.43633928424E-06
 -3.45453963746E-06
 -3.45743774233E-06
 -3.44388126905E-06
 -3.41282020599E-06
 -3.36332254847E-06
 -3.29458066517E-06
 -3.20592607750E-06
 -3.09683491651E-06
 -2.96693633572E-06
 -2.81601865026E-06
 -2.64403024630E-06
 -2.45108185482E-06
 -2.23744996219E-06
 -2.00357044378E-06
 -1.75003697223E-06
 -1.47759442370E-06
 -1.18712830499E-06
 -8.79664469267E-07
 -5.56344389224E-07
 -2.18427558707E-07
  1.32736801106E-07
  4.95714289173E-07
  8.69005532422E-07
  1.25106475934E-06
  1.64031405347E-06
  2.03516356123E-06
  2.43402905653E-06
  2.83534927803E-06
  3.23760173160E-06
  3.63932781511E-06
  4.03913600167E-06
  4.43572616859E-06
  4.82789937450E-06
  5.21457332070E-06
  5.59478348805E-06
  5.96770360062E-06
  6.33264289718E-06
  6.68904976919E-06
  7.03651994627E-06
  7.37478330848E-06
  7.70370843384E-06
  8.02329577709E-06
  8.33367357700E-06
  8.63506465976E-06
  8.92780190043E-06
  9.21228729567E-06
  9.48898923525E-06
  9.75841703621E-06
  1.00210936580E-05
  1.02775411506E-05
  1.05282497316E-05
  1.07736605059E-05
  1.10141254481E-05
  1.12498973976E-05
  1.14810918603E-05
  1.17076706374E-05
  1.19294154501E-05
  1.21459042930E-05
  1.23564886962E-05
  1.25602828120E-05
  1.27561443151E-05
  1.29426580315E-05
  1.31181341203E-05
  1.32805980684E-05
  1.34277906909E-05
  1.35571699502E-05
  1.36659173222E-05
  1.37509559863E-05
  1.38089544635E-05
  1.38363620863E-05
  1.38294226417E-05
  1.37842116601E-05
  1.36966664286E-05
  1.35626314659E-05
  1.33778903546E-05
  1.31382212203E-05
  1.28394431158E-05
  1.24774733194E-05
  1.20483709907E-05
  1.15484072012E-05
  1.09741131382E-05
  1.03223428596E-05
  9.59033877734E-06
  8.77577622305E-06
  7.87683529779E-06
  6.89224634698E-06
  5.82134043725E-06
  4.66410847366E-06
  3.42124621966E-06
  2.09417908081E-06
  6.85113434429E-07
 -8.02941769962E-07
 -2.36614960158E-06
 -3.99983446187E-06
 -5.69846997678E-06
 -7.45568422644E-06
 -9.26426673686E-06
 -1.11161771201E-05
 -1.30025855469E-05
 -1.49139050336E-05
 -1.68398273672E-05
 -1.87693804037E-05
 -2.06909917324E-05
 -2.25925523409E-05
 -2.44615057454E-05
 -2.62849207502E-05
 -2.80495896732E-05
 -2.97421247524E-05
 -3.13490636472E-05
 -3.28569803969E-05
 -3.42525818269E-05
 -3.55228548869E-05
 -3.66551503248E-05
 -3.76373136532E-05
 -3.84578197554E-05
 -3.91058529203E-05
 -3.95714560000E-05
 -3.98456177209E-05
 -3.99203854613E-05
 -3.97889634769E-05
 -3.94458147639E-05
 -3.88867265428E-05
 -3.81088939321E-05
 -3.71109817934E-05
 -3.58932084055E-05
 -3.44573272741E-05
 -3.28067144437E-05
 -3.09463430312E-05
 -2.88828214252E-05
 -2.66243569058E-05
 -2.41807429120E-05
 -2.15633262997E-05
 -1.87849273061E-05
 -1.58598177222E-05
 -1.28035944726E-05
 -9.63311595115E-06
 -6.36638651486E-06
 -3.02243643091E-06
  3.78801246370E-07
  3.81663585358E-06
  7.26976350052E-06
  1.07164205474E-05
  1.41345553857E-05
  1.75019831659E-05
  2.07965713344E-05
  2.39964010689E-05
  2.70799519058E-05
  3.00262672681E-05
  3.28151327267E-05
  3.54272488039E-05
  3.78443692171E-05
  4.00494936912E-05
  4.20269898314E-05
  4.37627277279E-05
  4.52442291135E-05
  4.64607510366E-05
  4.74034204672E-05
  4.80652888655E-05
  4.84414194943E-05
  4.85289456265E-05
  4.83270778204E-05
  4.78371730424E-05
  4.70626946480E-05
  4.60092087451E-05
  4.46843623649E-05
  4.30977997894E-05
  4.12611443608E-05
  3.91878638766E-05
  3.68931832782E-05
  3.43939937011E-05
  3.17086814903E-05
  2.88570045086E-05
  2.58599302470E-05
  2.27394630201E-05
  1.95184729819E-05
  1.62205087690E-05
  1.28696037791E-05
  9.49008426687E-06
  6.10636834608E-06
  2.74276408163E-06
 -5.76723550694E-07
 -3.82859116144E-06
 -6.99002839610E-06
 -1.00391025626E-05
 -1.29549343910E-05
 -1.57178674272E-05
 -1.83096271940E-05
 -2.07134562515E-05
 -2.29142588068E-05
 -2.48987034865E-05
 -2.66553306574E-05
 -2.81746342807E-05
 -2.94491237582E-05
 -3.04733766825E-05
 -3.12440643029E-05
 -3.17599660775E-05
 -3.20219587593E-05
 -3.20329891110E-05
 -3.17980266118E-05
 -3.13240161631E-05
 -3.06197762256E-05
 -2.96959187835E-05
 -2.85647292912E-05
 -2.72400520771E-05
 -2.57371430052E-05
 -2.40725294134E-05
 -2.22638354899E-05
 -2.03296294785E-05
 -1.82892472367E-05
 -1.61625994224E-05
 -1.39699977808E-05
 -1.17319741548E-05
 -9.46908858168E-06
 -7.20174102753E-06
 -4.95000540468E-06
 -2.73343880508E-06
 -5.70926374621E-07
  1.51948631810E-06
  3.52074107468E-06
  5.41690724276E-06
  7.19330728316E-06
  8.83663324203E-06
  1.03350430436E-05
  1.16782466648E-05
  1.28575775307E-05
  1.38660416269E-05
  1.46983538798E-05
  1.53509627125E-05
  1.58220464073E-05
  1.61115076480E-05
  1.62209380505E-05
  1.61535735970E-05
  1.59142382472E-05
  1.55092693603E-05
  1.49464322021E-05
  1.42348117151E-05
  1.33847142934E-05
  1.24075395433E-05
  1.13156538646E-05
  1.01222540252E-05
  8.84122709977E-06
  7.48700222175E-06
  6.07440370004E-06
  4.61850140709E-06
  3.13445957545E-06
  1.63739025538E-06
  1.42209117371E-07
 -1.33650632961E-06
 -2.78464835901E-06
 -4.18870831709E-06
 -5.53589597985E-06
 -6.81424444338E-06
 -8.01271471573E-06
 -9.12128234631E-06
 -1.01310115497E-05
 -1.10341225081E-05
 -1.18240423035E-05
 -1.24954422063E-05
 -1.30442604132E-05
 -1.34677238748E-05
 -1.37643355629E-05
 -1.39338699228E-05
 -1.39773374030E-05
 -1.38969626278E-05
 -1.36961152748E-05
 -1.33792664201E-05
 -1.29519085021E-05
 -1.24204880194E-05
 -1.17923045764E-05
 -1.10754344860E-05
 -1.02786189018E-05
 -9.41116923059E-06
 -8.48285617394E-06
 -7.50380331738E-06
 -6.48437526252E-06
 -5.43507121620E-06
 -4.36641084889E-06
 -3.28883584189E-06
 -2.21259915634E-06
 -1.14767340165E-06
 -1.03653199801E-07
  9.10329049475E-07
  1.88568526482E-06
  2.81444226857E-06
  3.68930727745E-06
  4.50372272098E-06
  5.25191308043E-06
  5.92892183704E-06
  6.53063989375E-06
  7.05382353772E-06
  7.49610171624E-06
  7.85597785580E-06
  8.13281621959E-06
  8.32683053886E-06
  8.43904854264E-06
  8.47127921588E-06
  8.42607823870E-06
  8.30668705021E-06
  8.11698919279E-06
  7.86144300946E-06
  7.54502207201E-06
  7.17314242138E-06
  6.75159435559E-06
  6.28647330814E-06
  5.78409844820E-06
  5.25094628756E-06
  4.69356928079E-06
  4.11853216065E-06
  3.53233531314E-06
  2.94135065815E-06
  2.35175684793E-06
  1.76947946784E-06
  1.20013612559E-06
  6.48985860607E-07
  1.20886042509E-07
 -3.79748371415E-07
 -8.48977208534E-07
 -1.28335966565E-06
 -1.67997609424E-06
 -2.03644253816E-06
 -2.35091465584E-06
 -2.62209255197E-06
 -2.84921225102E-06
 -3.03203864860E-06
 -3.17084459311E-06
 -3.26639406012E-06
 -3.31991077474E-06
 -3.33305160893E-06
 -3.30786997438E-06
 -3.24677807839E-06
 -3.15250599670E-06
 -3.02805938190E-06
 -2.87667444354E-06
 -2.70177156381E-06
 -2.50691027759E-06
 -2.29574152399E-06
 -2.07196262636E-06
 -1.83927102171E-06
 -1.60132344718E-06
 -1.36169205689E-06
 -1.12382724637E-06
 -8.91020079052E-07
 -6.66369373903E-07
 -4.52752601632E-07
 -2.52798827205E-07
 -6.88664627546E-08
  9.69756897007E-08
  2.42962130415E-07
  3.67642371657E-07
  4.69886941801E-07
  5.48890227492E-07
  6.04169315466E-07
  6.35558365047E-07
  6.43202668016E-07
  6.27543954579E-07
  5.89308172039E-07
  5.29486499090E-07
  4.49316814866E-07
  3.50260904725E-07
  2.33981410247E-07
  1.02316334960E-07
 -4.27474837750E-08
 -1.99100554710E-07
 -3.64538266240E-07
 -5.36789173111E-07
 -7.13540998731E-07
 -8.92467937774E-07
 -1.07125617888E-06
 -1.24762857467E-06
 -1.41936845921E-06
 -1.58433942943E-06
 -1.74050796886E-06
 -1.88595993222E-06
 -2.01891634788E-06
 -2.13774865188E-06
 -2.24098812396E-06
 -2.32733850680E-06
 -2.39567975768E-06
 -2.44507577918E-06
 -2.47477669291E-06
 -2.48421770266E-06
 -2.47302068601E-06
 -2.44099010160E-06
 -2.38810730480E-06
 -2.31452577282E-06
 -2.22056223720E-06
 -2.10668827094E-06
 -1.97352073883E-06
 -1.82180997399E-06
 -1.65242943240E-06
 -1.46636273257E-06
 -1.26469205952E-06
 -1.04858554550E-06
 -8.19284707632E-07
 -5.78092567594E-07
 -3.26361742964E-07
 -6.54828724578E-08
  2.03126148790E-07
  4.78030187878E-07
  7.57786835948E-07
  1.04095454390E-06
  1.32610068704E-06
  1.61180889791E-06
  1.89668492112E-06
  2.17936189983E-06
  2.45850560532E-06
  2.73281739283E-06
  3.00103693007E-06
  3.26194640365E-06
  3.51437074642E-06
  3.75717900170E-06
  3.98928659706E-06
  4.20965398007E-06
  4.41728934675E-06
  4.61124636786E-06
  4.79062646264E-06
  4.95457879879E-06
  5.10229938300E-06
  5.23303242517E-06
  5.34607170266E-06
  5.44076010556E-06
  5.51649327463E-06
  5.57272096557E-06
  5.60894795854E-06
  5.62473587706E-06
  5.61971137358E-06
  5.59356294616E-06
  5.54605003344E-06
  5.47700528841E-06
  5.38633594260E-06
  5.27403244632E-06
  5.14017347086E-06
  4.98492454426E-06
  4.80855123897E-06
  4.61141326014E-06
  4.39397808805E-06
  4.15681734012E-06
  3.90061541111E-06
  3.62616628991E-06
  3.33438060807E-06
  3.02628200188E-06
  2.70301075034E-06
  2.36582013713E-06
  2.01607599593E-06
  1.65525329976E-06
  1.28493070406E-06
  9.06787363419E-07
  5.22593836649E-07
  1.34206132429E-07
 -2.56444423030E-07
 -6.47360593575E-07
 -1.03649108496E-06
 -1.42174235407E-06
 -1.80099198133E-06
 -2.17210276787E-06
 -2.53293751484E-06
 -2.88137448479E-06
 -3.21532343150E-06
 -3.53274140252E-06
 -3.83164933737E-06
 -4.11014980273E-06
 -4.36643995272E-06
 -4.59883267467E-06
 -4.80576773043E-06
 -4.98582721775E-06
 -5.13775285071E-06
 -5.26045596416E-06
 -5.35302979188E-06
 -5.41476129001E-06
 -5.44513886780E-06
 -5.44386466572E-06
 -5.41085319128E-06
 -5.34624268766E-06
 -5.25039195054E-06
 -5.12388578500E-06
 -4.96753227708E-06
 -4.78235688206E-06
 -4.56960151496E-06
 -4.33071454609E-06
 -4.06734261560E-06
 -3.78132108381E-06
 -3.47465947925E-06
 -3.14952990266E-06
 -2.80824679066E-06
 -2.45325554715E-06
 -2.08710935112E-06
 -1.71245255842E-06
 -1.33199898755E-06
 -9.48510660237E-07
 -5.64775803014E-07
 -1.83587630431E-07
  1.92279060229E-07
  5.60089688406E-07
  9.17172599202E-07
  1.26093971176E-06
  1.58890838975E-06
  1.89872162082E-06
  2.18816694542E-06
  2.45519458986E-06
  2.69793372354E-06
  2.91470860248E-06
  3.10405107484E-06
  3.26471263179E-06
  3.39567486662E-06
  3.49615584128E-06
  3.56561804438E-06
  3.60377111974E-06
  3.61057232112E-06
  3.58622946806E-06
  3.53119389729E-06
  3.44616069015E-06
  3.33205866809E-06
  3.19004266203E-06
  3.02148418996E-06
  2.82795758721E-06
  2.61122795564E-06
  2.37323433794E-06
  2.11607334677E-06
  1.84198211173E-06
  1.55331804308E-06
  1.25254007344E-06
  9.42186829889E-07
  6.24856966169E-07
  3.03186567407E-07
 -2.01713934445E-08
 -3.42569620670E-07
 -6.61386820866E-07
 -9.74049612523E-07
 -1.27805094507E-06
 -1.57097235842E-06
 -1.85049998436E-06
 -2.11444375964E-06
 -2.36075356952E-06
 -2.58753357230E-06
 -2.79305663753E-06
 -2.97577594210E-06
 -3.13433611154E-06
 -3.26758186020E-06
 -3.37456481248E-06
 -3.45454918715E-06
 -3.50701611751E-06
 -3.53166365130E-06
 -3.52840879714E-06
 -3.49738616023E-06
 -3.43894157595E-06
 -3.35363120030E-06
 -3.24221241499E-06
 -3.10563541461E-06
 -2.94503684017E-06
 -2.76172477243E-06
 -2.55717145592E-06
 -2.33299647334E-06
 -2.09095355785E-06
 -1.83291808753E-06
 -1.56086809966E-06
 -1.27687144413E-06
 -9.83066684057E-07
 -6.81647634337E-07
 -3.74846365503E-07
 -6.49151914445E-08
  2.45889367534E-07
  5.55323765639E-07
  8.61173248268E-07
  1.16126886951E-06
  1.45350156799E-06
  1.73583748619E-06
  2.00633212444E-06
  2.26314318752E-06
  2.50454172601E-06
  2.72892475550E-06
  2.93482480629E-06
  3.12091765409E-06
  3.28603186972E-06
  3.42915336660E-06
  3.54943335878E-06
  3.64618904314E-06
  3.71890905626E-06
  3.76725529350E-06
  3.79105904358E-06
  3.79032553610E-06
  3.76522962142E-06
  3.71611099581E-06
  3.64347238246E-06
  3.54797225555E-06
  3.43041961059E-06
  3.29176646119E-06
  3.13309851663E-06
  2.95562767860E-06
  2.76068135463E-06
  2.54969222624E-06
  2.32418733503E-06
  2.08577557714E-06
  1.83613781246E-06
  1.57701219905E-06
  1.31018305183E-06
  1.03746822333E-06
  7.60705631819E-07
  4.81740414671E-07
  2.02413048100E-07
 -7.54540820935E-08
 -3.50068432908E-07
 -6.19679326519E-07
 -8.82589858975E-07
 -1.13716748729E-06
 -1.38185464493E-06
 -1.61517994002E-06
 -1.83576469226E-06
 -2.04233447221E-06
 -2.23372512664E-06
 -2.40889039560E-06
 -2.56690759670E-06
 -2.70698296845E-06
 -2.82845735455E-06
 -2.93080620395E-06
 -3.01364593724E-06
 -3.07673280986E-06
 -3.11996382152E-06
 -3.14337648888E-06
 -3.14714793603E-06
 -3.13159080179E-06
 -3.09715142066E-06
 -3.04440391119E-06
 -2.97404722005E-06
 -2.88689648187E-06
 -2.78387756225E-06
 -2.66601978183E-06
 -2.53444545706E-06
 -2.39036444327E-06
 -2.23506094699E-06
 -2.06988534046E-06
 -1.89624438462E-06
 -1.71558735929E-06
 -1.52939799136E-06
 -1.33918172196E-06
 -1.14645376925E-06
 -9.52728612447E-07
 -7.59507315706E-07
 -5.68267125800E-07
 -3.80449534987E-07
 -1.97450063411E-07
 -2.06069650233E-08
  1.48808297240E-07
  3.09600892479E-07
  4.60660771751E-07
  6.00972043685E-07
  7.29620296624E-07
  8.45798354021E-07
  9.48812498791E-07
  1.03808906715E-06
  1.11317535811E-06
  1.17374543152E-06
  1.21960079014E-06
  1.25067151657E-06
  1.26701627323E-06
  1.26882184759E-06
  1.25640008264E-06
  1.23018526210E-06
  1.19073001770E-06
  1.13870044061E-06
  1.07486937395E-06
  1.00011061477E-06
  9.15389819056E-07
  8.21757396352E-07
  7.20339301097E-07
  6.12325266047E-07
  4.98961469475E-07
  3.81537404337E-07
  2.61375731725E-07
  1.39820699019E-07
  1.82265420534E-08
 -1.02054372064E-07
 -2.19683116143E-07
 -3.33345838044E-07
 -4.41765195092E-07
 -5.43711223600E-07
 -6.38012693344E-07
 -7.23566245142E-07
 -7.99347048996E-07
 -8.64417415869E-07
 -9.17934755762E-07
 -9.59159592639E-07
 -9.87461248769E-07
 -1.00232534805E-06
 -1.00335614661E-06
 -9.90281478153E-07
 -9.62956050898E-07
 -9.21361163364E-07
 -8.65607148626E-07
 -7.95931384800E-07
 -7.12696703431E-07
 -6.16389570496E-07
 -5.07615425249E-07
 -3.87094019061E-07
 -2.55653759496E-07
 -1.14224945946E-07
  3.61679077798E-08
  1.94414255361E-07
  3.59327060551E-07
  5.29651970282E-07
  7.04078104263E-07
  8.81248524820E-07
  1.05977130715E-06
  1.23823201648E-06
  1.41520354191E-06
  1.58925934102E-06
  1.75898458110E-06
  1.92298739421E-06
  2.07991047319E-06
  2.22844300879E-06
  2.36732898884E-06
  2.49538015851E-06
  2.61148261416E-06
  2.71460862677E-06
  2.80382232631E-06
  2.87828879664E-06
  2.93727862299E-06
  2.98017539535E-06
  3.00647889162E-06
  3.01580939777E-06
  3.00790929941E-06
  2.98264558296E-06
  2.94001097245E-06
  2.88011960947E-06
  2.80321160062E-06
  2.70964414995E-06
  2.59989315055E-06
  2.47454522651E-06
  2.33429318541E-06
  2.17993192564E-06
  2.01234752240E-06
  1.83251427188E-06
  1.64148229942E-06
  1.44037142036E-06
  1.23036102195E-06
  1.01268028629E-06
  7.88598754298E-07
  5.59415809676E-07
  3.26451186083E-07
  9.10342379257E-08
 -1.45505666183E-07
 -3.81849190489E-07
 -6.16696297584E-07
 -8.48776039675E-07
 -1.07685468720E-06
 -1.29974444008E-06
 -1.51631081735E-06
 -1.72548016053E-06
 -1.92624520423E-06
 -2.11767155633E-06
 -2.29890224546E-06
 -2.46916192737E-06
 -2.62775961346E-06
 -2.77409185401E-06
 -2.90764387501E-06
 -3.02799048768E-06
 -3.13479586111E-06
 -3.22781284012E-06
 -3.30688203576E-06
 -3.37192841471E-06
 -3.42295766131E-06
 -3.46005526808E-06
 -3.48337971445E-06
 -3.49315882886E-06
 -3.48968455910E-06
 -3.47330660588E-06
 -3.44442878486E-06
 -3.40350038641E-06
 -3.35101071869E-06
 -3.28748456013E-06
 -3.21347283716E-06
 -3.12954898618E-06
 -3.03630122289E-06
 -2.93432731269E-06
 -2.82422979581E-06
 -2.70660916613E-06
 -2.58205932369E-06
 -2.45116416409E-06
 -2.31449280363E-06
 -2.17259594137E-06
 -2.02600381272E-06
 -1.87522334727E-06
 -1.72073589511E-06
 -1.56299768150E-06
 -1.40243685109E-06
 -1.23945574160E-06
 -1.07443054276E-06
 -9.07711410036E-07
 -7.39625932056E-07
 -5.70479755879E-07
 -4.00559315494E-07
 -2.30134844514E-07
 -5.94635700679E-08
  1.11207363318E-07
  2.81636971522E-07
  4.51586942063E-07
  6.20817843355E-07
  7.89085504493E-07
  9.56137341745E-07
  1.12170914690E-06
  1.28552142087E-06
  1.44727675888E-06
  1.60665695148E-06
  1.76332127921E-06
  1.91690378415E-06
  2.06701338357E-06
  2.21323170990E-06
  2.35511356550E-06
  2.49218714998E-06
  2.62395565187E-06
  2.74989770332E-06
  2.86947056338E-06
  2.98211170957E-06
  3.08724406750E-06
  3.18427851198E-06
  3.27261841448E-06
  3.35166464538E-06
  3.42082239513E-06
  3.47950413015E-06
  3.52713914253E-06
  3.56317536898E-06
  3.58709212378E-06
  3.59840078090E-06
  3.59665386895E-06
  3.58145371138E-06
  3.55245515493E-06
  3.50937443727E-06
  3.45199487128E-06
  3.38017048307E-06
  3.29383510689E-06
  3.19300329465E-06
  3.07777600028E-06
  2.94834467240E-06
  2.80499148175E-06
  2.64809341388E-06
  2.47812317866E-06
  2.29564807341E-06
  2.10133180190E-06
  1.89592788047E-06
  1.68028429925E-06
  1.45533374507E-06
  1.22209303299E-06
  9.81655716714E-07
  7.35187995815E-07
  4.83920359784E-07
  2.29140383112E-07
 -2.78154494993E-08
 -2.85570934011E-07
 -5.42719533314E-07
 -7.97834616151E-07
 -1.04947957880E-06
 -1.29621935230E-06
 -1.53663017954E-06
 -1.76931143869E-06
 -1.99289684133E-06
 -2.20606511903E-06
 -2.40755070990E-06
 -2.59615353571E-06
 -2.77075082522E-06
 -2.93030507237E-06
 -3.07387267640E-06
 -3.20061462844E-06
 -3.30979969476E-06
 -3.40081578543E-06
 -3.47317109117E-06
 -3.52650135937E-06
 -3.56057307727E-06
 -3.57528529094E-06
 -3.57067210643E-06
 -3.54690018867E-06
 -3.50427171725E-06
 -3.44321938428E-06
 -3.36430343850E-06
 -3.26820850205E-06
 -3.15573720400E-06
 -3.02780449601E-06
 -2.88543014904E-06
 -2.72972852144E-06
 -2.56190196524E-06
 -2.38322991208E-06
 -2.19505795940E-06
 -1.99878718377E-06
 -1.79586197646E-06
 -1.58775924319E-06
 -1.37597476169E-06
 -1.16201169931E-06
 -9.47368391735E-07
 -7.33525894248E-07
 -5.21936158293E-07
 -3.14009582780E-07
 -1.11105030953E-07
  8.54816946116E-08
  2.74527792499E-07
  4.54892756352E-07
  6.25526865861E-07
  7.85478732723E-07
  9.33902413180E-07
  1.07006269445E-06
  1.19333969906E-06
  1.30323303438E-06
  1.39936321375E-06
  1.48147421442E-06
  1.54943268171E-06
  1.60322713327E-06
  1.64296648109E-06
  1.66887673458E-06
  1.68129611211E-06
  1.68067083450E-06
  1.66754864495E-06
  1.64257232882E-06
  1.60647130087E-06
  1.56005364715E-06
  1.50419771217E-06
  1.43984141232E-06
  1.36797336836E-06
  1.28962210511E-06
  1.20584581964E-06
  1.11772169475E-06
  1.02633578081E-06
  9.32771797579E-07
  8.38101641421E-07
  7.43374869216E-07
  6.49609376069E-07
  5.57782243504E-07
  4.68821212962E-07
  3.83596642450E-07
  3.02914486383E-07
  2.27509730166E-07
  1.58040577958E-07
  9.50839620373E-08
  3.91313612624E-08
 -9.41408906385E-09
 -5.02397305979E-08
 -8.31245614563E-08
 -1.07939406746E-07
 -1.24646390987E-07
 -1.33297220373E-07
 -1.34030983645E-07
 -1.27070720168E-07
 -1.12719554579E-07
 -9.13560214144E-08
 -6.34286507761E-08
 -2.94500459574E-08
  1.00095842726E-08
  5.43293303679E-08
  1.02844808225E-07
  1.54855825940E-07
  2.09634052339E-07
  2.66430873808E-07
  3.24485597503E-07
  3.83032926266E-07
  4.41311158283E-07
  4.98569534102E-07
  5.54075541004E-07
  6.07122444762E-07
  6.57035059248E-07
  7.03176681327E-07
  7.44954263610E-07
  7.81823928264E-07
  8.13295343960E-07
  8.38935704905E-07
  8.58372743551E-07
  8.71297913818E-07
  8.77467755345E-07
  8.76706167219E-07
  8.68903555329E-07
  8.54017912388E-07
  8.32073851598E-07
  8.03161469776E-07
  7.67433903093E-07
  7.25105167021E-07
  6.76447541537E-07
  6.21787421551E-07
  5.61501792617E-07
  4.96013910833E-07
  4.25788641678E-07
  3.51327315684E-07
  2.73162811482E-07
  1.91854354625E-07
  1.07981712461E-07
  2.21399432121E-08
 -6.50661462487E-08
 -1.53027514216E-07
 -2.41136206114E-07
 -3.28790662252E-07
 -4.15400450038E-07
 -5.00391536207E-07
 -5.83210294280E-07
 -6.63328307837E-07
 -7.40245354791E-07
 -8.13493727492E-07
 -8.82641529643E-07
 -9.47294097386E-07
 -1.00709780781E-06
 -1.06174081793E-06
 -1.11095539523E-06
 -1.15451814509E-06
 -1.19225114759E-06
 -1.22402218494E-06
 -1.24974383198E-06
 -1.26937356981E-06
 -1.28291253532E-06
 -1.29040415686E-06
 -1.29193256271E-06
 -1.28762098939E-06
 -1.27762825741E-06
 -1.26214820284E-06
 -1.24140581192E-06
 -1.21565472000E-06
 -1.18517436931E-06
 -1.15026648473E-06
 -1.11125257263E-06
 -1.06847016923E-06
 -1.02227068055E-06
 -9.73014493866E-07
 -9.21069215565E-07
 -8.66806431077E-07
 -8.10598294265E-07
 -7.52815083160E-07
 -6.93822471476E-07
 -6.33978686437E-07
 -5.73632405576E-07
 -5.13120880896E-07
 -4.52767352499E-07
 -3.92879883293E-07
 -3.33749454740E-07
 -2.75648829984E-07
 -2.18831502252E-07
 -1.63530756936E-07
 -1.09959088945E-07
 -5.83076733562E-08
 -8.74628458547E-09
  3.85766938393E-08
  8.35342675032E-08
  1.26020339053E-07
  1.65949188613E-07
  2.03254728603E-07
  2.37889821619E-07
  2.69825505939E-07
  2.99049361274E-07
  3.25565025605E-07
  3.49390717247E-07
  3.70557643237E-07
  3.89109288790E-07
  4.05099768841E-07
  4.18592406959E-07
  4.29658769008E-07
  4.38376787315E-07
  4.44829964863E-07
  4.49105982625E-07
  4.51295505854E-07
  4.51491303011E-07
  4.49786796253E-07
  4.46275663535E-07
  4.41050474365E-07
  4.34202462429E-07
  4.25820758210E-07
  4.15991792124E-07
  4.04798868203E-07
  3.92322164089E-07
  3.78638503662E-07
  3.63820902294E-07
  3.47939362655E-07
  3.31060476810E-07
  3.13247937811E-07
  2.94563051284E-07
  2.75064763855E-07
  2.54810657907E-07
  2.33857278431E-07
  2.12260928834E-07
  1.90078296214E-07
  1.67367218751E-07
  1.44187382034E-07
  1.20601242770E-07
  9.66745687947E-08
  7.24772846183E-08
  4.80843276307E-08
  2.35759181066E-08
 -9.61457025106E-10
 -2.54347227724E-08
 -4.97438108482E-08
 -7.37811589602E-08
 -9.74315383928E-08
 -1.20572096307E-07
 -1.43072043102E-07
 -1.64793235058E-07
 -1.85589996704E-07
 -2.05309817147E-07
 -2.23793932719E-07
 -2.40877994884E-07
 -2.56392894471E-07
 -2.70165827487E-07
 -2.82021403564E-07
 -2.91783436523E-07
 -2.99275455973E-07
 -3.04323037881E-07
 -3.06755339352E-07
 -3.06406462869E-07
 -3.03117928979E-07
 -2.96740097383E-07
 -2.87134469090E-07
 -2.74175675941E-07
 -2.57753043797E-07
 -2.37773434719E-07
 -2.14162483303E-07
 -1.86866927265E-07
 -1.55856227479E-07
 -1.21124642760E-07
 -8.26926580544E-08
 -4.06082811821E-08
  5.05123676220E-09
  5.41785567520E-08
  1.06635305031E-07
  1.62251367897E-07
  2.20824404096E-07
  2.82119771100E-07
  3.45870716956E-07
  4.11778586340E-07
  4.79513801110E-07
  5.48716514004E-07
  6.18998683422E-07
  6.89944783971E-07
  7.61114392844E-07
  8.32044577237E-07
  9.02251940715E-07
  9.71235976976E-07
  1.03848208255E-06
  1.10346468318E-06
  1.16565138342E-06
  1.22450660456E-06
  1.27949533635E-06
  1.33008779812E-06
  1.37576319048E-06
  1.41601492487E-06
  1.45035426158E-06
  1.47831474351E-06
  1.49945765315E-06
  1.51337508214E-06
  1.51969550188E-06
  1.51808637838E-06
  1.50825940182E-06
  1.48997321503E-06
  1.46303818838E-06
  1.42731755659E-06
  1.38273219363E-06
  1.32926118113E-06
  1.26694556002E-06
  1.19588855796E-06
  1.11625729460E-06
  1.02828312265E-06
  9.32262366860E-07
  8.28555073440E-07
  7.17584498489E-07
  5.99835914272E-07
  4.75853823900E-07
  3.46240710769E-07
  2.11653087945E-07
  7.27982367721E-08
 -6.95695234754E-08
 -2.14653482544E-07
 -3.61619271416E-07
 -5.09600113219E-07
 -6.57702400986E-07
 -8.05011609373E-07
 -9.50598519012E-07
 -1.09352549771E-06
 -1.23285292375E-06
 -1.36764651870E-06
 -1.49698348650E-06
 -1.61995944836E-06
 -1.73569537765E-06
 -1.84334396636E-06
 -1.94209633264E-06
 -2.03118929676E-06
 -2.10990901905E-06
 -2.17759952648E-06
 -2.23366623686E-06
 -2.27758118854E-06
 -2.30888963415E-06
 -2.32721095017E-06
 -2.33224500334E-06
 -2.32377351495E-06
 -2.30166301662E-06
 -2.26586712415E-06
 -2.21642653742E-06
 -2.15347245103E-06
 -2.07722268897E-06
 -1.98798352358E-06
 -1.88614887975E-06
 -1.77219658326E-06
 -1.64668676916E-06
 -1.51025858486E-06
 -1.36362712055E-06
 -1.20757806599E-06
 -1.04296395875E-06
 -8.70698102062E-07
 -6.91749619364E-07
 -5.07136803662E-07
 -3.17921347914E-07
 -1.25200699586E-07
  6.98981352798E-08
  2.66226123813E-07
  4.62619567543E-07
  6.57907435198E-07
  8.50918979722E-07
  1.04049115635E-06
  1.22547589854E-06
  1.40474776344E-06
  1.57721069627E-06
  1.74180547674E-06
  1.89751574453E-06
  2.04337470677E-06
  2.17847150452E-06
  2.30195678341E-06
  2.41304633164E-06
  2.51102937909E-06
  2.59526905211E-06
  2.66520873993E-06
  2.72037459581E-06
  2.76037849289E-06
  2.78491961581E-06
  2.79378673440E-06
  2.78686047750E-06
  2.76411151390E-06
  2.72560146186E-06
  2.67148425337E-06
  2.60200158664E-06
  2.51748542723E-06
  2.41835255110E-06
  2.30510227084E-06
  2.17831643567E-06
  2.03865192816E-06
  1.88683998203E-06
  1.72367992946E-06
  1.55003499458E-06
  1.36682785978E-06
  1.17503464026E-06
  9.75679768089E-07
  7.69829910041E-07
  5.58588510557E-07
  3.43088828458E-07
  1.24488181541E-07
 -9.60386259408E-08
 -3.17305790531E-07
 -5.38122890248E-07
 -7.57301677368E-07
 -9.73662054093E-07
 -1.18603918509E-06
 -1.39328903970E-06
 -1.59429498581E-06
 -1.78797392891E-06
 -1.97328245122E-06
 -2.14922079067E-06
 -2.31484045798E-06
 -2.46924855674E-06
 -2.61161153503E-06
 -2.74116132459E-06
 -2.85719897875E-06
 -2.95909762826E-06
 -3.04630793835E-06
 -3.11835924549E-06
 -3.17486296808E-06
 -3.21551578963E-06
 -3.24009920405E-06
 -3.24848338096E-06
 -3.24062739310E-06
 -3.21657830682E-06
 -3.17647254633E-06
 -3.12053498419E-06
 -3.04907803184E-06
 -2.96250050269E-06
 -2.86128442895E-06
 -2.74599415206E-06
 -2.61727291218E-06
 -2.47583830060E-06
 -2.32248089560E-06
 -2.15805721382E-06
 -1.98348789127E-06
 -1.79975006631E-06
 -1.60787362802E-06
 -1.40893450862E-06
 -1.20404888548E-06
 -9.94367496787E-07
 -7.81067285516E-07
 -5.65346283565E-07
 -3.48415483131E-07
 -1.31491887601E-07
  8.42086222974E-08
  2.97479004985E-07
  5.07127992933E-07
  7.11988036528E-07
  9.10921926334E-07
  1.10283031063E-06
  1.28665840293E-06
  1.46140325796E-06
  1.62611945598E-06
  1.77992546924E-06
  1.92200968741E-06
  2.05163541978E-06
  2.16814669329E-06
  2.27096961680E-06
  2.35962079387E-06
  2.43370686803E-06
  2.49292816079E-06
  2.53708253695E-06
  2.56606358562E-06
  2.57986334873E-06
  2.57857300312E-06
  2.56237922258E-06
  2.53156690633E-06
  2.48651349466E-06
  2.42768851422E-06
  2.35564880313E-06
  2.27103532779E-06
  2.17456954488E-06
  2.06704544325E-06
  1.94932545128E-06
  1.82233532087E-06
  1.68705491888E-06
  1.54451288381E-06
  1.39577775826E-06
  1.24195207718E-06
  1.08416190869E-06
  9.23550487641E-07
  7.61268893257E-07
  5.98467920554E-07
  4.36289724348E-07
  2.75859349586E-07
  1.18276616945E-07
 -3.53917926077E-08
 -1.84120153790E-07
 -3.26930859273E-07
 -4.62901567744E-07
 -5.91171499309E-07
 -7.10947176685E-07
 -8.21508706395E-07
 -9.22213530430E-07
 -1.01250134321E-06
 -1.09189716113E-06
 -1.16001433526E-06
 -1.21655637031E-06
 -1.26131874367E-06
 -1.29418890538E-06
 -1.31514696022E-06
 -1.32426328037E-06
 -1.32169861899E-06
 -1.30770081341E-06
 -1.28260171550E-06
 -1.24681434954E-06
 -1.20082700050E-06
 -1.14520037187E-06
 -1.08056065073E-06
 -1.00759427824E-06
 -9.27041469367E-07
 -8.39689732857E-07
 -7.46366310977E-07
 -6.47931869935E-07
 -5.45272143881E-07
 -4.39291341081E-07
 -3.30903560553E-07
 -2.21026084546E-07
 -1.10571562573E-07
 -4.40600500529E-10
  1.08484904615E-07
  2.15349530208E-07
  3.19329444665E-07
  4.19639945903E-07
  5.15540136803E-07
  6.06338858233E-07
  6.91398952313E-07
  7.70141639350E-07
  8.42050155825E-07
  9.06672937617E-07
  9.63625666373E-07
  1.01259331586E-06
  1.05333128886E-06
  1.08566621293E-06
  1.10949542886E-06
  1.12478653591E-06
  1.13157659598E-06
  1.12996985990E-06
  1.12013492526E-06
  1.10230359951E-06
  1.07676532934E-06
  1.04386606381E-06
  1.00400154679E-06
  9.57614588515E-07
  9.05189892819E-07
  8.47249054914E-07
  7.84345502325E-07
  7.17058583177E-07
  6.45989189252E-07
  5.71753446366E-07
  4.94977484777E-07
  4.16292550653E-07
  3.36329037509E-07
  2.55711626096E-07
  1.75054310603E-07
  9.49557374952E-08
  1.59944999467E-08
 -6.12749317952E-08
 -1.36326121947E-07
 -2.08664289403E-07
 -2.77829343531E-07
 -3.43399136682E-07
 -4.04991254754E-07
 -4.62265944634E-07
 -5.14926853157E-07
 -5.62722902941E-07
 -6.05449145041E-07
 -6.42946645257E-07
 -6.75103763115E-07
 -7.01854730778E-07
 -7.23179368833E-07
 -7.39102574698E-07
 -7.49692674162E-07
 -7.55059943458E-07
 -7.55354847115E-07
 -7.50765821067E-07
 -7.41516998914E-07
 -7.27865938188E-07
 -7.10100721335E-07
 -6.88537227234E-07
 -6.63515834276E-07
 -6.35399089788E-07
 -6.04567901519E-07
 -5.71418809159E-07
 -5.36360175829E-07
 -4.99809686971E-07
 -4.62190627104E-07
 -4.23928810278E-07
 -3.85449482110E-07
 -3.47174051285E-07
 -3.09517247388E-07
 -2.72884051356E-07
 -2.37666853309E-07
 -2.04242795121E-07
 -1.72971027723E-07
 -1.44190323681E-07
 -1.18216583189E-07
 -9.53407592874E-08
 -7.58266409662E-08
 -5.99091336539E-08
 -4.77923123299E-08
 -3.96478974096E-08
 -3.56139935320E-08
 -3.57935299178E-08
 -4.02536670663E-08
 -4.90245497531E-08
 -6.20989055733E-08
 -7.94314658492E-08
 -1.00938684966E-07
 -1.26499131170E-07
 -1.55952974978E-07
 -1.89103118942E-07
 -2.25715382385E-07
 -2.65519702225E-07
 -3.08211070887E-07
 -3.53451042656E-07
 -4.00869282657E-07
 -4.50065670066E-07
 -5.00612088672E-07
 -5.52055098524E-07
 -6.03918465458E-07
 -6.55706173802E-07
 -7.06905154857E-07
 -7.56989152251E-07
 -8.05421848327E-07
 -8.51660900025E-07
 -8.95161690551E-07
 -9.35381422096E-07
 -9.71783720161E-07
 -1.00384227153E-06
 -1.03104639493E-06
 -1.05290416741E-06
 -1.06894810870E-06
 -1.07873927391E-06
 -1.08187191472E-06
 -1.07797768578E-06
 -1.06672996480E-06
 -1.04784840005E-06
 -1.02110220723E-06
 -9.86314603324E-07
 -9.43365535022E-07
 -8.92195373581E-07
 -8.32806847484E-07
 -7.65268509895E-07
 -6.89715420776E-07
 -6.06351193255E-07
 -5.15448732585E-07
 -4.17350349835E-07
 -3.12467847152E-07
 -2.01281281420E-07
 -8.43379694970E-08
  3.77501017113E-08
  1.64308687545E-07
  2.94604518558E-07
  4.27849755624E-07
  5.63205787785E-07
  6.99789268310E-07
  8.36676861127E-07
  9.72912516772E-07
  1.10751329885E-06
  1.23947756947E-06
  1.36779135573E-06
  1.49143772887E-06
  1.60940385285E-06
  1.72069042037E-06
  1.82431915619E-06
  1.91934259419E-06
  2.00485260393E-06
  2.07998823498E-06
  2.14394572140E-06
  2.19598427975E-06
  2.23543702305E-06
  2.26171528084E-06
  2.27431883104E-06
  2.27283999266E-06
  2.25697044698E-06
  2.22650578507E-06
  2.18135051000E-06
  2.12152099266E-06
  2.04714842766E-06
  1.95848019757E-06
  1.85588112345E-06
  1.73983187324E-06
  1.61092941653E-06
  1.46988281813E-06
  1.31751164645E-06
  1.15474006179E-06
  9.82591473075E-07
  8.02183706128E-07
  6.14719169789E-07
  4.21478063117E-07
  2.23809379918E-07
  2.31199113188E-08
 -1.79135582812E-07
 -3.81465923738E-07
 -5.82355141887E-07
 -7.80274945100E-07
 -9.73696955953E-07
 -1.16110584258E-06
 -1.34101162530E-06
 -1.51196343268E-06
 -1.67256132499E-06
 -1.82146902716E-06
 -1.95742654796E-06
 -2.07926109397E-06
 -2.18589866563E-06
 -2.27637428907E-06
 -2.34984054259E-06
 -2.40557869802E-06
 -2.44300304075E-06
 -2.46167019213E-06
 -2.46128297476E-06
 -2.44169427788E-06
 -2.40291228693E-06
 -2.34509911934E-06
 -2.26857218877E-06
 -2.17380443246E-06
 -2.06141953640E-06
 -1.93219011635E-06
 -1.78703044185E-06
 -1.62699200246E-06
 -1.45325509493E-06
 -1.26711847770E-06
 -1.06999152649E-06
 -8.63381615090E-07
 -6.48882803489E-07
 -4.28162451271E-07
 -2.02947944672E-07
  2.49877736280E-08
  2.53840937603E-07
  4.81791914808E-07
  7.07020660684E-07
  9.27722396682E-07
  1.14212207336E-06
  1.34849074129E-06
  1.54515976192E-06
  1.73053490471E-06
  1.90311061488E-06
  2.06148342841E-06
  2.20436209020E-06
  2.33058199228E-06
  2.43911290454E-06
  2.52906829701E-06
  2.59971420746E-06
  2.65047401626E-06
  2.68093504019E-06
  2.69085057880E-06
  2.68014355242E-06
  2.64890650215E-06
  2.59739908870E-06
  2.52604922935E-06
  2.43544673140E-06
  2.32633738051E-06
  2.19961907533E-06
  2.05633091355E-06
  1.89764682546E-06
  1.72486227257E-06
  1.53938503900E-06
  1.34272227115E-06
  1.13646626687E-06
  9.22282083593E-07
  7.01891281096E-07
  4.77058790693E-07
  2.49576032729E-07
  2.12461461757E-08
 -2.06131602454E-07
 -4.30777248539E-07
 -6.50945366942E-07
 -8.64939750045E-07
 -1.07112759906E-06
 -1.26795350752E-06
 -1.45395176787E-06
 -1.62775836543E-06
 -1.78812217655E-06
 -1.93391520042E-06
 -2.06414028980E-06
 -2.17793876800E-06
 -2.27459804591E-06
 -2.35355446421E-06
 -2.41439738602E-06
 -2.45687238021E-06
 -2.48088031185E-06
 -2.48647711487E-06
 -2.47387197305E-06
 -2.44342254518E-06
 -2.39563269133E-06
 -2.33114383263E-06
 -2.25072903959E-06
 -2.15528393710E-06
 -2.04581874641E-06
 -1.92344577954E-06
 -1.78937102646E-06
 -1.64488028531E-06
 -1.49132756633E-06
 -1.33012258630E-06
 -1.16271701245E-06
 -9.90591502159E-07
 -8.15242174212E-07
 -6.38166966382E-07
 -4.60853129880E-07
 -2.84763359559E-07
 -1.11323757324E-07
  5.80881689416E-08
  2.22155193796E-07
  3.79630648695E-07
  5.29348767486E-07
  6.70233362143E-07
  8.01305986897E-07
  9.21693015243E-07
  1.03063132428E-06
  1.12747341063E-06
  1.21169114209E-06
  1.28287786083E-06
  1.34075082769E-06
  1.38514963055E-06
  1.41603743486E-06
  1.43349757309E-06
  1.43773070249E-06
  1.42905139455E-06
  1.40788233693E-06
  1.37474842177E-06
  1.33027083393E-06
  1.27515806980E-06
  1.21019922972E-06
  1.13625435461E-06
  1.05424544472E-06
  9.65146341514E-07
  8.69973803219E-07
  7.69776590914E-07
  6.65625350393E-07
  5.58602550882E-07
  4.49792310064E-07
  3.40270730703E-07
  2.31095953040E-07
  1.23298818266E-07
  1.78744929968E-08
 -8.42261798084E-08
 -1.82104145097E-07
 -2.74919415233E-07
 -3.61897292578E-07
 -4.42333828232E-07
 -5.15600959261E-07
 -5.81150288781E-07
 -6.38516667095E-07
 -6.87319584358E-07
 -7.27265899059E-07
 -7.58150008551E-07
 -7.79853223776E-07
 -7.92343655576E-07
 -7.95673940956E-07
 -7.89979026194E-07
 -7.75473097292E-07
 -7.52445487251E-07
 -7.21256697034E-07
 -6.82333052282E-07
 -6.36161871626E-07
 -5.83284759159E-07
 -5.24292659065E-07
 -4.59818181753E-07
 -3.90529834249E-07
 -3.17124772664E-07
 -2.40322009404E-07
 -1.60855620379E-07
 -7.94677816884E-08
  3.09796055475E-09
  8.61031566046E-08
  1.68820847080E-07
  2.50541546620E-07
  3.30578956209E-07
  4.08275525388E-07
  4.83007056573E-07
  5.54187124635E-07
  6.21271567525E-07
  6.83761641085E-07
  7.41207031751E-07
  7.93208414507E-07
  8.39419328713E-07
  8.79547883414E-07
  9.13357041554E-07
  9.40665927374E-07
  9.61348632700E-07
  9.75334728537E-07
  9.82607161859E-07
  9.83201857707E-07
  9.77204535957E-07
  9.64749574450E-07
  9.46017223669E-07
  9.21230139284E-07
  8.90650767360E-07
  8.54577592690E-07
  8.13342239780E-07
  7.67304925375E-07
  7.16850934168E-07
  6.62387549255E-07
  6.04338822541E-07
  5.43142846254E-07
  4.79247148633E-07
  4.13105453845E-07
  3.45173788219E-07
  2.75907098057E-07
  2.05755867455E-07
  1.35162977699E-07
  6.45607798333E-08
 -5.63153301769E-09
 -7.50105613179E-08
 -1.43190760582E-07
 -2.09806529483E-07
 -2.74513752174E-07
 -3.36991519134E-07
 -3.96942965608E-07
 -4.54096323210E-07
 -5.08205914684E-07
 -5.59052011795E-07
 -6.06441119544E-07
 -6.50206857244E-07
 -6.90208253218E-07
 -7.26330370071E-07
 -7.58483565733E-07
 -7.86602299740E-07
 -8.10644792182E-07
 -8.30591659451E-07
 -8.46444834224E-07
 -8.58226655964E-07
 -8.65978165621E-07
 -8.69758480349E-07
 -8.69642633461E-07
 -8.65720835463E-07
 -8.58097166656E-07
 -8.46887928674E-07
 -8.32220564462E-07
 -8.14232294033E-07
 -7.93069375504E-07
 -7.68885286107E-07
 -7.41840381124E-07
 -7.12100245437E-07
 -6.79835579831E-07
 -6.45220495699E-07
 -6.08432685567E-07
 -5.69652058857E-07
 -5.29060628196E-07
 -4.86841827296E-07
 -4.43180027787E-07
 -3.98260453949E-07
 -3.52268443748E-07
 -3.05389761479E-07
 -2.57809801951E-07
 -2.09714002608E-07
 -1.61287331935E-07
 -1.12714303668E-07
 -6.41787991640E-08
 -1.58640638404E-08
  3.20474775606E-08
  7.93743595295E-08
  1.25936196582E-07
  1.71553892869E-07
  2.16049912183E-07
  2.59248366774E-07
  3.00975727896E-07
  3.41060768960E-07
  3.79335261869E-07
  4.15634360706E-07
  4.49797227020E-07
  4.81667598251E-07
  5.11094583544E-07
  5.37932976385E-07
  5.62044533581E-07
  5.83298572110E-07
  6.01572651249E-07
  6.16753993654E-07
  6.28739542208E-07
  6.37437722162E-07
  6.42769009573E-07
  6.44666783955E-07
  6.43078521989E-07
  6.37966195427E-07
  6.29307749023E-07
  6.17097384747E-07
  6.01346528128E-07
  5.82084567213E-07
  5.59359364161E-07
  5.33237425770E-07
  5.03804926666E-07
  4.71167311389E-07
  4.35450004943E-07
  3.96797986468E-07
  3.55375874506E-07
  3.11367671202E-07
  2.64976165454E-07
  2.16422535004E-07
  1.65945451158E-07
  1.13800339818E-07
  6.02582090892E-08
  5.60446489217E-09
 -4.98624146417E-08
 -1.05832427266E-07
 -1.61985596492E-07
 -2.17993957108E-07
 -2.73523141914E-07
 -3.28234733615E-07
 -3.81788026971E-07
 -4.33842444636E-07
 -4.84059739847E-07
 -5.32106128048E-07
 -5.77654986955E-07
 -6.20389016603E-07
 -6.60002228869E-07
 -6.96202960171E-07
 -7.28715690457E-07
 -7.57283373787E-07
 -7.81669655225E-07
 -8.01660746674E-07
 -8.17067700609E-07
 -8.27727717478E-07
 -8.33506135223E-07
 -8.34297622987E-07
 -8.30028000109E-07
 -8.20654520339E-07
 -8.06166951861E-07
 -7.86588771007E-07
 -7.61976764352E-07
 -7.32421597149E-07
 -6.98047358583E-07
 -6.59011618609E-07
 -6.15504461621E-07
 -5.67747349578E-07
 -5.15992894634E-07
 -4.60522102230E-07
 -4.01643831083E-07
 -3.39692320495E-07
 -2.75025257679E-07
 -2.08021276649E-07
 -1.39077783956E-07
 -6.86078323042E-08
  2.96247382181E-09
  7.51970432589E-08
  1.47652897908E-07
  2.19883389718E-07
  2.91441381250E-07
  3.61882598554E-07
  4.30768864135E-07
  4.97671521771E-07
  5.62174477636E-07
  6.23877383532E-07
  6.82398649587E-07
  7.37378684335E-07
  7.88482111602E-07
  8.35400783217E-07
  8.77855882209E-07
  9.15599969176E-07
  9.48419597080E-07
  9.76135879682E-07
  9.98606765279E-07
  1.01572697986E-06
  1.02743024399E-06
  1.03368847704E-06
  1.03451213818E-06
  1.02995045381E-06
  1.02009062175E-06
  1.00505656064E-06
  9.85008227872E-07
  9.60140141615E-07
  9.30678822897E-07
  8.96882056622E-07
  8.59035196754E-07
  8.17449517854E-07
  7.72459202381E-07
  7.24417986930E-07
  6.73696774811E-07
  6.20679600161E-07
  5.65760672089E-07
  5.09340907229E-07
  4.51824263337E-07
  3.93614300265E-07
  3.35110740934E-07
  2.76706003888E-07
  2.18781735839E-07
  1.61705798973E-07
  1.05828981134E-07
  5.14824236575E-08
 -1.02555297588E-09
 -5.14116678119E-08
 -9.94197080217E-08
 -1.44822820403E-07
 -1.87424788578E-07
 -2.27061860869E-07
 -2.63603084250E-07
 -2.96951611745E-07
 -3.27044602955E-07
 -3.53853408797E-07
 -3.77383344130E-07
 -3.97672721419E-07
 -4.14791969661E-07
 -4.28842412248E-07
 -4.39954533249E-07
 -4.48285959465E-07
 -4.54019556173E-07
 -4.57360556538E-07
 -4.58534373138E-07
 -4.57783556840E-07
 -4.55364641994E-07
 -4.51545133728E-07
 -4.46600324722E-07
 -4.40809941438E-07
 -4.34454648257E-07
 -4.27812949511E-07
 -4.21157579922E-07
 -4.14752634015E-07
 -4.08850127087E-07
 -4.03687010930E-07
 -3.99482559033E-07
 -3.96435410721E-07
 -3.94721411112E-07
 -3.94491394218E-07
 -3.95868937630E-07
 -3.98949481450E-07
 -4.03798082971E-07
 -4.10449331412E-07
 -4.18905926836E-07
 -4.29139021207E-07
 -4.41088019443E-07
 -4.54660124660E-07
 -4.69732952979E-07
 -4.86153567181E-07
 -5.03741375724E-07
 -5.22288303273E-07
 -5.41562826584E-07
 -5.61310002922E-07
 -5.81255562793E-07
 -6.01108183673E-07
 -6.20562047970E-07
 -6.39300992589E-07
 -6.57000384763E-07
 -6.73331783219E-07
 -6.87965439283E-07
 -7.00574730672E-07
 -7.10838833129E-07
 -7.18447040526E-07
 -7.23101493350E-07
 -7.24520987205E-07
 -7.22443985524E-07
 -7.16632257536E-07
 -7.06872924638E-07
 -6.92981643624E-07
 -6.74805335166E-07
 -6.52224002806E-07
 -6.25152495104E-07
 -5.93542836214E-07
 -5.57384737476E-07
 -5.16707018505E-07
 -4.71578175620E-07
 -4.22106495535E-07
 -3.68440083776E-07
 -3.10766665734E-07
 -2.49312336109E-07
 -1.84340805731E-07
 -1.16151824159E-07
 -4.50793606888E-08
  2.85104917452E-08
  1.04221804520E-07
  1.81631676810E-07
  2.60292949861E-07
  3.39737511013E-07
  4.19479448510E-07
  4.99018995015E-07
  5.77845582939E-07
  6.55442192965E-07
  7.31289048872E-07
  8.04867454463E-07
  8.75663772604E-07
  9.43173461110E-07
  1.00690488125E-06
  1.06638356101E-06
  1.12115492357E-06
  1.17078900530E-06
  1.21488324112E-06
  1.25306632981E-06
  1.28500062146E-06
  1.31038495965E-06
  1.32895820570E-06
  1.34049980716E-06
  1.34483411784E-06
  1.34182994316E-06
  1.33140304115E-06
  1.31351714572E-06
  1.28818453504E-06
  1.25546614527E-06
  1.21547213894E-06
  1.16836099551E-06
  1.11433973871E-06
  1.05366166281E-06
  9.86626901067E-07
  9.13578730888E-07
  8.34903005398E-07
  7.51025709178E-07
  6.62410116092E-07
  5.69554060803E-07
  4.72987409239E-07
  3.73268107978E-07
  2.70979398920E-07
  1.66725612871E-07
  6.11289294739E-08
 -4.51749180286E-08
 -1.51540461957E-07
 -2.57316827401E-07
 -3.61851562047E-07
 -4.64495030883E-07
 -5.64604818010E-07
 -6.61549336201E-07
 -7.54712573325E-07
 -8.43497446112E-07
 -9.27330574996E-07
 -1.00566546735E-06
 -1.07798609861E-06
 -1.14381100502E-06
 -1.20269612580E-06
 -1.25423821373E-06
 -1.29807710891E-06
 -1.33389846724E-06
 -1.36143694363E-06
 -1.38047710152E-06
 -1.39085557294E-06
 -1.39246265007E-06
 -1.38524228532E-06
 -1.36919459237E-06
 -1.34437493671E-06
 -1.31089439037E-06
 -1.26891939090E-06
 -1.21867060443E-06
 -1.16042269838E-06
 -1.09450252239E-06
 -1.02128740309E-06
 -9.41203040838E-07
 -8.54721236010E-07
 -7.62357160511E-07
 -6.64666288230E-07
 -5.62241268653E-07
 -4.55708146774E-07
 -3.45722639850E-07
 -2.32966257840E-07
 -1.18141656458E-07
 -1.96871607905E-09
  1.14820402075E-07
  2.31485770996E-07
  3.47284498048E-07
  4.61475735847E-07
  5.73325223741E-07
  6.82110737671E-07
  7.87126055002E-07
  8.87686951501E-07
  9.83134668786E-07
  1.07284120077E-06
  1.15621332952E-06
  1.23269728647E-06
  1.30178193558E-06
  1.36300354825E-06
  1.41594773595E-06
  1.46025411141E-06
  1.49561788021E-06
  1.52179268298E-06
  1.53859275542E-06
  1.54589406520E-06
  1.54363601723E-06
  1.53182145368E-06
  1.51051801822E-06
  1.47985645071E-06
  1.44003149671E-06
  1.39129997478E-06
  1.33397952595E-06
  1.26844656734E-06
  1.19513390473E-06
  1.11452743567E-06
  1.02716342099E-06
  9.33625415200E-07
  8.34538639083E-07
  7.30567194296E-07
  6.22408379058E-07
  5.10788765951E-07
  3.96458119667E-07
  2.80184366375E-07
  1.62748520438E-07
  4.49383712464E-08
 -7.24567073007E-08
 -1.88651767985E-07
 -3.02871910662E-07
 -4.14357799627E-07
 -5.22371692568E-07
 -6.26202336207E-07
 -7.25170195892E-07
 -8.18633168365E-07
 -9.05990248157E-07
 -9.86687155091E-07
 -1.06021889223E-06
 -1.12613463443E-06
 -1.18404102523E-06
 -1.23360393900E-06
 -1.27455177790E-06
 -1.30667683607E-06
 -1.32983723233E-06
 -1.34395747864E-06
 -1.34902813897E-06
 -1.34510673888E-06
 -1.33231651489E-06
 -1.31084527766E-06
 -1.28094325191E-06
 -1.24292159853E-06
 -1.19714900393E-06
 -1.14404906526E-06
 -1.08409608401E-06
 -1.01781154171E-06
 -9.45759609294E-07
 -8.68542088028E-07
 -7.86794146279E-07
 -7.01178578311E-07
 -6.12380290477E-07
 -5.21101071627E-07
 -4.28053681389E-07
 -3.33956137410E-07
 -2.39526031010E-07
 -1.45474672308E-07
 -5.25016226050E-08
  3.87110397071E-08
  1.27503696490E-07
  2.13244646829E-07
  2.95334643852E-07
  3.73211435090E-07
  4.46354164296E-07
  5.14286909947E-07
  5.76582067424E-07
  6.32863304872E-07
  6.82808263264E-07
  7.26150119590E-07
  7.62679519539E-07
  7.92245316461E-07
  8.14755310330E-07
  8.30175679312E-07
  8.38531263980E-07
  8.39903975702E-07
  8.34431489238E-07
  8.22305594284E-07
  8.03768955393E-07
  7.79113577210E-07
  7.48676370677E-07
  7.12836595085E-07
  6.72011481129E-07
  6.26651740276E-07
  5.77238381538E-07
  5.24276913438E-07
  4.68293364975E-07
  4.09828942338E-07
  3.49435595126E-07
  2.87670758325E-07
  2.25092577466E-07
  1.62255005876E-07
  9.97031435190E-08
  3.79686966312E-08
 -2.24345111377E-08
 -8.10146616459E-08
 -1.37305704584E-07
 -1.90871205064E-07
 -2.41307418491E-07
 -2.88246269520E-07
 -3.31357881578E-07
 -3.70352836399E-07
 -4.04983893532E-07
 -4.35047383007E-07
 -4.60384086409E-07
 -4.80879748466E-07
 -4.96465361266E-07
 -5.07116737936E-07
 -5.12853603141E-07
 -5.13739053076E-07
 -5.09877622790E-07
 -5.01413694565E-07
 -4.88529167342E-07
 -4.71441467198E-07
 -4.50400250429E-07
 -4.25685072969E-07
 -3.97601610302E-07
 -3.66479014247E-07
 -3.32665848646E-07
 -2.96526792454E-07
 -2.58439001755E-07
 -2.18788315465E-07
 -1.77965659987E-07
 -1.36363482284E-07
 -9.43719058455E-08
 -5.23754764004E-08
 -1.07497513113E-08
  3.01418801030E-08
  6.99512199276E-08
  1.08348110928E-07
  1.45022823972E-07
  1.79688498747E-07
  2.12083236306E-07
  2.41971690684E-07
  2.69146710252E-07
  2.93430446163E-07
  3.14675105528E-07
  3.32763789856E-07
  3.47610523477E-07
  3.59160395647E-07
  3.67389048961E-07
  3.72302309870E-07
  3.73935279185E-07
  3.72351081523E-07
  3.67639756860E-07
  3.59916498383E-07
  3.49320060877E-07
  3.36010742785E-07
  3.20168425105E-07
  3.01990212392E-07
  2.81688443238E-07
  2.59487961785E-07
  2.35623986100E-07
  2.10339464957E-07
  1.83882804095E-07
  1.56505350901E-07
  1.28458964355E-07
  9.99938336577E-08
  7.13561618682E-08
  4.27860094021E-08
  1.45153995490E-08
 -1.32336213099E-08
 -4.02507147612E-08
 -6.63387353939E-08
 -9.13151438908E-08
 -1.15013243374E-07
 -1.37283109325E-07
 -1.57992474215E-07
 -1.77027345671E-07
 -1.94292439915E-07
 -2.09711430443E-07
 -2.23226976459E-07
 -2.34800666021E-07
 -2.44412660777E-07
 -2.52061369110E-07
 -2.57762621914E-07
 -2.61549104152E-07
 -2.63469388528E-07
 -2.63586912297E-07
 -2.61978925664E-07
 -2.58735383341E-07
 -2.53957352925E-07
 -2.47755963301E-07
 -2.40251011974E-07
 -2.31569345033E-07
 -2.21843677650E-07
 -2.11210988255E-07
 -1.99811097445E-07
 -1.87785389016E-07
 -1.75275346237E-07
 -1.62421287087E-07
 -1.49361000013E-07
 -1.36228777592E-07
 -1.23154023868E-07
 -1.10260479858E-07
 -9.76650653683E-08
 -8.54772324033E-08
 -7.37980343501E-08
 -6.27196357073E-08
 -5.23246512785E-08
 -4.26858406399E-08
 -3.38656214183E-08
 -2.59159946836E-08
 -1.88783442212E-08
 -1.27833779118E-08
 -7.65128671532E-09
 -3.49184126058E-09
 -3.04648389848E-10
  1.92051108350E-09
  3.20328497061E-09
  3.57230756087E-09
  3.06463099342E-09
  1.72518577202E-09
 -3.93864746373E-10
 -3.23382920442E-09
 -6.73010003283E-09
 -1.08129212251E-08
 -1.54081991610E-08
 -2.04381276347E-08
 -2.58220804739E-08
 -3.14771995136E-08
 -3.73193209668E-08
 -4.32635687275E-08
 -4.92252425488E-08
 -5.51203420684E-08
 -6.08661920865E-08
 -6.63823911395E-08
 -7.15910388749E-08
 -7.64175283052E-08
 -8.07909685818E-08
 -8.46446965852E-08
 -8.79166890400E-08
 -9.05500030512E-08
 -9.24930461110E-08
 -9.36997963663E-08
 -9.41303142099E-08
 -9.37505717502E-08
 -9.25328222934E-08
 -9.04556927139E-08
 -8.75040839787E-08
 -8.36693345718E-08
 -7.89489931208E-08
 -7.33469818215E-08
 -6.68731772180E-08
 -5.95434315187E-08
 -5.13793168011E-08
 -4.24078443473E-08
 -3.26612124013E-08
 -2.21764988595E-08
 -1.09953370853E-08
  8.36478941668E-10
  1.32693518395E-08
  2.62502837245E-08
  3.97233179683E-08
  5.36299182841E-08
  6.79094753764E-08
  8.24996746474E-08
  9.73370717361E-08
  1.12357348314E-07
  1.27495937363E-07
  1.42688378446E-07
  1.57870744033E-07
  1.72980037405E-07
  1.87954583453E-07
  2.02734554478E-07
  2.17262098090E-07
  2.31481763535E-07
  2.45340800120E-07
  2.58789441432E-07
  2.71781090078E-07
  2.84272573481E-07
  2.96224243357E-07
  3.07600060978E-07
  3.18367852969E-07
  3.28499197622E-07
  3.37969339625E-07
  3.46757502712E-07
  3.54846406481E-07
  3.62222380090E-07
  3.68875163304E-07
  3.74797650693E-07
  3.79985749532E-07
  3.84437981893E-07
  3.88155484643E-07
  3.91141384171E-07
  3.93400540588E-07
  3.94939348780E-07
  3.95765312078E-07
  3.95886388560E-07
  3.95311190005E-07
  3.94047958707E-07
  3.92104851699E-07
  3.89489002828E-07
  3.86206579606E-07
  3.82262385301E-07
  3.77659517881E-07
  3.72398972104E-07
  3.66479952163E-07
  3.59899161140E-07
  3.52650857849E-07
  3.44727027368E-07
  3.36116926292E-07
  3.26807565898E-07
  3.16783541621E-07
  3.06027232000E-07
  2.94519196586E-07
  2.82238062255E-07
  2.69161432698E-07
  2.55265774740E-07
  2.40527100459E-07
  2.24921450354E-07
  2.08425490200E-07
  1.91016965800E-07
  1.72675385102E-07
  1.53382799795E-07
  1.33124245849E-07
  1.11888638799E-07
  8.96695198094E-08
  6.64654677962E-08
  4.22810728651E-08
  1.71274745497E-08
 -8.97694008017E-09
 -3.60059608795E-08
 -6.39249719825E-08
 -9.26904633047E-08
 -1.22249588230E-07
 -1.52539811893E-07
 -1.83488623406E-07
 -2.15013315596E-07
 -2.47020949473E-07
 -2.79408283177E-07
 -3.12061985142E-07
 -3.44858676726E-07
 -3.77665543283E-07
 -4.10340504686E-07
 -4.42733039563E-07
 -4.74684640039E-07
 -5.06029834924E-07
 -5.36596871825E-07
 -5.66208825603E-07
 -5.94685047872E-07
 -6.21841650172E-07
 -6.47493720862E-07
 -6.71455609336E-07
 -6.93543597663E-07
 -7.13576412181E-07
 -7.31377099328E-07
 -7.46775015159E-07
 -7.59606507472E-07
 -7.69717473759E-07
 -7.76963986482E-07
 -7.81214794188E-07
 -7.82352174156E-07
 -7.80273296641E-07
 -7.74892214395E-07
 -7.66140317410E-07
 -7.53968379286E-07
 -7.38346614071E-07
 -7.19266665783E-07
 -6.96741210504E-07
 -6.70805661684E-07
 -6.41517829081E-07
 -6.08958600878E-07
 -5.73232000534E-07
 -5.34464845714E-07
 -4.92806805141E-07
 -4.48429517519E-07
 -4.01526449423E-07
 -3.52311616325E-07
 -3.01018644677E-07
 -2.47899663464E-07
 -1.93223854694E-07
 -1.37275876000E-07
 -8.03540629590E-08
 -2.27687575460E-08
  3.51598714587E-08
  9.31038073304E-08
  1.50729391635E-07
  2.07699741850E-07
  2.63676810164E-07
  3.18324254067E-07
  3.71309312186E-07
  4.22305646453E-07
  4.70995502155E-07
  5.17072123785E-07
  5.60242369829E-07
  6.00228247549E-07
  6.36769982520E-07
  6.69627297611E-07
  6.98581686720E-07
  7.23438006389E-07
  7.44026294797E-07
  7.60202851779E-07
  7.71851716763E-07
  7.78885691943E-07
  7.81246910719E-07
  7.78907747190E-07
  7.71870986682E-07
  7.60169996283E-07
  7.43868611153E-07
  7.23061134522E-07
  6.97871257671E-07
  6.68451491492E-07
  6.34982825432E-07
  5.97672396907E-07
  5.56753093406E-07
  5.12481392434E-07
  4.65135997274E-07
  4.15015733779E-07
  3.62437447166E-07
  3.07734154603E-07
  2.51252373573E-07
  1.93349919186E-07
  1.34393644657E-07
  7.47565991333E-08
  1.48157726088E-08
 -4.50505517335E-08
 -1.04465328832E-07
 -1.63055204894E-07
 -2.20453131305E-07
 -2.76300568203E-07
 -3.30249889657E-07
 -3.81966714258E-07
 -4.31131837786E-07
 -4.77443336422E-07
 -5.20618471000E-07
 -5.60395164939E-07
 -5.96534050601E-07
 -6.28819009307E-07
 -6.57059160858E-07
 -6.81089716181E-07
 -7.00772261553E-07
 -7.15996463896E-07
 -7.26679218133E-07
 -7.32766238798E-07
 -7.34231207389E-07
 -7.31076056582E-07
 -7.23330686014E-07
 -7.11052678071E-07
 -6.94326274697E-07
 -6.73262263717E-07
 -6.47996273528E-07
 -6.18688545728E-07
 -5.85522116126E-07
 -5.48702132619E-07
 -5.08453979364E-07
 -4.65021855689E-07
 -4.18667610802E-07
 -3.69668669009E-07
 -3.18316523362E-07
 -2.64914945092E-07
 -2.09778335147E-07
 -1.53229649413E-07
 -9.55987928819E-08
 -3.72206798716E-08
  2.15665885150E-08
  8.04235256169E-08
  1.39011149258E-07
  1.96992630208E-07
  2.54035143143E-07
  3.09811611032E-07
  3.64002289643E-07
  4.16296416006E-07
  4.66393714760E-07
  5.14006103458E-07
  5.58858857858E-07
  6.00692203534E-07
  6.39262395907E-07
  6.74342970797E-07
  7.05726392880E-07
  7.33224396754E-07
  7.56669123803E-07
  7.75914486439E-07
  7.90836338638E-07
  8.01333783329E-07
  8.07329115560E-07
  8.08769243577E-07
  8.05624836175E-07
  7.97892084847E-07
  7.85591566910E-07
  7.68769268689E-07
  7.47496073927E-07
  7.21867934317E-07
  6.92005414749E-07
  6.58053124880E-07
  6.20179662292E-07
  5.78576816679E-07
  5.33458489826E-07
  4.85060240862E-07
  4.33638149389E-07
  3.79467394396E-07
  3.22841486877E-07
  2.64070337153E-07
  2.03479160632E-07
  1.41406559351E-07
  7.82029019319E-08
  1.42283917981E-08
 -5.01488770510E-08
 -1.14555064101E-07
 -1.78612538093E-07
 -2.41942416324E-07
 -3.04166519527E-07
 -3.64909965356E-07
 -4.23803442118E-07
 -4.80485709886E-07
 -5.34605760549E-07
 -5.85825603139E-07
 -6.33822367035E-07
 -6.78290575706E-07
 -7.18944761502E-07
 -7.55521227802E-07
 -7.87780436440E-07
 -8.15508826690E-07
 -8.38520463731E-07
 -8.56659198689E-07
 -8.69799578140E-07
 -8.77848549408E-07
 -8.80746199527E-07
 -8.78466835275E-07
 -8.71019835813E-07
 -8.58449027419E-07
 -8.40834104565E-07
 -8.18289379367E-07
 -7.90964350017E-07
 -7.59041654419E-07
 -7.22737638625E-07
 -6.82299742039E-07
 -6.38005644760E-07
 -5.90161448599E-07
 -5.39099346497E-07
 -4.85175576159E-07
 -4.28767663152E-07
 -3.70271806105E-07
 -3.10100062961E-07
 -2.48676798265E-07
 -1.86436039940E-07
 -1.23817628150E-07
 -6.12638260122E-08
  7.83920872660E-10
  6.18888478243E-08
  1.21622321103E-07
  1.79567351211E-07
  2.35322090703E-07
  2.88503144930E-07
  3.38748890272E-07
  3.85722444207E-07
  4.29114578537E-07
  4.68646533136E-07
  5.04072090735E-07
  5.35180106453E-07
  5.61796014154E-07
  5.83783446473E-07
  6.01045542226E-07
  6.13525571680E-07
  6.21207618678E-07
  6.24116353265E-07
  6.22317031684E-07
  6.15914814261E-07
  6.05053458003E-07
  5.89914066040E-07
  5.70713552861E-07
  5.47702143194E-07
  5.21161041434E-07
  4.91400101055E-07
  4.58753902421E-07
  4.23579479047E-07
  3.86252253293E-07
  3.47162455228E-07
  3.06711342546E-07
  2.65307363634E-07
  2.23361908525E-07
  1.81285471967E-07
  1.39483560702E-07
  9.83527073117E-08
  5.82765551371E-08
  1.96221385806E-08
 -1.72637228957E-08
 -5.20577643215E-08
 -8.44634655550E-08
 -1.14213804636E-07
 -1.41073897453E-07
 -1.64843100947E-07
 -1.85356910265E-07
 -2.02488365630E-07
 -2.16149075527E-07
 -2.26289913030E-07
 -2.32901115282E-07
 -2.36012212440E-07
 -2.35691175021E-07
 -2.32043532833E-07
 -2.25210783356E-07
 -2.15368530121E-07
 -2.02724265819E-07
 -1.87514814343E-07
 -1.70003247035E-07
 -1.50475784721E-07
 -1.29238259206E-07
 -1.06612567663E-07
 -8.29324733331E-08
 -5.85399142494E-08
 -3.37806866924E-08
 -9.00043595209E-09
  1.54596602187E-08
  3.92668937366E-08
  6.21010158852E-08
  8.36581932617E-08
  1.03654649308E-07
  1.21830169064E-07
  1.37951147394E-07
  1.51813665639E-07
  1.63245871931E-07
  1.72110219410E-07
  1.78305299414E-07
  1.81766921514E-07
  1.82469307219E-07
  1.80425459462E-07
  1.75687034698E-07
  1.68343916584E-07
  1.58523306482E-07
  1.46388330791E-07
  1.32136108277E-07
  1.15995590022E-07
  9.82248522519E-08
  7.91079912688E-08
  5.89518940330E-08
  3.80824083379E-08
  1.68404614698E-08
 -4.42206404827E-09
 -2.53467540290E-08
 -4.55730422289E-08
 -6.47427782496E-08
 -8.25048402930E-08
 -9.85194930081E-08
 -1.12462970492E-07
 -1.24031757309E-07
 -1.32946638587E-07
 -1.38956622209E-07
 -1.41842505741E-07
 -1.41420102295E-07
 -1.37543167966E-07
 -1.30105931362E-07
 -1.19045076019E-07
 -1.04341182805E-07
 -8.60200941588E-08
 -6.41531983092E-08
 -3.88577063859E-08
 -1.02959925030E-08
  2.13253184000E-08
  5.57569173054E-08
  9.27088237290E-08
  1.31852971208E-07
  1.72826233324E-07
  2.15233697531E-07
  2.58652789853E-07
  3.02637403138E-07
  3.46722259792E-07
  3.90428056107E-07
  4.33266393429E-07
  4.74744865642E-07
  5.14372800353E-07
  5.51666175852E-07
  5.86153475979E-07
  6.17380862877E-07
  6.44917292902E-07
  6.68359973588E-07
  6.87338399530E-07
  7.01520093571E-07
  7.10613960564E-07
  7.14373868504E-07
  7.12602798103E-07
  7.05154945990E-07
  6.91939249009E-07
  6.72919497902E-07
  6.48117122637E-07
  6.17611362941E-07
  5.81538643019E-07
  5.40093083146E-07
  4.93524680678E-07
  4.42137775281E-07
  3.86288661502E-07
  3.26382547655E-07
  2.62870258894E-07
  1.96244201334E-07
  1.27033715103E-07
  5.58004984441E-08
 -1.68668528033E-08
 -9.03584265188E-08
 -1.64048813645E-07
 -2.37303311224E-07
 -3.09484022409E-07
 -3.79956361485E-07
 -4.48095107686E-07
 -5.13291240622E-07
 -5.74957709887E-07
 -6.32535318346E-07
 -6.85499060182E-07
 -7.33363435756E-07
 -7.75687112764E-07
 -8.12078269519E-07
 -8.42198403461E-07
 -8.65766537572E-07
 -8.82561664639E-07
 -8.92426271548E-07
 -8.95267305623E-07
 -8.91058391517E-07
 -8.79840172274E-07
 -8.61719968270E-07
 -8.36871663523E-07
 -8.05533886705E-07
 -7.68008533214E-07
 -7.24657411411E-07
 -6.75899741509E-07
 -6.22207835477E-07
 -5.64102720091E-07
 -5.02149532622E-07
 -4.36951836491E-07
 -3.69146022194E-07
 -2.99395281900E-07
 -2.28382901923E-07
 -1.56806095220E-07
 -8.53687751601E-08
 -1.47750327528E-08
  5.42779332591E-08
  1.21106666029E-07
  1.85047966283E-07
  2.45465656690E-07
  3.01756699628E-07
  3.53357307858E-07
  3.99748358859E-07
  4.40460667051E-07
  4.75079673379E-07
  5.03249452777E-07
  5.24676465830E-07
  5.39132315680E-07
  5.46456419670E-07
  5.46557146208E-07
  5.39413576917E-07
  5.25074767666E-07
  5.03660544382E-07
  4.75359257734E-07
  4.40427186277E-07
  3.99185211108E-07
  3.52016456873E-07
  2.99362199030E-07
  2.41718055349E-07
  1.79628841579E-07
  1.13683924496E-07
  4.45112640080E-08
 -2.72284861325E-08
 -1.00848225770E-07
 -1.75640806788E-07
 -2.50885875630E-07
 -3.25856689187E-07
 -3.99826831199E-07
 -4.72077061886E-07
 -5.41902295481E-07
 -6.08617710895E-07
 -6.71565828725E-07
 -7.30121996639E-07
 -7.83700215834E-07
 -8.31758995901E-07
 -8.73805845458E-07
 -9.09401705940E-07
 -9.38165442221E-07
 -9.59776457421E-07
 -9.73977989815E-07
 -9.80579329735E-07
 -9.79457013273E-07
 -9.70555902313E-07
 -9.53889866651E-07
 -9.29540476591E-07
 -8.97657002952E-07
 -8.58454257013E-07
 -8.12210373624E-07
 -7.59264423777E-07
 -7.00012492416E-07
 -6.34904381513E-07
 -5.64439119444E-07
 -4.89160129291E-07
 -4.09650226629E-07
 -3.26526503613E-07
 -2.40434189891E-07
 -1.52041195634E-07
 -6.20316811251E-08
  2.88995334330E-08
  1.20053599062E-07
  2.10733375638E-07
  3.00249809015E-07
  3.87927542533E-07
  4.73110731036E-07
  5.55168639949E-07
  6.33500462754E-07
  7.07540607436E-07
  7.76762817623E-07
  8.40684265313E-07
  8.98869359389E-07
  9.50932815158E-07
  9.96541871245E-07
  1.03541901808E-06
  1.06734364635E-06
  1.09215170596E-06
  1.10973894607E-06
  1.12005818664E-06
  1.12312034162E-06
  1.11899305466E-06
  1.10779888018E-06
  1.08971437385E-06
  1.06496588614E-06
  1.03382922134E-06
  9.96623498395E-07
  9.53710127760E-07
  9.05488036551E-07
  8.52389462125E-07
  7.94875688825E-07
  7.33433068945E-07
  6.68567849971E-07
  6.00801911332E-07
  5.30667932708E-07
  4.58704960238E-07
  3.85453233775E-07
  3.11450264689E-07
  2.37226046806E-07
  1.63299247902E-07
  9.01726835423E-08
  1.83300095102E-08
 -5.17680085466E-08
 -1.19686589528E-07
 -1.85019786159E-07
 -2.47393131758E-07
 -3.06465807398E-07
 -3.61932251280E-07
 -4.13523821408E-07
 -4.61009904029E-07
 -5.04198453655E-07
 -5.42936390957E-07
 -5.77109403821E-07
 -6.06642117873E-07
 -6.31496618553E-07
 -6.51672053209E-07
 -6.67202755267E-07
 -6.78157221046E-07
 -6.84635722337E-07
 -6.86768544256E-07
 -6.84713427290E-07
 -6.78653634623E-07
 -6.68794484682E-07
 -6.55361475310E-07
 -6.38597214220E-07
 -6.18758292603E-07
 -5.96112897711E-07
 -5.70937686462E-07
 -5.43515113804E-07
 -5.14130533702E-07
 -4.83069925394E-07
 -4.50616568060E-07
 -4.17049648149E-07
 -3.82641360375E-07
 -3.47654918187E-07
 -3.12342848474E-07
 -2.76945115729E-07
 -2.41687729385E-07
 -2.06781322731E-07
 -1.72420456579E-07
 -1.38782326076E-07
 -1.06026348590E-07
 -7.42938794929E-08
 -4.37077858351E-08
 -1.43726701651E-08
  1.36250903893E-08
  4.02168573999E-08
  6.53512159943E-08
  8.89932394443E-08
  1.11123597435E-07
  1.31737749598E-07
  1.50844456925E-07
  1.68465064121E-07
  1.84632057199E-07
  1.99387571342E-07
  2.12782381936E-07
  2.24874270316E-07
  2.35726886899E-07
  2.45408159572E-07
  2.53989185239E-07
  2.61542879798E-07
  2.68142770210E-07
  2.73861985534E-07
  2.78771921103E-07
  2.82941556407E-07
  2.86436488750E-07
  2.89318137447E-07
  2.91643260653E-07
  2.93463330081E-07
  2.94824104685E-07
  2.95765460123E-07
  2.96321104543E-07
  2.96518521736E-07
  2.96379170095E-07
  2.95918567872E-07
  2.95146463714E-07
  2.94067376672E-07
  2.92680795155E-07
  2.90981915896E-07
  2.88961928163E-07
  2.86608951683E-07
  2.83908434540E-07
  2.80843977407E-07
  2.77397930404E-07
  2.73552245744E-07
  2.69288960908E-07
  2.64591164978E-07
  2.59443339701E-07
  2.53832354247E-07
  2.47747635740E-07
  2.41182050331E-07
  2.34132201626E-07
  2.26598928066E-07
  2.18587473455E-07
  2.10107941712E-07
  2.01175367920E-07
  1.91809846228E-07
  1.82036473007E-07
  1.71885560007E-07
  1.61392080145E-07
  1.50595838022E-07
  1.39540858868E-07
  1.28275218003E-07
  1.16850635834E-07
  1.05321845467E-07
  9.37461663852E-08
  8.21828152198E-08
  7.06924367933E-08
  5.93362834422E-08
  4.81756146087E-08
  3.72710822205E-08
  2.66818673822E-08
  1.64651421386E-08
  6.67534161281E-09
 -2.63649413412E-09
 -1.14233484894E-08
 -1.96427833998E-08
 -2.72574993687E-08
 -3.42358248417E-08
 -4.05521305424E-08
 -4.61872033952E-08
 -5.11285627169E-08
 -5.53706449580E-08
 -5.89149955488E-08
 -6.17703221906E-08
 -6.39524913026E-08
 -6.54844640735E-08
 -6.63961259306E-08
 -6.67240129815E-08
 -6.65110775344E-08
 -6.58062120351E-08
 -6.46639364277E-08
 -6.31436876120E-08
 -6.13094215396E-08
 -5.92289417511E-08
 -5.69731533062E-08
 -5.46154659276E-08
 -5.22309839823E-08
 -4.98957319905E-08
 -4.76859973730E-08
 -4.56773641133E-08
 -4.39440128730E-08
 -4.25580282126E-08
 -4.15884144900E-08
 -4.11005913747E-08
 -4.11555305391E-08
 -4.18091055110E-08
 -4.31115303456E-08
 -4.51067236895E-08
 -4.78317616626E-08
 -5.13165296923E-08
 -5.55831860538E-08
 -6.06459380492E-08
 -6.65107577902E-08
 -7.31752152205E-08
 -8.06283750876E-08
 -8.88508111530E-08
 -9.78145706654E-08
 -1.07483451472E-07
 -1.17813087286E-07
 -1.28751324269E-07
 -1.40238526569E-07
 -1.52208059490E-07
 -1.64586765550E-07
 -1.77295447656E-07
 -1.90249650700E-07
 -2.03360031037E-07
 -2.16533493358E-07
 -2.29673446484E-07
 -2.42680982865E-07
 -2.55455432807E-07
 -2.67895217121E-07
 -2.79898785038E-07
 -2.91365353178E-07
 -3.02195701352E-07
 -3.12293053639E-07
 -3.21563845773E-07
 -3.29918464104E-07
 -3.37272183515E-07
 -3.43545366377E-07
 -3.48664855210E-07
 -3.52563972683E-07
 -3.55183431111E-07
 -3.56471616669E-07
 -3.56385243094E-07
 -3.54889550636E-07
 -3.51958789224E-07
 -3.47576332160E-07
 -3.41735017173E-07
 -3.34437004312E-07
 -3.25694031744E-07
 -3.15527387329E-07
 -3.03967624404E-07
 -2.91054561785E-07
 -2.76837056390E-07
 -2.61372434807E-07
 -2.44726606979E-07
 -2.26973185136E-07
 -2.08193256412E-07
 -1.88474800211E-07
 -1.67912119764E-07
 -1.46605174223E-07
 -1.24659067069E-07
 -1.02183193462E-07
 -7.92906291736E-08
 -5.60974058317E-08
 -3.27217364315E-08
 -9.28323817817E-09
  1.40978109187E-08
  3.73012518651E-08
  6.02077037115E-08
  8.26994934755E-08
  1.04661289413E-07
  1.25980776033E-07
  1.46549425040E-07
  1.66263134815E-07
  1.85022784649E-07
  2.02735066068E-07
  2.19312738636E-07
  2.34675269439E-07
  2.48749444154E-07
  2.61469580209E-07
  2.72777981536E-07
  2.82625336467E-07
  2.90970888273E-07
  2.97782605685E-07
  3.03037637650E-07
  3.06722057530E-07
  3.08831090479E-07
  3.09369170282E-07
  3.08349825673E-07
  3.05795509803E-07
  3.01737628661E-07
  2.96216171591E-07
  2.89279569188E-07
  2.80984181700E-07
  2.71394270612E-07
  2.60581401790E-07
  2.48624161259E-07
  2.35607359400E-07
  2.21622116214E-07
  2.06764710242E-07
  1.91136450667E-07
  1.74842895717E-07
  1.57993312655E-07
  1.40699967233E-07
  1.23077555259E-07
  1.05242598636E-07
  8.73126282386E-08
  6.94055373174E-08
  5.16390699090E-08
  3.41298971307E-08
  1.69931748673E-08
  3.41620537414E-10
 -1.57148303259E-08
 -3.10699448391E-08
 -4.56217037481E-08
 -5.92728994775E-08
 -7.19317299058E-08
 -8.35123827869E-08
 -9.39354833918E-08
 -1.03128691364E-07
 -1.11027055993E-07
 -1.17573556224E-07
 -1.22719328033E-07
 -1.26424154701E-07
 -1.28656580500E-07
 -1.29394308601E-07
 -1.28624321860E-07
 -1.26343010720E-07
 -1.22556258475E-07
 -1.17279519429E-07
 -1.10537740738E-07
 -1.02365319776E-07
 -9.28059336047E-08
 -8.19124110762E-08
 -6.97463846677E-08
 -5.63780950813E-08
 -4.18859897877E-08
 -2.63562682790E-08
 -9.88250192790E-09
  7.43490824462E-09
  2.54893048890E-08
  4.41683525310E-08
  6.33546974882E-08
  8.29265971447E-08
  1.02758690446E-07
  1.22722738638E-07
  1.42688350024E-07
  1.62523789982E-07
  1.82096769663E-07
  2.01275298650E-07
  2.19928509182E-07
  2.37927480384E-07
  2.55145948813E-07
  2.71461260581E-07
  2.86755238221E-07
  3.00914535956E-07
  3.13831975518E-07
  3.25406773527E-07
  3.35545479402E-07
  3.44162600641E-07
  3.51180972302E-07
  3.56532666501E-07
  3.60159162938E-07
  3.62011746802E-07
  3.62052134051E-07
  3.60252641940E-07
  3.56596359552E-07
  3.51077289906E-07
  3.43700492067E-07
  3.34482109565E-07
  3.23449313555E-07
  3.10639876488E-07
  2.96102513175E-07
  2.79896028132E-07
  2.62089315584E-07
  2.42760904712E-07
  2.21998149641E-07
  1.99897129960E-07
  1.76561684384E-07
  1.52103027062E-07
  1.26638710185E-07
  1.00292183447E-07
  7.31918206043E-08
  4.54701236663E-08
  1.72628720208E-08
 -1.12917435402E-08
 -4.00539903467E-08
 -6.88835442020E-08
 -9.76402816377E-08
 -1.26185256022E-07
 -1.54381538664E-07
 -1.82095035939E-07
 -2.09195420098E-07
 -2.35556683492E-07
 -2.61058147544E-07
 -2.85585088022E-07
 -3.09029189793E-07
 -3.31289527367E-07
 -3.52272792270E-07
 -3.71893776219E-07
 -3.90076138501E-07
 -4.06752178606E-07
 -4.21863688871E-07
 -4.35361812379E-07
 -4.47207213483E-07
 -4.57370191498E-07
 -4.65830765961E-07
 -4.72578363997E-07
 -4.77611877159E-07
 -4.80939434055E-07
 -4.82577831917E-07
 -4.82552707126E-07
 -4.80897654143E-07
 -4.77654111819E-07
 -4.72870652857E-07
 -4.66602614324E-07
 -4.58911415535E-07
 -4.49864074881E-07
 -4.39532414021E-07
 -4.27992631558E-07
 -4.15324421965E-07
 -4.01610463996E-07
 -3.86935880670E-07
 -3.71387159248E-07
 -3.55051980705E-07
 -3.38018395496E-07
 -3.20374113016E-07
 -3.02206018432E-07
 -2.83599774775E-07
 -2.64639027137E-07
 -2.45405118449E-07
 -2.25976648949E-07
 -2.06428978800E-07
 -1.86833958082E-07
 -1.67259713635E-07
 -1.47770251147E-07
 -1.28425369894E-07
 -1.09280435368E-07
 -9.03863863755E-08
 -7.17895929370E-08
 -5.35319202299E-08
 -3.56507214860E-08
 -1.81789534537E-08
 -1.14528175832E-09
  1.54257442375E-08
  3.15135224582E-08
  4.71011425418E-08
  6.21751965468E-08
  7.67254633161E-08
  9.07446491283E-08
