  9.48351726038E-08
  9.83180967751E-08
  1.01469574076E-07
  1.04285810210E-07
  1.06764147745E-07
  1.08903002172E-07
  1.10701890321E-07
  1.12161323784E-07
  1.13282737857E-07
  1.14068505752E-07
  1.14521846228E-07
  1.14646752536E-07
  1.14447942678E-07
  1.13930802570E-07
  1.13101343402E-07
  1.11966102168E-07
  1.10532134556E-07
  1.08806929688E-07
  1.06798395905E-07
  1.04514789712E-07
  1.01964715782E-07
  9.91570772158E-08
  9.61010329092E-08
  9.28060259753E-08
  8.92817553222E-08
  8.55381614429E-08
  8.15854264147E-08
  7.74340094267E-08
  7.30946396743E-08
  6.85783305698E-08
  6.38963868482E-08
  5.90604862793E-08
  5.40826299300E-08
  4.89752096655E-08
  4.37510365714E-08
  3.84233516115E-08
  3.30058362863E-08
  2.75126765814E-08
  2.19585292172E-08
  1.63585518465E-08
  1.07284279238E-08
  5.08432052015E-09
 -5.57106472066E-10
 -6.17872286668E-09
 -1.17629346263E-08
 -1.72917680175E-08
 -2.27468568426E-08
 -2.81095591248E-08
 -3.33609548875E-08
 -3.84819998089E-08
 -4.34535323279E-08
 -4.82564210813E-08
 -5.28716270765E-08
 -5.72803315890E-08
 -6.14640427443E-08
 -6.54046843351E-08
 -6.90847912210E-08
 -7.24875377500E-08
 -7.55969153943E-08
 -7.83978464369E-08
 -8.08762976590E-08
 -8.30193869206E-08
 -8.48155252697E-08
 -8.62544808911E-08
 -8.73275283197E-08
 -8.80274342308E-08
 -8.83486919179E-08
 -8.82874502395E-08
 -8.78415704619E-08
 -8.70107754736E-08
 -8.57965645196E-08
 -8.42022345182E-08
 -8.22329297989E-08
 -7.98955710479E-08
 -7.71988126758E-08
 -7.41530570281E-08
 -7.07702625391E-08
 -6.70639721534E-08
 -6.30491641118E-08
 -5.87421595810E-08
 -5.41604840976E-08
 -4.93227574339E-08
 -4.42485621477E-08
 -3.89582588411E-08
 -3.34728689211E-08
 -2.78139129506E-08
 -2.20032418952E-08
 -1.60629110013E-08
 -1.00149950555E-08
 -3.88146137453E-09
  2.31598851208E-09
  8.55605186700E-09
  1.48179299941E-08
  2.10814832258E-08
  2.73272924289E-08
  3.35367893456E-08
  3.96923063306E-08
  4.57771527351E-08
  5.17756362228E-08
  5.76731515878E-08
  6.34561274637E-08
  6.91120831675E-08
  7.46295540921E-08
  7.99981307864E-08
  8.52083701375E-08
  9.02517243162E-08
  9.51205265665E-08
  9.98078704129E-08
  1.04307559923E-07
  1.08613960492E-07
  1.12721927792E-07
  1.16626765134E-07
  1.20324003205E-07
  1.23809400066E-07
  1.27078791934E-07
  1.30128000819E-07
  1.32952791887E-07
  1.35548717139E-07
  1.37911115417E-07
  1.40035041341E-07
  1.41915208474E-07
  1.43545875630E-07
  1.44921102674E-07
  1.46034366821E-07
  1.46878932128E-07
  1.47447636323E-07
  1.47733118183E-07
  1.47727703848E-07
  1.47423705243E-07
  1.46813306401E-07
  1.45888790826E-07
  1.44642683608E-07
  1.43067723002E-07
  1.41157258327E-07
  1.38905122071E-07
  1.36305985166E-07
  1.33355385401E-07
  1.30049969016E-07
  1.26387533328E-07
  1.22367296740E-07
  1.17989912951E-07
  1.13257684120E-07
  1.08174631919E-07
  1.02746611219E-07
  9.69813598317E-08
  9.08886050865E-08
  8.44801206767E-08
  7.77696556042E-08
  7.07730691829E-08
  6.35081960354E-08
  5.59948283296E-08
  4.82547264369E-08
  4.03113880054E-08
  3.21900515132E-08
  2.39174973160E-08
  1.55219268549E-08
  7.03274150027E-09
 -1.51960954931E-09
 -1.01038466482E-08
 -1.86880964037E-08
 -2.72401265988E-08
 -3.57275524721E-08
 -4.41181136068E-08
 -5.23799208452E-08
 -6.04816676741E-08
 -6.83929073375E-08
 -7.60842908676E-08
 -8.35277234046E-08
 -9.06966803882E-08
 -9.75663354552E-08
 -1.04113709654E-07
 -1.10317927238E-07
 -1.16160236985E-07
 -1.21624225358E-07
 -1.26695809399E-07
 -1.31363378841E-07
 -1.35617781893E-07
 -1.39452282610E-07
 -1.42862660368E-07
 -1.45847081967E-07
 -1.48406002154E-07
 -1.50542135202E-07
 -1.52260312802E-07
 -1.53567256689E-07
 -1.54471521796E-07
 -1.54983368361E-07
 -1.55114364020E-07
 -1.54877369596E-07
 -1.54286311727E-07
 -1.53355856014E-07
 -1.52101350182E-07
 -1.50538468802E-07
 -1.48683156453E-07
 -1.46551357716E-07
 -1.44158804005E-07
 -1.41520970942E-07
 -1.38652808346E-07
 -1.35568654969E-07
 -1.32282224286E-07
 -1.28806419752E-07
 -1.25153306385E-07
 -1.21334139180E-07
 -1.17359320484E-07
 -1.13238414201E-07
 -1.08980252378E-07
 -1.04592963623E-07
 -1.00084122323E-07
 -9.54608125880E-08
 -9.07298485231E-08
 -8.58978808083E-08
 -8.09715103856E-08
 -7.59576366249E-08
 -7.08634715352E-08
 -6.56968524027E-08
 -6.04663270565E-08
 -5.51814025584E-08
 -4.98527406023E-08
 -4.44922036991E-08
 -3.91130825506E-08
 -3.37301990783E-08
 -2.83599739248E-08
 -2.30204957319E-08
 -1.77315229166E-08
 -1.25145476204E-08
 -7.39267269623E-09
 -2.39057884599E-09
  2.46560616368E-09
  7.14846670746E-09
  1.16295160169E-08
  1.58793671545E-08
  1.98680858432E-08
  2.35654233904E-08
  2.69411781773E-08
  2.99655482650E-08
  3.26095204173E-08
  3.48452644516E-08
  3.66465293666E-08
  3.79890927604E-08
  3.88511338656E-08
  3.92137025074E-08
  3.90610743750E-08
  3.83811560312E-08
  3.71658437359E-08
  3.54113467438E-08
  3.31184679681E-08
  3.02928739870E-08
  2.69452922197E-08
  2.30916281652E-08
  1.87530755369E-08
  1.39561242563E-08
  8.73254624167E-09
  3.11925396623E-09
 -2.84185297517E-09
 -9.10415742794E-09
 -1.56166226617E-08
 -2.23241958253E-08
 -2.91682411557E-08
 -3.60870728855E-08
 -4.30165236764E-08
 -4.98905556867E-08
 -5.66419480208E-08
 -6.32029966141E-08
 -6.95062851719E-08
 -7.54854170282E-08
 -8.10758180592E-08
 -8.62155147274E-08
 -9.08459369953E-08
 -9.49126501837E-08
 -9.83661081477E-08
 -1.01162378030E-07
 -1.03263772644E-07
 -1.04639440224E-07
 -1.05265925754E-07
 -1.05127611505E-07
 -1.04217107832E-07
 -1.02535494761E-07
 -1.00092563571E-07
 -9.69068594259E-08
 -9.30056245352E-08
 -8.84247555177E-08
 -8.32084481317E-08
 -7.74089059519E-08
 -7.10858074626E-08
 -6.43057660454E-08
 -5.71416585160E-08
 -4.96717440512E-08
 -4.19788861450E-08
 -3.41495187683E-08
 -2.62726693734E-08
 -1.84387900504E-08
 -1.07386615156E-08
 -3.26217763913E-09
  3.90285048724E-09
  1.06719220128E-08
  1.69650498094E-08
  2.27079546278E-08
  2.78332041859E-08
  3.22813100695E-08
  3.60017509138E-08
  3.89538961088E-08
  4.11078602269E-08
  4.24451975789E-08
  4.29595203855E-08
  4.26569179979E-08
  4.15562908529E-08
  3.96894890287E-08
  3.71012767175E-08
  3.38491652485E-08
  3.00030436051E-08
  2.56446490710E-08
  2.08668637924E-08
  1.57728496930E-08
  1.04749950935E-08
  5.09375608360E-09
 -2.43704806335E-10
 -5.40495292967E-09
 -1.02538857405E-08
 -1.46524046230E-08
 -1.84621722354E-08
 -2.15464659448E-08
 -2.37720279017E-08
 -2.50109639666E-08
 -2.51426595099E-08
 -2.40556179421E-08
 -2.16493063476E-08
 -1.78358909864E-08
 -1.25418972985E-08
 -5.70974512115E-09
  2.70086575327E-09
  1.27117170123E-08
  2.43250326548E-08
  3.75226285598E-08
  5.22652854329E-08
  6.84923335825E-08
  8.61215596615E-08
  1.05049252852E-07
  1.25150549479E-07
  1.46280157765E-07
  1.68273132317E-07
  1.90946124690E-07
  2.14098733409E-07
  2.37515166646E-07
  2.60966146470E-07
  2.84211154167E-07
  3.07000419753E-07
  3.29077863626E-07
  3.50183427145E-07
  3.70056085330E-07
  3.88436490084E-07
  4.05070323950E-07
  4.19711085442E-07
  4.32123130167E-07
  4.42084825636E-07
  4.49391336588E-07
  4.53857808225E-07
  4.55321668369E-07
  4.53645725429E-07
  4.48720101076E-07
  4.40464788198E-07
  4.28831327781E-07
  4.13804514210E-07
  3.95403787934E-07
  3.73684230226E-07
  3.48737131617E-07
  3.20690361377E-07
  2.89708282253E-07
  2.55991210452E-07
  2.19774648258E-07
  1.81327934001E-07
  1.40952622019E-07
  9.89805215568E-08
  5.57711352656E-08
  1.17091261131E-08
 -3.27989368998E-08
 -7.73279111854E-08
 -1.21437722100E-07
 -1.64677373959E-07
 -2.06588964602E-07
 -2.46712090757E-07
 -2.84588281829E-07
 -3.19765462109E-07
 -3.51802725618E-07
 -3.80274798317E-07
 -4.04776557161E-07
 -4.24927748099E-07
 -4.40376965116E-07
 -4.50806197705E-07
 -4.55934497268E-07
 -4.55521814047E-07
 -4.49372265621E-07
 -4.37337234871E-07
 -4.19318098466E-07
 -3.95268216380E-07
 -3.65195006680E-07
 -3.29161053969E-07
 -2.87285189415E-07
 -2.39742661279E-07
 -1.86765063859E-07
 -1.28639626951E-07
 -6.57080576616E-08
  1.63519486840E-09
  7.29451059556E-08
  1.47728755451E-07
  2.25448559377E-07
  3.05525816202E-07
  3.87344726960E-07
  4.70256793506E-07
  5.53585778107E-07
  6.36632250917E-07
  7.18679643796E-07
  7.98999224116E-07
  8.76856063314E-07
  9.51514664393E-07
  1.02224532839E-06
  1.08832966816E-06
  1.14906652016E-06
  1.20377808344E-06
  1.25181531985E-06
  1.29256352466E-06
  1.32544778353E-06
  1.34993786105E-06
  1.36555229346E-06
  1.37186350457E-06
  1.36850178478E-06
  1.35515790589E-06
  1.33158687277E-06
  1.29761008338E-06
  1.25311771626E-06
  1.19807020837E-06
  1.13249848255E-06
  1.05650553905E-06
  9.70266000877E-07
  8.74025147368E-07
  7.68098004755E-07
  6.52867981898E-07
  5.28784482867E-07
  3.96360547938E-07
  2.56169585100E-07
  1.08842243662E-07
 -4.49377495215E-08
 -2.04437341722E-07
 -3.68878858126E-07
 -5.37444634574E-07
 -7.09281948730E-07
 -8.83508448624E-07
 -1.05921662907E-06
 -1.23548056763E-06
 -1.41135967624E-06
 -1.58590603405E-06
 -1.75816819592E-06
 -1.92719767256E-06
 -2.09205359170E-06
 -2.25180883717E-06
 -2.40555323217E-06
 -2.55240115621E-06
 -2.69149336418E-06
 -2.82200312540E-06
 -2.94314008897E-06
 -3.05415369439E-06
 -3.15433771902E-06
 -3.24303209709E-06
 -3.31962769451E-06
 -3.38356699103E-06
 -3.43434908245E-06
 -3.47152922586E-06
 -3.49472225025E-06
 -3.50360369339E-06
 -3.49791025656E-06
 -3.47744185092E-06
 -3.44206205227E-06
 -3.39169787367E-06
 -3.32634022016E-06
 -3.24604434354E-06
 -3.15092916026E-06
 -3.04117611449E-06
 -2.91703008770E-06
 -2.77879735222E-06
 -2.62684443442E-06
 -2.46159743256E-06
 -2.28354065257E-06
 -2.09321569855E-06
 -1.89121840322E-06
 -1.67819803210E-06
 -1.45485535086E-06
 -1.22194069263E-06
 -9.80251115834E-07
 -7.30629210466E-07
 -4.73959744340E-07
 -2.11167687780E-07
  5.67849376409E-08
  3.28901506919E-07
  6.04154081429E-07
  8.81486585058E-07
  1.15981799809E-06
  1.43804572872E-06
  1.71504996160E-06
  1.98969678422E-06
  2.26084284805E-06
  2.52733912021E-06
  2.78803577203E-06
  3.04178684019E-06
  3.28745409206E-06
  3.52391293745E-06
  3.75005834030E-06
  3.96480709242E-06
  4.16710690843E-06
  4.35593892689E-06
  4.53032453152E-06
  4.68933149023E-06
  4.83207804791E-06
  4.95773883813E-06
  5.06555215907E-06
  5.15482270202E-06
  5.22492882737E-06
  5.27532620254E-06
  5.30555371370E-06
  5.31523664904E-06
  5.30409351995E-06
  5.27193697053E-06
  5.21867877978E-06
  5.14433077115E-06
  5.04901299792E-06
  4.93294692205E-06
  4.79646587337E-06
  4.64000640932E-06
  4.46411650046E-06
  4.26945098297E-06
  4.05677155868E-06
  3.82694088330E-06
  3.58092643182E-06
  3.31979117618E-06
  3.04469176626E-06
  2.75687352769E-06
  2.45766432272E-06
  2.14846727431E-06
  1.83075576388E-06
  1.50606376792E-06
  1.17597801363E-06
  8.42129566081E-07
  5.06183823745E-07
  1.69831437802E-07
 -1.65222871829E-07
 -4.97269809330E-07
 -8.24606900096E-07
 -1.14554882202E-06
 -1.45843875998E-06
 -1.76165940502E-06
 -2.05364244721E-06
 -2.33288119489E-06
 -2.59793955593E-06
 -2.84746170109E-06
 -3.08018252326E-06
 -3.29493650497E-06
 -3.49066499439E-06
 -3.66642484551E-06
 -3.82139523936E-06
 -3.95488359572E-06
 -4.06633034800E-06
 -4.15531303588E-06
 -4.22155198976E-06
 -4.26490896643E-06
 -4.28539169661E-06
 -4.28314933743E-06
 -4.25847883889E-06
 -4.21181630372E-06
 -4.14373835156E-06
 -4.05495302402E-06
 -3.94630160372E-06
 -3.81874679078E-06
 -3.67336815543E-06
 -3.51135417986E-06
 -3.33399293595E-06
 -3.14266344503E-06
 -2.93882453661E-06
 -2.72400484391E-06
 -2.49979143518E-06
 -2.26781844503E-06
 -2.02975434149E-06
 -1.78729021627E-06
 -1.54212796133E-06
 -1.29596696752E-06
 -1.05049230115E-06
 -8.07363164768E-07
 -5.68199482132E-07
 -3.34572604288E-07
 -1.07992633502E-07
  1.10101126438E-07
  3.18350487305E-07
  5.15487158737E-07
  7.00341161064E-07
  8.71848499173E-07
  1.02905733002E-06
  1.17113415854E-06
  1.29736815779E-06
  1.40717486374E-06
  1.50009941535E-06
  1.57581723670E-06
  1.63413540122E-06
  1.67499172221E-06
  1.69845395703E-06
  1.70471651018E-06
  1.69409781847E-06
  1.66703557625E-06
  1.62408184678E-06
  1.56589703693E-06
  1.49324307586E-06
  1.40697625284E-06
  1.30803914544E-06
  1.19745175198E-06
  1.07630307866E-06
  9.45741533087E-07
  8.06965147149E-07
  6.61211686293E-07
  5.09749042976E-07
  3.53864891167E-07
  1.94856653479E-07
  3.40219372674E-08
 -1.27351412971E-07
 -2.87994538439E-07
 -4.46666604148E-07
 -6.02163652275E-07
 -7.53326844460E-07
 -8.99049496184E-07
 -1.03828494957E-06
 -1.17005299671E-06
 -1.29344516608E-06
 -1.40763040690E-06
 -1.51185975028E-06
 -1.60546926509E-06
 -1.68788415067E-06
 -1.75862021479E-06
 -1.81728603366E-06
 -1.86358386145E-06
 -1.89730928923E-06
 -1.91835147234E-06
 -1.92669108401E-06
 -1.92239940588E-06
 -1.90563559954E-06
 -1.87664375062E-06
 -1.83574923085E-06
 -1.78335494638E-06
 -1.71993724507E-06
 -1.64604000474E-06
 -1.56227110892E-06
 -1.46929517086E-06
 -1.36782966820E-06
 -1.25863755329E-06
 -1.14252179628E-06
 -1.02031958704E-06
 -8.92894547633E-07
 -7.61132696425E-07
 -6.25934148957E-07
 -4.88207945182E-07
 -3.48865683009E-07
 -2.08815464475E-07
 -6.89560764044E-08
  6.98287152545E-08
  2.06675522918E-07
  3.40746510119E-07
  4.71234358201E-07
  5.97366920374E-07
  7.18411399703E-07
  8.33678484469E-07
  9.42525673508E-07
  1.04436116999E-06
  1.13864598461E-06
  1.22489689147E-06
  1.30268938392E-06
  1.37165784508E-06
  1.43149816267E-06
  1.48196807004E-06
  1.52288873778E-06
  1.55414386427E-06
  1.57568035775E-06
  1.58750731316E-06
  1.58969567110E-06
  1.58237662617E-06
  1.56574014909E-06
  1.54003339503E-06
  1.50555752043E-06
  1.46266700085E-06
  1.41176440138E-06
  1.35329923978E-06
  1.28776389374E-06
  1.21568950817E-06
  1.13764292564E-06
  1.05422225261E-06
  9.66052425611E-07
  8.73782084909E-07
  7.78076696406E-07
  6.79616164234E-07
  5.79089316943E-07
  4.77188734749E-07
  3.74606713649E-07
  2.72030092674E-07
  1.70135891153E-07
  6.95863562328E-08
 -2.89753288030E-08
 -1.24929329104E-07
 -2.17683592041E-07
 -3.06677577555E-07
 -3.91386038245E-07
 -4.71322522344E-07
 -5.46042656424E-07
 -6.15146632299E-07
 -6.78282219724E-07
 -7.35146159059E-07
 -7.85486861332E-07
 -8.29104862987E-07
 -8.65854076437E-07
 -8.95642585874E-07
 -9.18432135677E-07
 -9.34237732508E-07
 -9.43127645314E-07
 -9.45221017901E-07
 -9.40687073125E-07
 -9.29742270728E-07
 -9.12648431495E-07
 -8.89709554031E-07
 -8.61268631525E-07
 -8.27704127460E-07
 -7.89425996572E-07
 -7.46871933188E-07
 -7.00502994277E-07
 -6.50798767765E-07
 -5.98253393491E-07
 -5.43370447303E-07
 -4.86658564114E-07
 -4.28626236726E-07
 -3.69777808373E-07
 -3.10608726295E-07
 -2.51600880574E-07
 -1.93218895106E-07
 -1.35905835918E-07
 -8.00798929390E-08
 -2.61304542448E-08
  2.55838639163E-08
  7.47388639866E-08
  1.21046610957E-07
  1.64256562130E-07
  2.04157743156E-07
  2.40579424826E-07
  2.73391179917E-07
  3.02502400018E-07
  3.27863688199E-07
  3.49463135763E-07
  3.67327317008E-07
  3.81517651249E-07
  3.92129010152E-07
  3.99287472419E-07
  4.03146970029E-07
  4.03885763944E-07
  4.01703260877E-07
  3.96817227966E-07
  3.89458392647E-07
  3.79867941547E-07
  3.68292688790E-07
  3.54981921191E-07
  3.40182452874E-07
  3.24136038898E-07
  3.07074856210E-07
  2.89217894078E-07
  2.70769220378E-07
  2.51913007787E-07
  2.32812155332E-07
  2.13605503063E-07
  1.94406510445E-07
  1.75301025251E-07
  1.56346345648E-07
  1.37570950187E-07
  1.18973595420E-07
  1.00523919855E-07
  8.21628702852E-08
  6.38036539158E-08
  4.53332056338E-08
  2.66138204807E-08
  7.48544515261E-09
 -1.22322569851E-08
 -3.27366116437E-08
 -5.42398801429E-08
 -7.69652146460E-08
 -1.01143577069E-07
 -1.27011091422E-07
 -1.54804880026E-07
 -1.84758960131E-07
 -2.17101998601E-07
 -2.52053467875E-07
 -2.89819780619E-07
 -3.30590779640E-07
 -3.74538814185E-07
 -4.21812984541E-07
 -4.72539170460E-07
 -5.26815313151E-07
 -5.84711301599E-07
 -6.46266698823E-07
 -7.11488098659E-07
 -7.80348727858E-07
 -8.52787991334E-07
 -9.28709766868E-07
 -1.00798388303E-06
 -1.09044219698E-06
 -1.17588331250E-06
 -1.26406973777E-06
 -1.35472930651E-06
 -1.44755676956E-06
 -1.54221220328E-06
 -1.63832430644E-06
 -1.73548971816E-06
 -1.83327438208E-06
 -1.93121468328E-06
 -2.02881847144E-06
 -2.12556483348E-06
 -2.22090625357E-06
 -2.31426815844E-06
 -2.40505119109E-06
 -2.49262825491E-06
 -2.57634951595E-06
 -2.65553921963E-06
 -2.72949728242E-06
 -2.79749974652E-06
 -2.85879741568E-06
 -2.91261949315E-06
 -2.95816948892E-06
 -2.99462863040E-06
 -3.02115631712E-06
 -3.03688898384E-06
 -3.04094373860E-06
 -3.03241745314E-06
 -3.01039062833E-06
 -2.97392853099E-06
 -2.92208505925E-06
 -2.85390524368E-06
 -2.76842956737E-06
 -2.66470055976E-06
 -2.54176620729E-06
 -2.39868791141E-06
 -2.23454730985E-06
 -2.04845537155E-06
 -1.83955921784E-06
 -1.60705519647E-06
 -1.35019695335E-06
 -1.06830862023E-06
 -7.60796012855E-07
 -4.27160472327E-07
 -6.70115554158E-08
  3.19918171954E-07
  7.33759463856E-07
  1.17449167192E-06
  1.64192761076E-06
  2.13569956031E-06
  2.65524545284E-06
  3.19979380947E-06
  3.76835168936E-06
  4.35969241153E-06
  4.97234304930E-06
  5.60457647225E-06
  6.25440407021E-06
  6.91956438459E-06
  7.59752310842E-06
  8.28547035781E-06
  8.98031703400E-06
  9.67870255408E-06
  1.03769971247E-05
  1.10713053800E-05
  1.17574900287E-05
  1.24311709442E-05
  1.30877533593E-05
  1.37224460559E-05
  1.43302777360E-05
  1.49061343109E-05
  1.54447843670E-05
  1.59409119078E-05
  1.63891436387E-05
  1.67841117218E-05
  1.71204646904E-05
  1.73929274752E-05
  1.75963468791E-05
  1.77257425094E-05
  1.77763231477E-05
  1.77435831574E-05
  1.76233243110E-05
  1.74116921698E-05
  1.71052615769E-05
  1.67010475707E-05
  1.61965817824E-05
  1.55899379024E-05
  1.48797726069E-05
  1.40653828566E-05
  1.31467186293E-05
  1.21244311231E-05
  1.09998954940E-05
  9.77522995527E-06
  8.45331305754E-06
  7.03780142430E-06
  5.53313020646E-06
  3.94451126340E-06
  2.27793066188E-06
  5.40130827176E-07
 -1.26140685097E-06
 -3.11849180434E-06
 -5.02225884702E-06
 -6.96320785210E-06
 -8.93124979484E-06
 -1.09157699626E-05
 -1.29056770675E-05
 -1.48894760059E-05
 -1.68553433468E-05
 -1.87911900866E-05
 -2.06847707886E-05
 -2.25237345148E-05
 -2.42957430601E-05
 -2.59885473497E-05
 -2.75900856650E-05
 -2.90885745926E-05
 -3.04726127069E-05
 -3.17312624247E-05
 -3.28541609633E-05
 -3.38315803674E-05
 -3.46545639331E-05
 -3.53149589500E-05
 -3.58055403922E-05
 -3.61200472980E-05
 -3.62532700819E-05
 -3.62011160178E-05
 -3.59606565326E-05
 -3.55301635864E-05
 -3.49091606040E-05
 -3.40984297509E-05
 -3.31000519509E-05
 -3.19174068864E-05
 -3.05551438942E-05
 -2.90192147077E-05
 -2.73168061540E-05
 -2.54563256021E-05
 -2.34473536693E-05
 -2.13005896512E-05
 -1.90277805814E-05
 -1.66416484717E-05
 -1.41558120959E-05
 -1.15846842164E-05
 -8.94338245416E-06
 -6.24761605650E-06
 -3.51357925865E-06
 -7.57828161113E-07
  2.00283784579E-06
  4.75150091006E-06
  7.47125113776E-06
  1.01453160823E-05
  1.27571875055E-05
  1.52907450683E-05
  1.77303827513E-05
  2.00611284527E-05
  2.22687667701E-05
  2.43399281317E-05
  2.62622234004E-05
  2.80243148154E-05
  2.96160123980E-05
  3.10283576255E-05
  3.22536834574E-05
  3.32856761815E-05
  3.41194208886E-05
  3.47514360328E-05
  3.51797134499E-05
  3.54036856152E-05
  3.54242765752E-05
  3.52438582922E-05
  3.48662251781E-05
  3.42965795426E-05
  3.35414442816E-05
  3.26086264977E-05
  3.15071629302E-05
  3.02471944451E-05
  2.88399187411E-05
  2.72974666586E-05
  2.56328003161E-05
  2.38596039708E-05
  2.19921676035E-05
  2.00452614081E-05
  1.80340048246E-05
  1.59737501235E-05
  1.38799468914E-05
  1.17680092444E-05
  9.65320032265E-06
  7.55049813961E-06
  5.47448189536E-06
  3.43920828527E-06
  1.45811168295E-06
 -4.56107642322E-07
 -2.29157330978E-06
 -4.03732201448E-06
 -5.68337918594E-06
 -7.22082859284E-06
 -8.64186495164E-06
 -9.93984485831E-06
 -1.11093204396E-05
 -1.21460561786E-05
 -1.30470516524E-05
 -1.38105324368E-05
 -1.44359446494E-05
 -1.49239267557E-05
 -1.52762786456E-05
 -1.54959288921E-05
 -1.55868565344E-05
 -1.55540565174E-05
 -1.54034532898E-05
 -1.51418198584E-05
 -1.47767041199E-05
 -1.43163297253E-05
 -1.37695042213E-05
 -1.31455171868E-05
 -1.24540383695E-05
 -1.17050194604E-05
 -1.09085785880E-05
 -1.00749102785E-05
 -9.21416994970E-06
 -8.33638569020E-06
 -7.45135412217E-06
 -6.56855308989E-06
 -5.69705389353E-06
 -4.84543943458E-06
 -4.02173509428E-06
 -3.23333688357E-06
 -2.48695937444E-06
 -1.78858272193E-06
 -1.14341298740E-06
 -5.55851443096E-07
 -2.94705895243E-08
  4.32996245081E-07
  8.29659825285E-07
  1.15947023005E-06
  1.42219914778E-06
  1.61842058333E-06
  1.74947740561E-06
  1.81744110250E-06
  1.82506869351E-06
  1.77574770532E-06
  1.67343966950E-06
  1.52261441144E-06
  1.32818558995E-06
  1.09543600502E-06
  8.29948476166E-07
  5.37527512279E-07
  2.24125685122E-07
 -1.04234999299E-07
 -4.41533501316E-07
 -7.81826258844E-07
 -1.11931694846E-06
 -1.44842192640E-06
 -1.76383423423E-06
 -2.06058257390E-06
 -2.33408286476E-06
 -2.58018758359E-06
 -2.79522510027E-06
 -2.97603469335E-06
 -3.11999474434E-06
 -3.22504365613E-06
 -3.28969281327E-06
 -3.31303363055E-06
 -3.29473641614E-06
 -3.23504355038E-06
 -3.13475493385E-06
 -2.99520593217E-06
 -2.81824395643E-06
 -2.60619185610E-06
 -2.36181404034E-06
 -2.08827214010E-06
 -1.78907885129E-06
 -1.46805098211E-06
 -1.12925272333E-06
 -7.76945171310E-07
 -4.15527921405E-07
 -4.94835141751E-08
  3.16677642331E-07
  6.78477761085E-07
  1.03152024167E-06
  1.37154700042E-06
  1.69448765064E-06
  1.99650389732E-06
  2.27403734243E-06
  2.52384484156E-06
  2.74303761216E-06
  2.92910704047E-06
  3.07995287585E-06
  3.19390278491E-06
  3.26972622133E-06
  3.30664192916E-06
  3.30432544615E-06
  3.26290205521E-06
  3.18294337376E-06
  3.06545348394E-06
  2.91185097012E-06
  2.72394845524E-06
  2.50392395174E-06
  2.25429289458E-06
  1.97787426259E-06
  1.67775249338E-06
  1.35724053507E-06
  1.01983710010E-06
  6.69185453717E-07
  3.09029218215E-07
 -5.68308706761E-08
 -4.24580861136E-07
 -7.90436558873E-07
 -1.15068451123E-06
 -1.50172309077E-06
 -1.84010025350E-06
 -2.16254852603E-06
 -2.46601780418E-06
 -2.74770559372E-06
 -3.00508099826E-06
 -3.23590938933E-06
 -3.43826877724E-06
 -3.61056527254E-06
 -3.75154172616E-06
 -3.86028614230E-06
 -3.93623031414E-06
 -3.97915073336E-06
 -3.98916063205E-06
 -3.96670066038E-06
 -3.91252569898E-06
 -3.82768803320E-06
 -3.71351757167E-06
 -3.57159956366E-06
 -3.40374981533E-06
 -3.21198945130E-06
 -2.99851376440E-06
 -2.76566584034E-06
 -2.51590540756E-06
 -2.25177700486E-06
 -1.97588110495E-06
 -1.69084330537E-06
 -1.39928499721E-06
 -1.10379448870E-06
 -8.06901084616E-07
 -5.11048995122E-07
 -2.18574896849E-07
  6.83134686597E-08
  3.47555612734E-07
  6.17254329427E-07
  8.75689465829E-07
  1.12132772756E-06
  1.35282994052E-06
  1.56905730364E-06
  1.76907326477E-06
  1.95214011001E-06
  2.11772112380E-06
  2.26546944759E-06
  2.39522341872E-06
  2.50699577009E-06
  2.60096226157E-06
  2.67744735538E-06
  2.73690989161E-06
  2.77992739939E-06
  2.80717949863E-06
  2.81943130176E-06
  2.81751522380E-06
  2.80231415672E-06
  2.77474532595E-06
  2.73574232779E-06
  2.68624216915E-06
  2.62716866928E-06
  2.55942086369E-06
  2.48386027124E-06
  2.40130179918E-06
  2.31250419347E-06
  2.21816458179E-06
  2.11891301660E-06
  2.01531020139E-06
  1.90784544429E-06
  1.79693813607E-06
  1.68294002378E-06
  1.56613964464E-06
  1.44676721447E-06
  1.32500201744E-06
  1.20098138723E-06
  1.07480843781E-06
  9.46563375237E-07
  8.16313274754E-07
  6.84123051542E-07
  5.50067852600E-07
  4.14241725366E-07
  2.76770208529E-07
  1.37819441193E-07
 -2.39378650235E-09
 -1.43594860447E-07
 -2.85443604753E-07
 -4.27527595548E-07
 -5.69359769997E-07
 -7.10373399215E-07
 -8.49923878832E-07
 -9.87286171039E-07
 -1.12166037525E-06
 -1.25217366076E-06
 -1.37788879329E-06
 -1.49780953507E-06
 -1.61089201356E-06
 -1.71605518062E-06
 -1.81219343176E-06
 -1.89819013485E-06
 -1.97293297788E-06
 -2.03532931664E-06
 -2.08432265936E-06
 -2.11890937862E-06
 -2.13815565075E-06
 -2.14121496356E-06
 -2.12734425986E-06
 -2.09591780731E-06
 -2.04644697988E-06
 -1.97858935280E-06
 -1.89216370927E-06
 -1.78716129540E-06
 -1.66375332356E-06
 -1.52230063577E-06
 -1.36335643219E-06
 -1.18767036383E-06
 -9.96189442048E-07
 -7.90055082689E-07
 -5.70598956529E-07
 -3.39336651223E-07
 -9.79575673909E-08
  1.51687146399E-07
  4.07597667618E-07
  6.67643973884E-07
  9.29581631226E-07
  1.19107494356E-06
  1.44971727423E-06
  1.70305531810E-06
  1.94861354430E-06
  2.18392051465E-06
  2.40653434957E-06
  2.61406944446E-06
  2.80422409560E-06
  2.97480528388E-06
  3.12375618705E-06
  3.24917959915E-06
  3.34936066793E-06
  3.42279167853E-06
  3.46818887920E-06
  3.48451339960E-06
  3.47098398379E-06
  3.42709290635E-06
  3.35261461260E-06
  3.24761322190E-06
  3.11244775730E-06
  2.94777237286E-06
  2.75453521681E-06
  2.53397365668E-06
  2.28760427490E-06
  2.01721377380E-06
  1.72484271843E-06
  1.41276859722E-06
  1.08348717731E-06
  7.39687493478E-07
  3.84229196015E-07
  2.01141059364E-08
 -3.49541863898E-07
 -7.21538356174E-07
 -1.09262282422E-06
 -1.45952185449E-06
 -1.81897451057E-06
 -2.16776334128E-06
 -2.50274888458E-06
 -2.82089899883E-06
 -3.11932171826E-06
 -3.39529287885E-06
 -3.64628476746E-06
 -3.86999226976E-06
 -4.06435447076E-06
 -4.22757830165E-06
 -4.35815536548E-06
 -4.45487694378E-06
 -4.51684672953E-06
 -4.54348946732E-06
 -4.53455777460E-06
 -4.49013350590E-06
 -4.41062547907E-06
 -4.29676447311E-06
 -4.14960049966E-06
 -3.97048324885E-06
 -3.76105435862E-06
 -3.52322740582E-06
 -3.25916766997E-06
 -2.97126939586E-06
 -2.66213169198E-06
 -2.33453056353E-06
 -1.99139071810E-06
 -1.63575577972E-06
 -1.27075622913E-06
 -8.99578367353E-07
 -5.25431232745E-07
 -1.51515436642E-07
  2.19008924773E-07
  5.83054315939E-07
  9.37634922593E-07
  1.27989608245E-06
  1.60714046160E-06
  1.91685467144E-06
  2.20673086915E-06
  2.47468869929E-06
  2.71889098258E-06
  2.93776179205E-06
  3.12999691232E-06
  3.29457225234E-06
  3.43075112141E-06
  3.53808763975E-06
  3.61642423741E-06
  3.66589028999E-06
  3.68689461538E-06
  3.68011660612E-06
  3.64649349649E-06
  3.58720626537E-06
  3.50366190105E-06
  3.39747452927E-06
  3.27044244841E-06
  3.12452880280E-06
  2.96183179671E-06
  2.78456423075E-06
  2.59502326116E-06
  2.39556652559E-06
  2.18858303924E-06
  1.97646591005E-06
  1.76158846443E-06
  1.54627582560E-06
  1.33278069825E-06
  1.12326108592E-06
  9.19756132589E-07
  7.24168103261E-07
  5.38242318271E-07
  3.63551436067E-07
  2.01482166062E-07
  5.32228163763E-08
 -8.02451225468E-08
 -1.98153628617E-07
 -2.99952034766E-07
 -3.85308169371E-07
 -4.54107151882E-07
 -5.06447520365E-07
 -5.42634893463E-07
 -5.63173500723E-07
 -5.68755581298E-07
 -5.60248224701E-07
 -5.38678989415E-07
 -5.05219873048E-07
 -4.61169150867E-07
 -4.07933043789E-07
 -3.47005709500E-07
 -2.79948693560E-07
 -2.08370337873E-07
 -1.33904336508E-07
 -5.81888492945E-08
  1.71543597105E-08
  9.05398138684E-08
  1.60438119678E-07
  2.25394146014E-07
  2.84044347154E-07
  3.35132511964E-07
  3.77524230544E-07
  4.10219456626E-07
  4.32363435721E-07
  4.43255430582E-07
  4.42355798214E-07
  4.29291020509E-07
  4.03856546427E-07
  3.66017530951E-07
  3.15907726645E-07
  2.53826357266E-07
  1.80233030278E-07
  9.57408019531E-08
  1.10772591100E-09
 -1.02773434207E-07
 -2.14886739514E-07
 -3.34106061928E-07
 -4.59208763459E-07
 -5.88890941344E-07
 -7.21782896562E-07
 -8.56465362631E-07
 -9.91485990198E-07
 -1.12537566110E-06
 -1.25666656459E-06
 -1.38390657867E-06
 -1.50567655055E-06
 -1.62060564435E-06
 -1.72738577930E-06
 -1.82478493116E-06
 -1.91166145669E-06
 -1.98697352971E-06
 -2.04979096452E-06
 -2.09930385608E-06
 -2.13483008338E-06
 -2.15582053897E-06
 -2.16186526814E-06
 -2.15269460568E-06
 -2.12818235923E-06
 -2.08834444493E-06
 -2.03333797799E-06
 -1.96345763470E-06
 -1.87913212812E-06
 -1.78091829639E-06
 -1.66949337199E-06
 -1.54564838795E-06
 -1.41027783229E-06
 -1.26437146264E-06
 -1.10900191430E-06
 -9.45315548506E-07
 -7.74518753133E-07
 -5.97867824581E-07
 -4.16655780100E-07
 -2.32200420669E-07
 -4.58324329600E-08
  1.41116842656E-07
  3.27326887373E-07
  5.11499194999E-07
  6.92368075761E-07
  8.68710230861E-07
  1.03935508378E-06
  1.20319191410E-06
  1.35917878197E-06
  1.50634900820E-06
  1.64381697232E-06
  1.77078311481E-06
  1.88653825717E-06
  1.99046598937E-06
  2.08204573937E-06
  2.16085277316E-06
  2.22655967264E-06
  2.27893497140E-06
  2.31784224525E-06
  2.34323715631E-06
  2.35516563407E-06
  2.35376023738E-06
  2.33923424275E-06
  2.31188050748E-06
  2.27206373893E-06
  2.22021526497E-06
  2.15682985072E-06
  2.08245637623E-06
  1.99769579012E-06
  1.90319178728E-06
  1.79962694347E-06
  1.68771521203E-06
  1.56819794483E-06
  1.44183707107E-06
  1.30940975396E-06
  1.17170372960E-06
  1.02951196368E-06
  8.83628388237E-07
  7.34843581540E-07
  5.83940675369E-07
  4.31691915992E-07
  2.78855566194E-07
  1.26172736259E-07
 -2.56350851657E-08
 -1.75868251517E-07
 -3.23851224948E-07
 -4.68933848197E-07
 -6.10493259501E-07
 -7.47934905121E-07
 -8.80693562522E-07
 -1.00823467619E-06
 -1.13005444291E-06
 -1.24568089177E-06
 -1.35467485052E-06
 -1.45662977502E-06
 -1.55117220402E-06
 -1.63796255492E-06
 -1.71669603333E-06
 -1.78710183718E-06
 -1.84894474842E-06
 -1.90202524664E-06
 -1.94617928173E-06
 -1.98128077500E-06
 -2.00723889066E-06
 -2.02400246962E-06
 -2.03155695999E-06
 -2.02992760023E-06
 -2.01917782761E-06
 -1.99941155188E-06
 -1.97077133635E-06
 -1.93344021682E-06
 -1.88764090581E-06
 -1.83363613360E-06
 -1.77172796612E-06
 -1.70225700913E-06
 -1.62560263561E-06
 -1.54218059834E-06
 -1.45244348460E-06
 -1.35687719194E-06
 -1.25600081446E-06
 -1.15036357329E-06
 -1.04054265648E-06
 -9.27140717977E-07
 -8.10782239569E-07
 -6.92111143508E-07
 -5.71786472392E-07
 -4.50479348046E-07
 -3.28868082988E-07
 -2.07634926142E-07
 -8.74610961432E-08
  3.09775671781E-08
  1.47015001062E-07
  2.59999637819E-07
  3.69299158365E-07
  4.74304783893E-07
  5.74436000988E-07
  6.69145038046E-07
  7.57920531669E-07
  8.40292045723E-07
  9.15833425097E-07
  9.84166490525E-07
  1.04496382392E-06
  1.09795189474E-06
  1.14291242426E-06
  1.17968488667E-06
  1.20816810067E-06
  1.22832011584E-06
  1.24015946312E-06
  1.24376470012E-06
  1.23927327422E-06
  1.22688106785E-06
  1.20684012472E-06
  1.17945660350E-06
  1.14508827664E-06
  1.10414089249E-06
  1.05706499198E-06
  1.00435204331E-06
  9.46529894463E-07
  8.84157770997E-07
  8.17822012777E-07
  7.48130446482E-07
  6.75707667597E-07
  6.01188844485E-07
  5.25214602476E-07
  4.48425595323E-07
  3.71457048232E-07
  2.94933158784E-07
  2.19462009454E-07
  1.45630608017E-07
  7.40000274391E-08
  5.10096986872E-09
 -6.05704926215E-08
 -1.22556556903E-07
 -1.80441077191E-07
 -2.33852674114E-07
 -2.82466999124E-07
 -3.26008915863E-07
 -3.64253935459E-07
 -3.97029339183E-07
 -4.24214476880E-07
 -4.45741250132E-07
 -4.61593174350E-07
 -4.71804725066E-07
 -4.76459916854E-07
 -4.75690484336E-07
 -4.69673580028E-07
 -4.58629330069E-07
 -4.42817707835E-07
 -4.22535379130E-07
 -3.98112433686E-07
 -3.69908150333E-07
 -3.38307330594E-07
 -3.03716490180E-07
 -2.66559140982E-07
 -2.27272167308E-07
 -1.86301122085E-07
 -1.44096645727E-07
 -1.01109371542E-07
 -5.77870942209E-08
 -1.45701735121E-08
  2.81120335899E-08
  6.98444111435E-08
  1.10229542827E-07
  1.48890379137E-07
  1.85473027159E-07
  2.19649763267E-07
  2.51119899985E-07
  2.79612436316E-07
  3.04887208813E-07
  3.26736255829E-07
  3.44983988043E-07
  3.59488637969E-07
  3.70141549411E-07
  3.76867689056E-07
  3.79624964353E-07
  3.78403512968E-07
  3.73225276462E-07
  3.64142607623E-07
  3.51236849383E-07
  3.34617226372E-07
  3.14419139613E-07
  2.90802262271E-07
  2.63948862766E-07
  2.34061985793E-07
  2.01363121732E-07
  1.66090728726E-07
  1.28497632090E-07
  8.88495250706E-08
  4.74225352320E-08
  4.50149473252E-09
 -3.96221260246E-08
 -8.46520507025E-08
 -1.30289080857E-07
 -1.76232731519E-07
 -2.22183118126E-07
 -2.67842409585E-07
 -3.12916341727E-07
 -3.57115766292E-07
 -4.00158057801E-07
 -4.41768236215E-07
 -4.81680331177E-07
 -5.19638490459E-07
 -5.55398059987E-07
 -5.88726720707E-07
 -6.19405341240E-07
 -6.47228830530E-07
 -6.72007388403E-07
 -6.93566960308E-07
 -7.11750089977E-07
 -7.26417113128E-07
 -7.37446043786E-07
 -7.44734109048E-07
 -7.48198033307E-07
 -7.47774720367E-07
 -7.43421310290E-07
 -7.35116827855E-07
 -7.22861500435E-07
 -7.06677724338E-07
 -6.86610292178E-07
 -6.62726563405E-07
 -6.35116521153E-07
 -6.03893113293E-07
 -5.69192025068E-07
 -5.31170940121E-07
 -4.90010506837E-07
 -4.45912348823E-07
 -3.99099235437E-07
 -3.49814399669E-07
 -2.98320202319E-07
 -2.44897051971E-07
 -1.89842253917E-07
 -1.33468162744E-07
 -7.61009530947E-08
 -1.80783388259E-08
  4.02520363707E-08
  9.85352102134E-08
  1.56411118724E-07
  2.13516912595E-07
  2.69489703442E-07
  3.23969402416E-07
  3.76601263952E-07
  4.27039054784E-07
  4.74947540852E-07
  5.20005983162E-07
  5.61910383112E-07
  6.00376949933E-07
  6.35144488115E-07
  6.65977211156E-07
  6.92667299518E-07
  7.15037117516E-07
  7.32941373371E-07
  7.46269449792E-07
  7.54946427151E-07
  7.58935243539E-07
  7.58236751608E-07
  7.52891594402E-07
  7.42979750612E-07
  7.28620989321E-07
  7.09974415258E-07
  6.87237616148E-07
  6.60645639528E-07
  6.30469571661E-07
  5.97014548021E-07
  5.60617536394E-07
  5.21644381024E-07
  4.80487528876E-07
  4.37561766375E-07
  3.93301377244E-07
  3.48156078189E-07
  3.02586641965E-07
  2.57061003595E-07
  2.12049556580E-07
  1.68020406477E-07
  1.25435263953E-07
  8.47442365171E-08
  4.63816469676E-08
  1.07609929856E-08
 -2.17288835813E-08
 -5.07285804474E-08
 -7.59119771487E-08
 -9.69897229197E-08
 -1.13713298333E-07
 -1.25877434698E-07
 -1.33323311502E-07
 -1.35940595669E-07
 -1.33669217917E-07
 -1.26500935949E-07
 -1.14479888680E-07
 -9.77031362481E-08
 -7.63201839504E-08
 -5.05324422306E-08
 -2.05917043417E-08
  1.32015189891E-08
  5.05004997819E-08
  9.09150585926E-08
  1.34015010644E-07
  1.79333937922E-07
  2.26373245482E-07
  2.74607060646E-07
  3.23486915477E-07
  3.72447061636E-07
  4.20909941568E-07
  4.68291801781E-07
  5.14008320351E-07
  5.57480632324E-07
  5.98141298269E-07
  6.35439448615E-07
  6.68847349061E-07
  6.97865516486E-07
  7.22027493794E-07
  7.40905875318E-07
  7.54116001644E-07
  7.61320791298E-07
  7.62234606100E-07
  7.56626207021E-07
  7.44322164792E-07
  7.25208678887E-07
  6.99233737578E-07
  6.66407743211E-07
  6.26805046977E-07
  5.80562527830E-07
  5.27880160917E-07
  4.69018999638E-07
  4.04299726142E-07
  3.34099922839E-07
  2.58851116541E-07
  1.79035325232E-07
  9.51808871719E-08
  7.85815945648E-09
 -8.23255348337E-08
 -1.74731155766E-07
 -2.68693469252E-07
 -3.63526794445E-07
 -4.58531303593E-07
 -5.52998869807E-07
 -6.46219575628E-07
 -7.37487653169E-07
 -8.26107964258E-07
 -9.11401969006E-07
 -9.92713808046E-07
 -1.06941558897E-06
 -1.14091358228E-06
 -1.20665242775E-06
 -1.26612076201E-06
 -1.31885440169E-06
 -1.36444157306E-06
 -1.40252518577E-06
 -1.43280601606E-06
 -1.45504475313E-06
 -1.46906438658E-06
 -1.47475032009E-06
 -1.47205241774E-06
 -1.46098318510E-06
 -1.44161890603E-06
 -1.41409668686E-06
 -1.37861445637E-06
 -1.33542800995E-06
 -1.28484805373E-06
 -1.22723736240E-06
 -1.16300702757E-06
 -1.09261270609E-06
 -1.01655041362E-06
 -9.35351010867E-07
 -8.49576281325E-07
 -7.59813758577E-07
 -6.66671382987E-07
 -5.70771931052E-07
 -4.72748268976E-07
 -3.73237753593E-07
 -2.72876832241E-07
 -1.72296410028E-07
 -7.21164923334E-08
  2.70583733197E-08
  1.24643648292E-07
  2.20078916868E-07
  3.12831900828E-07
  4.02401866495E-07
  4.88322882575E-07
  5.70166264424E-07
  6.47543402010E-07
  7.20107550478E-07
  7.87554711223E-07
  8.49625735100E-07
  9.06105526610E-07
  9.56824692366E-07
  1.00165857475E-06
  1.04052628558E-06
  1.07339030819E-06
  1.10025484901E-06
  1.12116413220E-06
  1.13620023967E-06
  1.14548140573E-06
  1.14915837912E-06
  1.14741294510E-06
  1.14045428745E-06
  1.12851580525E-06
  1.11185249807E-06
  1.09073766907E-06
  1.06545905965E-06
  1.03631703041E-06
  1.00361967270E-06
  9.67681216935E-07
  9.28818224111E-07
  8.87347084699E-07
  8.43581176468E-07
  7.97828420218E-07
  7.50389574478E-07
  7.01555109117E-07
  6.51604352697E-07
  6.00803502948E-07
  5.49404262529E-07
  4.97642986375E-07
  4.45739857469E-07
  3.93898119455E-07
  3.42304076639E-07
  2.91126696084E-07
  2.40518176042E-07
  1.90613860696E-07
  1.41533163855E-07
  9.33802226655E-08
  4.62445193250E-08
  2.02398944826E-10
 -4.46821033506E-08
 -8.83561241949E-08
 -1.30776243168E-07
 -1.71907544200E-07
 -2.11721967958E-07
 -2.50197302876E-07
 -2.87315145897E-07
 -3.23060476148E-07
 -3.57419793318E-07
 -3.90380023418E-07
 -4.21927609295E-07
 -4.52047828503E-07
 -4.80723429064E-07
 -5.07933805238E-07
 -5.33655395429E-07
 -5.57860403205E-07
 -5.80516996251E-07
 -6.01588737936E-07
 -6.21035383119E-07
 -6.38812082343E-07
 -6.54870916605E-07
 -6.69160272082E-07
 -6.81626204369E-07
 -6.92212950071E-07
 -7.00863381553E-07
 -7.07520655396E-07
 -7.12128553459E-07
 -7.14633017651E-07
 -7.14982718364E-07
 -7.13130702934E-07
 -7.09035305135E-07
 -7.02661338892E-07
 -6.93981178301E-07
 -6.82975610289E-07
 -6.69635255690E-07
 -6.53961137687E-07
 -6.35965875517E-07
 -6.15673911852E-07
 -5.93122649661E-07
 -5.68362963804E-07
 -5.41458973657E-07
 -5.12489066296E-07
 -4.81545441744E-07
 -4.48734311931E-07
 -4.14175588048E-07
 -3.78002596335E-07
 -3.40361566487E-07
 -3.01410949533E-07
 -2.61320451500E-07
 -2.20270564455E-07
 -1.78450903832E-07
 -1.36059583156E-07
 -9.33014945304E-08
 -5.03871397939E-08
 -7.53108064799E-09
  3.50495099610E-08
  7.71365833430E-08
  1.18512794245E-07
  1.58963132435E-07
  1.98276708829E-07
  2.36248240526E-07
  2.72679869795E-07
  3.07382777009E-07
  3.40178559100E-07
  3.70900920643E-07
  3.99396810735E-07
  4.25528185133E-07
  4.49172659955E-07
  4.70224847504E-07
  4.88597322601E-07
  5.04221475239E-07
  5.17047908488E-07
  5.27046779553E-07
  5.34209050329E-07
  5.38545407380E-07
  5.40087000900E-07
  5.38885103651E-07
  5.35010599378E-07
  5.28553528056E-07
  5.19622346928E-07
  5.08343362071E-07
  4.94859136779E-07
  4.79327866287E-07
  4.61921587203E-07
  4.42825239588E-07
  4.22234620601E-07
  4.00354906560E-07
  3.77399089757E-07
  3.53585875246E-07
  3.29137805011E-07
  3.04279382135E-07
  2.79235081280E-07
  2.54227245478E-07
  2.29474196090E-07
  2.05188257496E-07
  1.81573682312E-07
  1.58824917662E-07
  1.37124558819E-07
  1.16642013381E-07
  9.75313341200E-08
  7.99302100063E-08
  6.39581543282E-08
  4.97156307233E-08
  3.72828701245E-08
  2.67186823777E-08
  1.80602466315E-08
  1.13222302645E-08
  6.49648113082E-09
  3.55203710889E-09
  2.43529751920E-09
  3.06991565502E-09
  5.35778932331E-09
  9.17968989711E-09
  1.43958347465E-08
  2.08476080843E-08
  2.83584640215E-08
  3.67357166908E-08
  4.57722570957E-08
  5.52482752880E-08
  6.49335945013E-08
  7.45895150089E-08
  8.39715781353E-08
  9.28316552518E-08
  1.00920658497E-07
  1.07991056097E-07
  1.13799472956E-07
  1.18109461766E-07
  1.20694025441E-07
  1.21338302961E-07
  1.19842198387E-07
  1.16022739860E-07
  1.09716559393E-07
  1.00782138190E-07
  8.91019595883E-08
  7.45843351524E-08
  5.71652449821E-08
  3.68098369563E-08
  1.35135520551E-08
 -1.26965922220E-08
 -4.17613428283E-08
 -7.35889003067E-08
 -1.08054599934E-07
 -1.45001195051E-07
 -1.84239056011E-07
 -2.25547339028E-07
 -2.68674682502E-07
 -3.13340876801E-07
 -3.59238583769E-07
 -4.06035354672E-07
 -4.53375804454E-07
 -5.00884652865E-07
 -5.48168770820E-07
 -5.94821415234E-07
 -6.40424445919E-07
 -6.84552446728E-07
 -7.26776761439E-07
 -7.66668506458E-07
 -8.03802606697E-07
 -8.37762570427E-07
 -8.68143501975E-07
 -8.94557103948E-07
 -9.16634348869E-07
 -9.34030538247E-07
 -9.46428826865E-07
 -9.53543121796E-07
 -9.55122459345E-07
 -9.50953506162E-07
 -9.40863515098E-07
 -9.24723053686E-07
 -9.02448562101E-07
 -8.74003717399E-07
 -8.39400968289E-07
 -7.98703297278E-07
 -7.52024106987E-07
 -6.99527788584E-07
 -6.41429608095E-07
 -5.77994796913E-07
 -5.09537358084E-07
 -4.36418815752E-07
 -3.59045515097E-07
 -2.77866689657E-07
 -1.93370908619E-07
 -1.06083376750E-07
 -1.65617741743E-08
  7.46083017589E-08
  1.66816761293E-07
  2.59434784766E-07
  3.51819380739E-07
  4.43318413090E-07
  5.33276306669E-07
  6.21039532689E-07
  7.05962236225E-07
  7.87411636338E-07
  8.64773426201E-07
  9.37457741657E-07
  1.00490422028E-06
  1.06658717414E-06
  1.12202008040E-06
  1.17076149309E-06
  1.21241748730E-06
  1.24664711620E-06
  1.27316468479E-06
  1.29174395624E-06
  1.30221985728E-06
  1.30449018343E-06
  1.29851832753E-06
  1.28433271129E-06
  1.26202792217E-06
  1.23176448596E-06
  1.19376704788E-06
  1.14832459985E-06
  1.09578661522E-06
  1.03656122974E-06
  9.71112513071E-07
  8.99955637124E-07
  8.23653977022E-07
  7.42813540455E-07
  6.58077965454E-07
  5.70123688703E-07
  4.79653692764E-07
  3.87391253298E-07
  2.94074538942E-07
  2.00449250087E-07
  1.07262621896E-07
  1.52568606637E-08
 -7.48375441617E-08
 -1.62307998153E-07
 -2.46466726139E-07
 -3.26655793970E-07
 -4.02254102028E-07
 -4.72682017971E-07
 -5.37406890544E-07
 -5.95947994952E-07
 -6.47880085580E-07
 -6.92837602401E-07
 -7.30517967895E-07
 -7.60683803946E-07
 -7.83165319262E-07
 -7.97861218871E-07
 -8.04739954674E-07
 -8.03839725450E-07
 -7.95267226295E-07
 -7.79197591783E-07
 -7.55871781166E-07
 -7.25594475171E-07
 -6.88730779075E-07
 -6.45702982638E-07
 -5.96986410528E-07
 -5.43104590633E-07
 -4.84624479213E-07
 -4.22150776558E-07
 -3.56320612127E-07
 -2.87797121246E-07
 -2.17263277591E-07
 -1.45415754105E-07
 -7.29580236225E-08
 -5.94040816537E-10
  7.09784302444E-08
  1.41074053772E-07
  2.09026296716E-07
  2.74193666883E-07
  3.35965353315E-07
  3.93766526940E-07
  4.47064024911E-07
  4.95370272802E-07
  5.38248173143E-07
  5.75314516027E-07
  6.06243304446E-07
  6.30768113297E-07
  6.48684533644E-07
  6.59851423279E-07
  6.64191475153E-07
  6.61692013182E-07
  6.52404139601E-07
  6.36441939150E-07
  6.13981057995E-07
  5.85256145769E-07
  5.50558638679E-07
  5.10233235218E-07
  4.64674428713E-07
  4.14322386177E-07
  3.59658201887E-07
  3.01199577279E-07
  2.39495221876E-07
  1.75119694745E-07
  1.08667826737E-07
  4.07490823306E-08
 -2.80184302426E-08
 -9.70133626765E-08
 -1.65617265679E-07
 -2.33219935808E-07
 -2.99225035860E-07
 -3.63055562502E-07
 -4.24158599799E-07
 -4.82010250380E-07
 -5.36120410288E-07
 -5.86036094319E-07
 -6.31345983493E-07
 -6.71682983011E-07
 -7.06727291799E-07
 -7.36208789931E-07
 -7.59908857617E-07
 -7.77661455231E-07
 -7.89354373865E-07
 -7.94928837422E-07
 -7.94380184743E-07
 -7.87756675891E-07
 -7.75158525812E-07
 -7.56736369567E-07
 -7.32688874905E-07
 -7.03260866430E-07
 -6.68740142373E-07
 -6.29454632417E-07
 -5.85768532346E-07
 -5.38079234502E-07
 -4.86812837153E-07
 -4.32420478091E-07
 -3.75373900852E-07
 -3.16161049341E-07
 -2.55281833006E-07
 -1.93243721469E-07
 -1.30557296529E-07
 -6.77320457498E-08
 -5.27206012180E-09
  5.63279876076E-08
  1.16586662102E-07
  1.75039531314E-07
  2.31242566429E-07
  2.84775325099E-07
  3.35243981908E-07
  3.82283758427E-07
  4.25561523798E-07
  4.64777343723E-07
  4.99666668929E-07
  5.30001443622E-07
  5.55590929707E-07
  5.76282673137E-07
  5.91962873386E-07
  6.02555985552E-07
  6.08025459314E-07
  6.08371863109E-07
  6.03633111496E-07
  5.93882987232E-07
  5.79229947562E-07
  5.59815475754E-07
  5.35812489488E-07
  5.07423521867E-07
  4.74878589785E-07
  4.38432977035E-07
  3.98365159526E-07
  3.54974417860E-07
  3.08578393060E-07
  2.59510699152E-07
  2.08118450473E-07
  1.54759945303E-07
  9.98020865950E-08
  4.36181508690E-08
 -1.34146400654E-08
 -7.09173804125E-08
 -1.28511672415E-07
 -1.85821633636E-07
 -2.42476147605E-07
 -2.98110535368E-07
 -3.52368601853E-07
 -4.04904199058E-07
 -4.55382888731E-07
 -5.03483533976E-07
 -5.48899720343E-07
 -5.91340665324E-07
 -6.30533236290E-07
 -6.66222092605E-07
 -6.98171447766E-07
 -7.26165524156E-07
 -7.50009746753E-07
 -7.69531141032E-07
 -7.84579128776E-07
 -7.95026323885E-07
 -8.00768759746E-07
 -8.01726173449E-07
 -7.97842915290E-07
 -7.89087948760E-07
 -7.75454623181E-07
 -7.56961753723E-07
 -7.33652939289E-07
 -7.05596733042E-07
 -6.72886585562E-07
 -6.35640901692E-07
 -5.94002472099E-07
 -5.48138302747E-07
 -4.98238932778E-07
 -4.44518207132E-07
 -3.87212395481E-07
 -3.26579623788E-07
 -2.62898737446E-07
 -1.96468548097E-07
 -1.27606455180E-07
 -5.66476003883E-08
  1.60570081675E-08
  9.01415972976E-08
  1.65227461935E-07
  2.40924606487E-07
  3.16833819625E-07
  3.92548400896E-07
  4.67656377623E-07
  5.41742849691E-07
  6.14392035914E-07
  6.85189718297E-07
  7.53725998948E-07
  8.19597062218E-07
  8.82408755842E-07
  9.41778068864E-07
  9.97336542241E-07
  1.04873220153E-06
  1.09563188744E-06
  1.13772523491E-06
  1.17472450256E-06
  1.20636900647E-06
  1.23242602967E-06
  1.25269320961E-06
  1.26700035707E-06
  1.27521070681E-06
  1.27722273646E-06
  1.27297096242E-06
  1.26242707665E-06
  1.24560108361E-06
  1.22254016333E-06
  1.19333037674E-06
  1.15809632462E-06
  1.11699921490E-06
  1.07023799956E-06
  1.01804698716E-06
  9.60695047070E-07
  8.98484302070E-07
  8.31747115626E-07
  7.60845068726E-07
  6.86165947172E-07
  6.08121240475E-07
  5.27143413365E-07
  4.43682750983E-07
  3.58203891437E-07
  2.71183154155E-07
  1.83104205576E-07
  9.44557356775E-08
  5.72677016919E-09
 -8.25963866191E-08
 -1.70033615632E-07
 -2.56114503827E-07
 -3.40381888009E-07
 -4.22394890620E-07
 -5.01732472458E-07
 -5.77995876938E-07
 -6.50811671221E-07
 -7.19834247320E-07
 -7.84747726357E-07
 -8.45268516514E-07
 -9.01146336219E-07
 -9.52166260504E-07
 -9.98148948383E-07
 -1.03895206394E-06
 -1.07447101527E-06
 -1.10463724923E-06
 -1.12941972930E-06
 -1.14882391244E-06
 -1.16288981644E-06
 -1.17169224723E-06
 -1.17533818411E-06
 -1.17396541555E-06
 -1.16774037906E-06
 -1.15685588753E-06
 -1.14152874175E-06
 -1.12199666091E-06
 -1.09851634988E-06
 -1.07135974758E-06
 -1.04081129848E-06
 -1.00716545148E-06
 -9.70722794591E-07
 -9.31787667469E-07
 -8.90665376119E-07
 -8.47658668590E-07
 -8.03065859145E-07
 -7.57177474497E-07
 -7.10274491666E-07
 -6.62626121084E-07
 -6.14487362327E-07
 -5.66097753563E-07
 -5.17679950462E-07
 -4.69438305117E-07
 -4.21558127073E-07
 -3.74204802256E-07
 -3.27524048771E-07
 -2.81641263200E-07
 -2.36662074826E-07
 -1.92672814592E-07
 -1.49741069322E-07
 -1.07916918068E-07
 -6.72340831898E-08
 -2.77110832059E-08
  1.06468691641E-08
  4.78462780507E-08
  8.39036502498E-08
  1.18843402674E-07
  1.52695974975E-07
  1.85495864002E-07
  2.17279463754E-07
  2.48083352972E-07
  2.77942291405E-07
  3.06887386614E-07
  3.34944388669E-07
  3.62132396958E-07
  3.88462268575E-07
  4.13935680399E-07
  4.38544020653E-07
  4.62267905732E-07
  4.85076384393E-07
  5.06927165134E-07
  5.27766417235E-07
  5.47528827610E-07
  5.66138965041E-07
  5.83511109653E-07
  5.99551015057E-07
  6.14156817846E-07
  6.27220856586E-07
  6.38630638150E-07
  6.48271736736E-07
  6.56028873891E-07
  6.61788249090E-07
  6.65439984004E-07
  6.66880112021E-07
  6.66012795136E-07
  6.62752427161E-07
  6.57026248518E-07
  6.48775824175E-07
  6.37959601590E-07
  6.24554161277E-07
  6.08556376847E-07
  5.89984551880E-07
  5.68879443108E-07
  5.45305454125E-07
  5.19351488038E-07
  4.91130720093E-07
  4.60781024003E-07
  4.28464659308E-07
  3.94367646095E-07
  3.58698656555E-07
  3.21688048643E-07
  2.83585990246E-07
  2.44660867565E-07
  2.05196812431E-07
  1.65491400139E-07
  1.25852963606E-07
  8.65976303999E-08
  4.80461963548E-08
  1.05208428636E-08
 -2.56581760283E-08
 -6.01761911412E-08
 -9.27273546836E-08
 -1.23018480735E-07
 -1.50772322627E-07
 -1.75731017293E-07
 -1.97659488776E-07
 -2.16348254867E-07
 -2.31616780866E-07
 -2.43315582793E-07
 -2.51329197454E-07
 -2.55577731423E-07
 -2.56018722666E-07
 -2.52648675314E-07
 -2.45503855467E-07
 -2.34660618048E-07
 -2.20235889969E-07
 -2.02386303272E-07
 -1.81307910907E-07
 -1.57234737230E-07
 -1.30436873746E-07
 -1.01218681436E-07
 -6.99161688544E-08
 -3.68940114015E-08
 -2.54231924401E-09
  3.27271223455E-08
  6.84844039256E-08
  1.04286122848E-07
  1.39679556810E-07
  1.74207315240E-07
  2.07411972042E-07
  2.38840925704E-07
  2.68051252306E-07
  2.94614551422E-07
  3.18121522014E-07
  3.38186566751E-07
  3.54452424745E-07
  3.66594179013E-07
  3.74323235519E-07
  3.77390932726E-07
  3.75591639568E-07
  3.68765824987E-07
  3.56802331680E-07
  3.39640138236E-07
  3.17270064443E-07
  2.89735538672E-07
  2.57132995785E-07
  2.19611663965E-07
  1.77373067345E-07
  1.30669576492E-07
  7.98028381155E-08
  2.51212259883E-08
 -3.29826015388E-08
 -9.40752542533E-08
 -1.57686073976E-07
 -2.23311374725E-07
 -2.90418881832E-07
 -3.58452439286E-07
 -4.26837317491E-07
 -4.94985215482E-07
 -5.62299874218E-07
 -6.28182647233E-07
 -6.92038042871E-07
 -7.53279607579E-07
 -8.11335326034E-07
 -8.65653078108E-07
 -9.15706038995E-07
 -9.60997681432E-07
 -1.00106660739E-06
 -1.03549109554E-06
 -1.06389290977E-06
 -1.08594178982E-06
 -1.10135715659E-06
 -1.10991277325E-06
 -1.11143754111E-06
 -1.10581777335E-06
 -1.09299787709E-06
 -1.07298217245E-06
 -1.04583307348E-06
 -1.01167233879E-06
 -9.70678343037E-07
 -9.23085849536E-07
 -8.69182542829E-07
 -8.09307550753E-07
 -7.43847294871E-07
 -6.73232420922E-07
 -5.97933535573E-07
 -5.18457056842E-07
 -4.35340297145E-07
 -3.49146688450E-07
 -2.60460524260E-07
 -1.69881815282E-07
 -7.80208324613E-08
  1.45075791380E-08
  1.07089064727E-07
  1.99115333999E-07
  2.89989429803E-07
  3.79130653982E-07
  4.65979411501E-07
  5.50001857391E-07
  6.30694273696E-07
  7.07586536919E-07
  7.80246068643E-07
  8.48280592436E-07
  9.11340976018E-07
  9.69122993411E-07
  1.02136948499E-06
  1.06787126697E-06
  1.10846758616E-06
  1.14304657473E-06
  1.17154490908E-06
  1.19394644571E-06
  1.21028199374E-06
  1.22062658647E-06
  1.22509720768E-06
  1.22385176837E-06
  1.21708444567E-06
  1.20502340906E-06
  1.18792740977E-06
  1.16608168810E-06
  1.13979410798E-06
  1.10939220122E-06
  1.07521736936E-06
  1.03762226900E-06
  9.96966150524E-07
  9.53610765464E-07
  9.07916785309E-07
  8.60239651956E-07
  8.10926678696E-07
  7.60312843795E-07
  7.08718687292E-07
  6.56446957237E-07
  6.03780392794E-07
  5.50979905256E-07
  4.98282417993E-07
  4.45900127488E-07
  3.94019082250E-07
  3.42799040709E-07
  2.92373101729E-07
  2.42848244625E-07
  1.94305840751E-07
  1.46802491940E-07
  1.00371629230E-07
  5.50250653930E-08
  1.07548467909E-08
 -3.24644275906E-08
 -7.46733235246E-08
 -1.15924912336E-07
 -1.56282098374E-07
 -1.95814791937E-07
 -2.34597052895E-07
 -2.72704198778E-07
 -3.10209856025E-07
 -3.47183345184E-07
 -3.83686995065E-07
 -4.19773442673E-07
 -4.55483501582E-07
 -4.90843945045E-07
 -5.25865516465E-07
 -5.60541934647E-07
 -5.94847563207E-07
 -6.28737609532E-07
 -6.62146590003E-07
 -6.94988898431E-07
 -7.27158067093E-07
 -7.58527733069E-07
 -7.88952320363E-07
 -8.18268290459E-07
 -8.46295279189E-07
 -8.72838427313E-07
 -8.97689972135E-07
 -9.20631919143E-07
 -9.41438713653E-07
 -9.59879571383E-07
 -9.75722059593E-07
 -9.88734996099E-07
 -9.98691461973E-07
 -1.00537249637E-06
 -1.00856982499E-06
 -1.00808972547E-06
 -1.00375586953E-06
 -9.95412392513E-07
 -9.82926849247E-07
 -9.66193056229E-07
 -9.45133535879E-07
 -9.19701165003E-07
 -8.89882187494E-07
 -8.55696669078E-07
 -8.17200600522E-07
 -7.74486068167E-07
 -7.27682220258E-07
 -6.76954925893E-07
 -6.22506490799E-07
 -5.64575259432E-07
 -5.03433795984E-07
 -4.39387832785E-07
 -3.72773826030E-07
 -3.03956937842E-07
 -2.33328108834E-07
 -1.61301130674E-07
 -8.83091999526E-08
 -1.48013281631E-08
  5.87615076597E-08
  1.31910383061E-07
  2.04172565077E-07
  2.75075933587E-07
  3.44153136211E-07
  4.10946086049E-07
  4.75010153878E-07
  5.35918445621E-07
  5.93265951920E-07
  6.46673356641E-07
  6.95790561167E-07
  7.40300777125E-07
  7.79922629590E-07
  8.14413908756E-07
  8.43573388920E-07
  8.67243045377E-07
  8.85309532350E-07
  8.97705604075E-07
  9.04410569547E-07
  9.05450406208E-07
  9.00898157852E-07
  8.90872456694E-07
  8.75536670719E-07
  8.55097198382E-07
  8.29801649616E-07
  7.99936231033E-07
  7.65822733229E-07
  7.27815404389E-07
  6.86297426000E-07
  6.41676990654E-07
  5.94383379848E-07
  5.44862416518E-07
  4.93572088089E-07
  4.40978055849E-07
  3.87548936942E-07
  3.33751700055E-07
  2.80046975831E-07
  2.26884637300E-07
  1.74699223976E-07
  1.23905991245E-07
  7.48966755282E-08
  2.80359397919E-08
 -1.63420921240E-08
 -5.79369086040E-08
 -9.64842428175E-08
 -1.31758412181E-07
 -1.63574085832E-07
 -1.91787748349E-07
 -2.16298531086E-07
 -2.37048823237E-07
 -2.54024030255E-07
 -2.67252346475E-07
 -2.76803461929E-07
 -2.82787453898E-07
 -2.85352712126E-07
 -2.84683750351E-07
 -2.80998449398E-07
 -2.74545186585E-07
 -2.65599197746E-07
 -2.54459195048E-07
 -2.41443359528E-07
 -2.26885177312E-07
 -2.11129361105E-07
 -1.94527231656E-07
 -1.77432596615E-07
 -1.60197103583E-07
 -1.43165948430E-07
 -1.26673597833E-07
 -1.11039582862E-07
 -9.65646336226E-08
 -8.35268707533E-08
 -7.21783948165E-08
 -6.27421883337E-08
 -5.54092842719E-08
 -5.03363892790E-08
 -4.76439225849E-08
 -4.74144670193E-08
 -4.96916179316E-08
 -5.44794680479E-08
 -6.17423410176E-08
 -7.14051751061E-08
 -8.33542941336E-08
 -9.74387148744E-08
 -1.13471827490E-07
 -1.31233562684E-07
 -1.50472914129E-07
 -1.70910965380E-07
 -1.92244172581E-07
 -2.14147888755E-07
 -2.36280428112E-07
 -2.58286974031E-07
 -2.79804055481E-07
 -3.00464108705E-07
 -3.19899584156E-07
 -3.37747934509E-07
 -3.53656162133E-07
 -3.67284997083E-07
 -3.78313671945E-07
 -3.86443872458E-07
 -3.91403858657E-07
 -3.92952216544E-07
 -3.90881268686E-07
 -3.85020143767E-07
 -3.75237533490E-07
 -3.61444108421E-07
 -3.43594109609E-07
 -3.21686968618E-07
 -2.95768217029E-07
 -2.65929713805E-07
 -2.32309716353E-07
 -1.95092283661E-07
 -1.54506011540E-07
 -1.10822519162E-07
 -6.43544098011E-08
 -1.54525157114E-08
  3.54969280636E-08
  8.80758008748E-08
  1.41837986689E-07
  1.96313308720E-07
  2.51012352237E-07
  3.05430688741E-07
  3.59054467935E-07
  4.11364823094E-07
  4.61843484345E-07
  5.09978178798E-07
  5.55267490654E-07
  5.97226289756E-07
  6.35391018022E-07
  6.69324265345E-07
  6.98619771811E-07
  7.22907088857E-07
  7.41855103570E-07
  7.55176415623E-07
  7.62630918416E-07
  7.64028129652E-07
  7.59230090353E-07
  7.48153752284E-07
  7.30771660074E-07
  7.07113542830E-07
  6.77266882576E-07
  6.41376061594E-07
  5.99642419274E-07
  5.52322546810E-07
  4.99726752423E-07
  4.42216730789E-07
  3.80202408223E-07
  3.14139271040E-07
  2.44523874926E-07
  1.71890135903E-07
  9.68046549588E-08
  1.98617460256E-08
 -5.83216817063E-08
 -1.37111612730E-07
 -2.15862556274E-07
 -2.93923335448E-07
 -3.70642737835E-07
 -4.45375775371E-07
 -5.17489070262E-07
 -5.86366979860E-07
 -6.51416996789E-07
 -7.12075291176E-07
 -7.67811741298E-07
 -8.18134481051E-07
 -8.62595697981E-07
 -9.00794077552E-07
 -9.32379407459E-07
 -9.57056045081E-07
 -9.74584963842E-07
 -9.84786311164E-07
 -9.87541284303E-07
 -9.82792812465E-07
 -9.70546579993E-07
 -9.50870457928E-07
 -9.23894617699E-07
 -8.89809655291E-07
 -8.48865397529E-07
 -8.01368400971E-07
 -7.47679166579E-07
 -6.88208899646E-07
 -6.23416383405E-07
 -5.53802692593E-07
 -4.79907896533E-07
 -4.02305403213E-07
 -3.21597241282E-07
 -2.38408617292E-07
 -1.53382231360E-07
 -6.71728912494E-08
  1.95585236895E-08
  1.06150729096E-07
  1.91947805206E-07
  2.76304831459E-07
  3.58593496230E-07
  4.38207365505E-07
  5.14566977472E-07
  5.87124930007E-07
  6.55369888136E-07
  7.18831074664E-07
  7.77082220793E-07
  8.29744124076E-07
  8.76488002177E-07
  9.17037937143E-07
  9.51172239638E-07
  9.78725211098E-07
  9.99587541628E-07
  1.01370699213E-06
  1.02108776900E-06
  1.02178978523E-06
  1.01592752344E-06
  1.00366810329E-06
  9.85228894024E-07
  9.60875127021E-07
  9.30916655761E-07
  8.95704204140E-07
  8.55625728491E-07
  8.11102381704E-07
  7.62584079439E-07
  7.10544554750E-07
  6.55476867450E-07
  5.97888629272E-07
  5.38296660579E-07
  4.77222386053E-07
  4.15186548253E-07
  3.52704603301E-07
  2.90281889193E-07
  2.28408765679E-07
  1.67556720498E-07
  1.08173949798E-07
  5.06815318602E-08
 -4.52994486366E-09
 -5.71036160579E-08
 -1.06719106441E-07
 -1.53094802613E-07
 -1.95989912299E-07
 -2.35205860122E-07
 -2.70587378282E-07
 -3.02023011045E-07
 -3.29445356329E-07
 -3.52830852535E-07
 -3.72198712739E-07
 -3.87610128882E-07
 -3.99166253828E-07
 -4.07006638170E-07
 -4.11306672277E-07
 -4.12274943073E-07
 -4.10150164498E-07
 -4.05198164799E-07
 -3.97708078026E-07
 -3.87988990269E-07
 -3.76365903776E-07
 -3.63175587381E-07
 -3.48763137481E-07
 -3.33477345293E-07
 -3.17666945193E-07
 -3.01676578829E-07
 -2.85842759240E-07
 -2.70490460252E-07
 -2.55929109017E-07
 -2.42449488042E-07
 -2.30320551964E-07
 -2.19786400635E-07
 -2.11063934330E-07
 -2.04340423693E-07
 -1.99771747589E-07
 -1.97480702013E-07
 -1.97555934278E-07
 -2.00051047727E-07
 -2.04984246466E-07
 -2.12338392203E-07
 -2.22061046884E-07
 -2.34065666405E-07
 -2.48232282729E-07
 -2.64409152351E-07
 -2.82414504227E-07
 -3.02038614564E-07
 -3.23046236872E-07
 -3.45178989392E-07
 -3.68158680430E-07
 -3.91690093693E-07
 -4.15463972558E-07
 -4.39161112809E-07
 -4.62455034267E-07
 -4.85016016682E-07
 -5.06514595600E-07
 -5.26624944541E-07
 -5.45028285615E-07
 -5.61416811706E-07
 -5.75496301281E-07
 -5.86989870044E-07
 -5.95640472056E-07
 -6.01214082963E-07
 -6.03501803198E-07
 -6.02322415943E-07
 -5.97524319801E-07
 -5.88987177252E-07
 -5.76623222059E-07
 -5.60378452974E-07
 -5.40233429547E-07
 -5.16203272127E-07
 -4.88338287141E-07
 -4.56723199704E-07
 -4.21476613610E-07
 -3.82750442895E-07
 -3.40728234960E-07
 -2.95623777902E-07
 -2.47679366794E-07
 -1.97163643634E-07
 -1.44369366240E-07
 -8.96107152926E-08
 -3.32208216491E-08
  2.44513600478E-08
  8.30437585364E-08
  1.42184475749E-07
  2.01494927410E-07
  2.60592969425E-07
  3.19096130852E-07
  3.76624825549E-07
  4.32805478567E-07
  4.87273325689E-07
  5.39675909295E-07
  5.89675266838E-07
  6.36950915123E-07
  6.81202266151E-07
  7.22150900856E-07
  7.59542444939E-07
  7.93148558387E-07
  8.22768186026E-07
  8.48229433359E-07
  8.69389850777E-07
  8.86137911493E-07
  8.98392784165E-07
  9.06105071863E-07
  9.09256698378E-07
  9.07860282950E-07
  9.01958571831E-07
  8.91624040378E-07
  8.76957528817E-07
  8.58086877997E-07
  8.35165508306E-07
  8.08370998584E-07
  7.77902982918E-07
  7.43981502183E-07
  7.06844332399E-07
  6.66745734179E-07
  6.23953155809E-07
  5.78745755320E-07
  5.31411899374E-07
  4.82246434785E-07
  4.31548869528E-07
  3.79620786362E-07
  3.26763824887E-07
  2.73277379392E-07
  2.19456822492E-07
  1.65591274026E-07
  1.11961973914E-07
  5.88406194879E-08
  6.48782982893E-09
 -4.48482033732E-08
 -9.49328935462E-08
 -1.43546287745E-07
 -1.90483888218E-07
 -2.35557294559E-07
 -2.78594768588E-07
 -3.19441511465E-07
 -3.57959891062E-07
 -3.94029285644E-07
 -4.27546183346E-07
 -4.58423727423E-07
 -4.86591432036E-07
 -5.11994528551E-07
 -5.34593425527E-07
 -5.54363168703E-07
 -5.71292162022E-07
 -5.85381997098E-07
 -5.96646145823E-07
 -6.05109107710E-07
 -6.10805500401E-07
 -6.13779207015E-07
 -6.14082580341E-07
 -6.11775078596E-07
 -6.06923094892E-07
 -5.99598649842E-07
 -5.89878879964E-07
 -5.77845355565E-07
 -5.63583341773E-07
 -5.47181400634E-07
 -5.28730879523E-07
 -5.08325740611E-07
 -4.86062049276E-07
 -4.62037775151E-07
 -4.36352848965E-07
 -4.09109077282E-07
 -3.80409858280E-07
 -3.50360778612E-07
 -3.19069357602E-07
 -2.86645445158E-07
 -2.53201108080E-07
 -2.18851397449E-07
 -1.83714121249E-07
 -1.47910213855E-07
 -1.11564197880E-07
 -7.48040278609E-08
 -3.77615698710E-08
 -5.72521974274E-10
  3.66233656734E-08
  7.36824006253E-08
  1.10456973346E-07
  1.46795713363E-07
  1.82543843152E-07
  2.17543387748E-07
  2.51633650805E-07
  2.84651974880E-07
  3.16434153547E-07
  3.46815369312E-07
  3.75630946792E-07
  4.02717432735E-07
  4.27913704470E-07
  4.51061794138E-07
  4.72008650831E-07
  4.90607021675E-07
  5.06716844484E-07
  5.20206754118E-07
  5.30955560407E-07
  5.38853328180E-07
  5.43803139408E-07
  5.45722343759E-07
  5.44543922842E-07
  5.40217513390E-07
  5.32711112555E-07
  5.22011703197E-07
  5.08126561272E-07
  4.91083824272E-07
  4.70933542829E-07
  4.47747964927E-07
  4.21621933810E-07
  3.92673115357E-07
  3.61042054919E-07
  3.26891807845E-07
  2.90407683678E-07
  2.51796336670E-07
  2.11285225760E-07
  1.69121179283E-07
  1.25569357579E-07
  8.09116613709E-08
  3.54448914663E-08
 -1.05210204993E-08
 -5.66651543465E-08
 -1.02657871537E-07
 -1.48163252334E-07
 -1.92841525859E-07
 -2.36351937133E-07
 -2.78355230421E-07
 -3.18516555353E-07
 -3.56508508048E-07
 -3.92013532746E-07
 -4.24727289783E-07
 -4.54361043012E-07
 -4.80644587242E-07
 -5.03328863033E-07
 -5.22188372543E-07
 -5.37023538527E-07
 -5.47663091766E-07
 -5.53965662675E-07
 -5.55821884518E-07
 -5.53155871330E-07
 -5.45925956885E-07
 -5.34126399998E-07
 -5.17787441368E-07
 -4.96976099384E-07
 -4.71795772228E-07
 -4.42386266286E-07
 -4.08923199302E-07
 -3.71616664552E-07
 -3.30710378194E-07
 -2.86480030809E-07
 -2.39231297883E-07
 -1.89297637121E-07
 -1.37037943659E-07
 -8.28338784231E-08
 -2.70867346330E-08
  2.97855056175E-08
  8.73516441402E-08
  1.45170716337E-07
  2.02795547466E-07
  2.59776555822E-07
  3.15665516837E-07
  3.70019279217E-07
  4.22403530820E-07
  4.72396635587E-07
  5.19593186254E-07
  5.63607613913E-07
  6.04077399657E-07
  6.40666769414E-07
  6.73068882406E-07
  7.01009412296E-07
  7.24248309325E-07
  7.42582415114E-07
  7.55847338496E-07
  7.63918478697E-07
  7.66713185385E-07
  7.64190247082E-07
  7.56351539621E-07
  7.43241457712E-07
  7.24946517039E-07
  7.01595013197E-07
  6.73355771141E-07
  6.40436610411E-07
  6.03082696671E-07
  5.61574267977E-07
  5.16224417879E-07
  4.67376111146E-07
  4.15399284748E-07
  3.60687607781E-07
  3.03655042444E-07
  2.44732177634E-07
  1.84362420441E-07
  1.22998201846E-07
  6.10970474213E-08
 -8.82502071420E-10
 -6.24847587005E-08
 -1.23260832652E-07
 -1.82772510016E-07
 -2.40595937839E-07
 -2.96325168847E-07
 -3.49575543623E-07
 -3.99986845423E-07
 -4.47226227607E-07
 -4.90990885282E-07
 -5.31010300620E-07
 -5.67048118683E-07
 -5.98904307481E-07
 -6.26415726401E-07
 -6.49457831514E-07
 -6.67944732413E-07
 -6.81829646965E-07
 -6.91104730777E-07
 -6.95800167705E-07
 -6.95983885635E-07
 -6.91760078553E-07
 -6.83267330714E-07
 -6.70677025028E-07
 -6.54191353533E-07
 -6.34040191017E-07
 -6.10479219176E-07
 -5.83786516017E-07
 -5.54259486307E-07
 -5.22211905718E-07
 -4.87970510221E-07
 -4.51871386531E-07
 -4.14256732029E-07
 -3.75471387315E-07
 -3.35859311917E-07
 -2.95760315794E-07
 -2.55506847679E-07
 -2.15420840277E-07
 -1.75810740188E-07
 -1.36968779429E-07
 -9.91685524809E-08
 -6.26626572853E-08
 -2.76805884880E-08
  5.57274226765E-09
  3.69186068383E-08
  6.62054944200E-08
  9.33098434075E-08
  1.18136576077E-07
  1.40619164313E-07
  1.60719523024E-07
  1.78427271180E-07
  1.93759177591E-07
  2.06757789556E-07
  2.17490182308E-07
  2.26046267926E-07
  2.32536777389E-07
  2.37091342115E-07
  2.39855950213E-07
  2.40990715383E-07
  2.40667134221E-07
  2.39065428786E-07
  2.36371775486E-07
  2.32775704490E-07
  2.28467015972E-07
  2.23633236374E-07
  2.18456960965E-07
  2.13113210634E-07
  2.07766973404E-07
  2.02570959118E-07
  1.97663496238E-07
  1.93166656004E-07
  1.89184490296E-07
  1.85801809494E-07
  1.83082860872E-07
  1.81070646477E-07
  1.79786070476E-07
  1.79228038633E-07
  1.79373117248E-07
  1.80176115805E-07
  1.81570612767E-07
  1.83469765602E-07
  1.85767689231E-07
  1.88340820273E-07
  1.91049423393E-07
  1.93739836618E-07
  1.96246318751E-07
  1.98393507844E-07
  1.99998893891E-07
  2.00875263090E-07
  2.00833412123E-07
  1.99685089797E-07
  1.97245398681E-07
  1.93335921495E-07
  1.87787222217E-07
  1.80441659836E-07
  1.71155861040E-07
  1.59803235533E-07
  1.46276178725E-07
  1.30488274408E-07
  1.12376135064E-07
  9.19010147982E-08
  6.90503156875E-08
  4.38386074109E-08
  1.63084798999E-08
 -1.34688669107E-08
 -4.53934774214E-08
 -7.93366297103E-08
 -1.15141560286E-07
 -1.52623684357E-07
 -1.91572127051E-07
 -2.31750888702E-07
 -2.72900592790E-07
 -3.14740219665E-07
 -3.56969650284E-07
 -3.99271897322E-07
 -4.41315819444E-07
 -4.82758935050E-07
 -5.23250889728E-07
 -5.62435957363E-07
 -5.99956933911E-07
 -6.35458377474E-07
 -6.68589621000E-07
 -6.99008978700E-07
 -7.26386531369E-07
 -7.50407707528E-07
 -7.70776580339E-07
 -7.87218993992E-07
 -7.99485519565E-07
 -8.07354240351E-07
 -8.10633366655E-07
 -8.09163793747E-07
 -8.02820750323E-07
 -7.91515901710E-07
 -7.75198827796E-07
 -7.53857932523E-07
 -7.27521523913E-07
 -6.96258211974E-07
 -6.60176795009E-07
 -6.19426373305E-07
 -5.74195496483E-07
 -5.24711310845E-07
 -4.71237967758E-07
 -4.14075287836E-07
 -3.53556544042E-07
 -2.90046244800E-07
 -2.23937533406E-07
 -1.55649274802E-07
 -8.56227586610E-08
 -1.43186804635E-08
  5.77867140805E-08
  1.30205222604E-07
  2.02440531893E-07
  2.73992156963E-07
  3.44359477822E-07
  4.13045881942E-07
  4.79562629607E-07
  5.43432861377E-07
  6.04195804499E-07
  6.61410183511E-07
  7.14658312972E-07
  7.63549167004E-07
  8.07722017271E-07
  8.46849559366E-07
  8.80640186551E-07
  9.08841172986E-07
  9.31240492719E-07
  9.47668866047E-07
  9.58001351137E-07
  9.62158310358E-07
  9.60106490311E-07
  9.51859590259E-07
  9.37477921070E-07
  9.17068632589E-07
  8.90784519925E-07
  8.58823511862E-07
  8.21426851871E-07
  7.78877620178E-07
  7.31498573714E-07
  6.79649588164E-07
  6.23725441073E-07
  5.64152230709E-07
  5.01384363361E-07
  4.35901313267E-07
  3.68203757262E-07
  2.98809709420E-07
  2.28250684131E-07
  1.57067503892E-07
  8.58062634279E-08
  1.50140397892E-08
 -5.47652483363E-08
 -1.22995032825E-07
 -1.89150313190E-07
 -2.52721406468E-07
 -3.13218293968E-07
 -3.70173921738E-07
 -4.23148009077E-07
 -4.71730515983E-07
 -5.15544513746E-07
 -5.54249311335E-07
 -5.87542785979E-07
 -6.15163912698E-07
 -6.36894753825E-07
 -6.52561880088E-07
 -6.62037848542E-07
 -6.65242112063E-07
 -6.62141758312E-07
 -6.52751452890E-07
 -6.37133609871E-07
 -6.15397709680E-07
 -5.87699616972E-07
 -5.54240330075E-07
 -5.15264446221E-07
 -4.71058314133E-07
 -4.21947817131E-07
 -3.68296099396E-07
 -3.10500837486E-07
 -2.48991000262E-07
 -1.84224006716E-07
 -1.16682016937E-07
 -4.68686316424E-08
  2.46950051519E-08
  9.74740146376E-08
  1.70923655674E-07
  2.44493463697E-07
  3.17631076996E-07
  3.89786322330E-07
  4.60415606085E-07
  5.28985083292E-07
  5.94975290369E-07
  6.57884186239E-07
  7.17231557701E-07
  7.72561634221E-07
  8.23446839604E-07
  8.69490634159E-07
  9.10330527404E-07
  9.45640238115E-07
  9.75132138592E-07
  9.98559244181E-07
  1.01571697542E-06
  1.02644423805E-06
  1.03062473045E-06
  1.02818773939E-06
  1.01910802641E-06
  1.00340650988E-06
  9.81149469226E-07
  9.52448544922E-07
  9.17458919503E-07
  8.76378976500E-07
  8.29448651984E-07
  7.76946933456E-07
  7.19190666132E-07
  6.56531710774E-07
  5.89354556269E-07
  5.18073363764E-07
  4.43129380301E-07
  3.64987300827E-07
  2.84132340767E-07
  2.01066754357E-07
  1.16306161146E-07
  3.03761638065E-08
 -5.61913147124E-08
 -1.42861892982E-07
 -2.29101942750E-07
 -3.14382646138E-07
 -3.98183260586E-07
 -4.79994639591E-07
 -5.59322700155E-07
 -6.35691549178E-07
 -7.08646552994E-07
 -7.77757293235E-07
 -8.42620409003E-07
 -9.02861643226E-07
 -9.58139025897E-07
 -1.00814384041E-06
 -1.05260312466E-06
 -1.09128131953E-06
 -1.12398117835E-06
 -1.15054479011E-06
 -1.17085448892E-06
 -1.18483342249E-06
 -1.19244532470E-06
 -1.19369485674E-06
 -1.18862715226E-06
 -1.17732690796E-06
 -1.15991758776E-06
 -1.13656074063E-06
 -1.10745406801E-06
 -1.07282994577E-06
 -1.03295360532E-06
 -9.88121769296E-07
 -9.38658956784E-07
 -8.84916516952E-07
 -8.27269730053E-07
 -7.66114851558E-07
 -7.01866724739E-07
 -6.34955483747E-07
 -5.65824336718E-07
 -4.94925927796E-07
 -4.22719750759E-07
 -3.49668937361E-07
 -2.76237472008E-07
 -2.02886951683E-07
 -1.30073857463E-07
 -5.82467123422E-08
  1.21569065925E-08
  8.07127520375E-08
  1.47012755747E-07
  2.10667138845E-07
  2.71307158073E-07
  3.28586708065E-07
  3.82184850878E-07
  4.31807279710E-07
  4.77187825254E-07
  5.18090359947E-07
  5.54309622203E-07
  5.85672410125E-07
  6.12038263625E-07
  6.33300430763E-07
  6.49385924589E-07
  6.60255921048E-07
  6.65905417918E-07
  6.66363973778E-07
  6.61693945858E-07
  6.51991001632E-07
  6.37382584046E-07
  6.18027570454E-07
  5.94114510477E-07
  5.65860659663E-07
  5.33510274181E-07
  4.97333303429E-07
  4.57623144712E-07
  4.14695108475E-07
  3.68884030877E-07
  3.20542369536E-07
  2.70037901373E-07
  2.17751392029E-07
  1.64074037912E-07
  1.09405256410E-07
  5.41499716178E-08
 -1.28371069330E-09
 -5.64874298448E-08
 -1.11054660579E-07
 -1.64583653373E-07
 -2.16679723053E-07
 -2.66957812300E-07
 -3.15045014077E-07
 -3.60582674830E-07
 -4.03229023505E-07
 -4.42661161060E-07
 -4.78577248941E-07
 -5.10698214384E-07
 -5.38770109415E-07
 -5.62565219298E-07
 -5.81884194162E-07
 -5.96556901655E-07
 -6.06444075402E-07
 -6.11437997122E-07
 -6.11463462974E-07
 -6.06478749887E-07
 -5.96475501879E-07
 -5.81479355333E-07
 -5.61549825306E-07
 -5.36780135008E-07
 -5.07296761043E-07
 -4.73258893408E-07
 -4.34857497567E-07
 -3.92314376541E-07
 -3.45880749819E-07
 -2.95835860697E-07
 -2.42485327817E-07
 -1.86159269333E-07
 -1.27210114442E-07
 -6.60106138639E-08
 -2.95126767469E-09
  6.15620976419E-08
  1.27110993731E-07
  1.93267055693E-07
  2.59594941099E-07
  3.25655236111E-07
  3.91007489497E-07
  4.55213154282E-07
  5.17838770975E-07
  5.78458980272E-07
  6.36659478914E-07
  6.92040089234E-07
  7.44217800275E-07
  7.92829155216E-07
  8.37533264075E-07
  8.78014418504E-07
  9.13984365525E-07
  9.45184467582E-07
  9.71387748905E-07
  9.92400828181E-07
  1.00806551018E-06
  1.01825958154E-06
  1.02289857296E-06
  1.02193632756E-06
  1.01536511465E-06
  1.00321619811E-06
  9.85559836408E-07
  9.62504373092E-07
  9.34196407343E-07
  9.00818690752E-07
  8.62589843109E-07
  8.19762078663E-07
  7.72620012413E-07
  7.21477988463E-07
  6.66677863137E-07
  6.08586447015E-07
  5.47593231204E-07
  4.84106521981E-07
  4.18550769155E-07
  3.51363183881E-07
  2.82990555434E-07
  2.13885485323E-07
  1.44502806165E-07
  7.52963202899E-08
  6.71500144378E-09
 -6.08004526725E-08
 -1.26821120716E-07
 -1.90933192812E-07
 -2.52741159557E-07
 -3.11871048098E-07
 -3.67973029824E-07
 -4.20724433070E-07
 -4.69831974215E-07
 -5.15033832471E-07
 -5.56102122573E-07
 -5.92843491631E-07
 -6.25101620244E-07
 -6.52757137232E-07
 -6.75728870192E-07
 -6.93974186561E-07
 -7.07488254648E-07
 -7.16304498383E-07
 -7.20493289919E-07
 -7.20161210666E-07
 -7.15449232302E-07
 -7.06531636752E-07
 -6.93613458225E-07
 -6.76928323173E-07
 -6.56736290239E-07
 -6.33320553334E-07
 -6.06984883689E-07
 -5.78050446620E-07
 -5.46852220396E-07
 -5.13735926688E-07
 -4.79054619973E-07
 -4.43164907438E-07
 -4.06423680488E-07
 -3.69184562032E-07
 -3.31794581143E-07
 -2.94590620342E-07
 -2.57896601852E-07
 -2.22020176466E-07
 -1.87250080330E-07
 -1.53853463303E-07
 -1.22073515740E-07
 -9.21275429278E-08
 -6.42049826638E-08
 -3.84660943098E-08
 -1.50407259980E-08
  5.97245097822E-09
  2.45064128990E-08
  4.05259363845E-08
  5.40273106253E-08
  6.50378737532E-08
  7.36149203817E-08
  7.98447103989E-08
  8.38407387960E-08
  8.57419450995E-08
  8.57107167462E-08
  8.39303737621E-08
  8.06026889677E-08
  7.59451950216E-08
  7.01880722431E-08
  6.35712353869E-08
  5.63412108079E-08
  4.87478359901E-08
  4.10411367113E-08
  3.34680265723E-08
  2.62693262698E-08
  1.96764222693E-08
  1.39085969408E-08
  9.17008691204E-09
  5.64755753274E-09
  3.50769613355E-09
  2.89501467243E-09
  3.93010868294E-09
  6.70793642854E-09
  1.12967013521E-08
  1.77366974441E-08
  2.60399524166E-08
  3.61897214418E-08
  4.81407091968E-08
  6.18193851665E-08
  7.71248238607E-08
  9.39297351010E-08
  1.12081870896E-07
  1.31405784032E-07
  1.51704767859E-07
  1.72763151340E-07
  1.94348672267E-07
  2.16215426008E-07
  2.38106466099E-07
  2.59756944843E-07
  2.80897353377E-07
  3.01256477542E-07
  3.20564851108E-07
  3.38557811119E-07
  3.54978936912E-07
  3.69582949133E-07
  3.82138750865E-07
  3.92432497165E-07
  4.00269954071E-07
  4.05479255505E-07
  4.07913034906E-07
  4.07450301054E-07
  4.03998200227E-07
  3.97493408855E-07
  3.87903099863E-07
  3.75225596372E-07
  3.59490883284E-07
  3.40760323070E-07
  3.19126598924E-07
  2.94712720006E-07
  2.67671140364E-07
  2.38182195744E-07
  2.06452540397E-07
  1.72713058078E-07
  1.37216446205E-07
  1.00234906597E-07
  6.20570972387E-08
  2.29854126843E-08
 -1.66673803648E-08
 -5.65812676712E-08
 -9.64323092489E-08
 -1.35896158326E-07
 -1.74651319185E-07
 -2.12382587961E-07
 -2.48784459700E-07
 -2.83564190795E-07
 -3.16444896953E-07
 -3.47168423787E-07
 -3.75498217409E-07
 -4.01221512902E-07
 -4.24151551215E-07
 -4.44129625521E-07
 -4.61026502308E-07
 -4.74743643508E-07
 -4.85214172841E-07
 -4.92403444241E-07
 -4.96308871334E-07
 -4.96960296914E-07
 -4.94418884500E-07
 -4.88776549901E-07
 -4.80154483284E-07
 -4.68701728096E-07
 -4.54593248378E-07
 -4.38027512928E-07
 -4.19224335246E-07
 -3.98421946102E-07
 -3.75874378733E-07
 -3.51848143509E-07
 -3.26619044699E-07
 -3.00468997239E-07
 -2.73682786656E-07
 -2.46544459515E-07
 -2.19334140183E-07
 -1.92324691284E-07
 -1.65778558880E-07
 -1.39944759781E-07
 -1.15056046468E-07
 -9.13262354629E-08
 -6.89477701599E-08
 -4.80896176214E-08
 -2.88954655758E-08
 -1.14821583352E-08
  4.06145783671E-09
  1.76753633951E-08
  2.93288469067E-08
  3.90205627809E-08
  4.67783145552E-08
  5.26583718852E-08
  5.67444935484E-08
  5.91465401101E-08
  5.99988752015E-08
  5.94583049462E-08
  5.77018290926E-08
  5.49240155578E-08
  5.13344211583E-08
  4.71543941671E-08
  4.26140793763E-08
  3.79491567060E-08
  3.33974163880E-08
  2.91954336262E-08
  2.55752024003E-08
  2.27607053205E-08
  2.09647161853E-08
  2.03856025394E-08
  2.12044231063E-08
  2.35819879180E-08
  2.76564975366E-08
  3.35410916819E-08
  4.13219325424E-08
  5.10565740797E-08
  6.27725498248E-08
  7.64665131214E-08
  9.21035905321E-08
  1.09617261046E-07
  1.28909562136E-07
  1.49851615561E-07
  1.72284813971E-07
  1.96022000409E-07
  2.20849415200E-07
  2.46528713888E-07
  2.72799383083E-07
  2.99381724744E-07
  3.25979584659E-07
  3.52283876737E-07
  3.77975908350E-07
  4.02731245686E-07
  4.26223266459E-07
  4.48127195796E-07
  4.68124000008E-07
  4.85904308789E-07
  5.01172223721E-07
  5.13649013101E-07
  5.23077062553E-07
  5.29222859313E-07
  5.31880743893E-07
  5.30875183813E-07
  5.26064070527E-07
  5.17341049999E-07
  5.04636716414E-07
  4.87920942760E-07
  4.67203818744E-07
  4.42536304490E-07
  4.14010401073E-07
  3.81759406309E-07
  3.45956948422E-07
  3.06815877593E-07
  2.64586901721E-07
  2.19556724801E-07
  1.72045503177E-07
  1.22404244962E-07
  7.10116481173E-08
  1.82705619522E-08
 -3.53955407206E-08
 -8.95467522355E-08
 -1.43730872537E-07
 -1.97487835862E-07
 -2.50354162290E-07
 -3.01867686403E-07
 -3.51572111867E-07
 -3.99021615749E-07
 -4.43785552307E-07
 -4.85452574139E-07
 -5.23635435457E-07
 -5.57974374260E-07
 -5.88141460867E-07
 -6.13844065356E-07
 -6.34827586055E-07
 -6.50878689612E-07
 -6.61827755266E-07
 -6.67550352773E-07
 -6.67969231927E-07
 -6.63055061523E-07
 -6.52827054637E-07
 -6.37353309685E-07
 -6.16749900928E-07
 -5.91180253195E-07
 -5.60853720799E-07
 -5.26023541170E-07
 -4.86984674808E-07
 -4.44070849426E-07
 -3.97651632511E-07
 -3.48128736505E-07
 -2.95932267136E-07
 -2.41516374899E-07
 -1.85355077065E-07
 -1.27937582306E-07
 -6.97634376934E-08
 -1.13378204603E-08
  4.68334846460E-08
  1.04248961463E-07
  1.60416178119E-07
  2.14856683556E-07
  2.67110380037E-07
  3.16740226936E-07
  3.63336198461E-07
  4.06519177432E-07
  4.45944550620E-07
  4.81305448830E-07
  5.12335418534E-07
  5.38810638773E-07
  5.60552336992E-07
  5.77427670123E-07
  5.89350747759E-07
  5.96283484811E-07
  5.98235203597E-07
  5.95262179104E-07
  5.87466672641E-07
  5.74995397074E-07
  5.58037697829E-07
  5.36823165476E-07
  5.11618509336E-07
  4.82724828998E-07
  4.50474146874E-07
  4.15225201778E-07
  3.77360009907E-07
  3.37278976303E-07
  2.95397114769E-07
  2.52138988799E-07
  2.07934476748E-07
  1.63213996984E-07
  1.18404066995E-07
  7.39227132840E-08
  3.01751725829E-08
 -1.24502328447E-08
 -5.35861310880E-08
 -9.28896781716E-08
 -1.30045989977E-07
 -1.64771122968E-07
 -1.96814781361E-07
 -2.25962509148E-07
 -2.52037523296E-07
 -2.74902248520E-07
 -2.94458942562E-07
 -3.10650534630E-07
 -3.23460483287E-07
 -3.32912179601E-07
 -3.39068435551E-07
 -3.42029721878E-07
 -3.41932576475E-07
 -3.38947671708E-07
 -3.33277029085E-07
 -3.25150949720E-07
 -3.14825456371E-07
 -3.02578257561E-07
 -2.88705336970E-07
 -2.73517031246E-07
 -2.57333937270E-07
 -2.40482989966E-07
 -2.23293241675E-07
 -2.06091485211E-07
 -1.89198615885E-07
 -1.72925055608E-07
 -1.57567342285E-07
 -1.43404122355E-07
 -1.30693010192E-07
 -1.19667021181E-07
 -1.10531885866E-07
 -1.03463506207E-07
 -9.86055610497E-08
 -9.60678931961E-08
 -9.59249248922E-08
 -9.82148051776E-08
 -1.02938678026E-07
 -1.10060710767E-07
 -1.19508271723E-07
 -1.31172782858E-07
 -1.44910814015E-07
 -1.60545667427E-07
 -1.77869466711E-07
 -1.96645245865E-07
 -2.16609961967E-07
 -2.37477266296E-07
 -2.58940843878E-07
 -2.80678051467E-07
 -3.02353441839E-07
 -3.23622913356E-07
 -3.44137475849E-07
 -3.63547485449E-07
 -3.81506765734E-07
 -3.97676672037E-07
 -4.11730155747E-07
 -4.23355572821E-07
 -4.32260662819E-07
 -4.38175959516E-07
 -4.40858286765E-07
 -4.40093742782E-07
 -4.35700570733E-07
 -4.27531517744E-07
 -4.15475938098E-07
 -3.99461697498E-07
 -3.79456025712E-07
 -3.55466966084E-07
 -3.27543403955E-07
 -2.95775322456E-07
 -2.60293177234E-07
 -2.21267342226E-07
 -1.78906745418E-07
 -1.33457120910E-07
 -8.51989554462E-08
 -3.44451791534E-08
  1.84616002485E-08
  7.31523144282E-08
  1.29234621227E-07
  1.86296645666E-07
  2.43910761810E-07
  3.01637470557E-07
  3.59029741048E-07
  4.15636975504E-07
  4.71009485636E-07
  5.24702386429E-07
  5.76280172027E-07
  6.25320808467E-07
  6.71419172704E-07
  7.14191685347E-07
  7.53279323362E-07
  7.88351314895E-07
  8.19107810912E-07
  8.45283295803E-07
  8.66648520059E-07
  8.83012717168E-07
  8.94225649972E-07
  9.00178292795E-07
  9.00804593584E-07
  8.96081246538E-07
  8.86028374225E-07
  8.70708674938E-07
  8.50227138471E-07
  8.24730022941E-07
  7.94403035798E-07
  7.59469685363E-07
  7.20189063941E-07
  6.76853289860E-07
  6.29785006367E-07
  5.79333800488E-07
  5.25873588231E-07
  4.69798550284E-07
  4.11519806676E-07
  3.51461693526E-07
  2.90057784014E-07
  2.27747278814E-07
  1.64970742844E-07
  1.02166652027E-07
  3.97673751706E-08
 -2.18043076927E-08
 -8.21388610461E-08
 -1.40843226859E-07
 -1.97544039793E-07
 -2.51890412528E-07
 -3.03556731751E-07
 -3.52244853730E-07
 -3.97686193310E-07
 -4.39643571326E-07
 -4.77912408314E-07
 -5.12322060331E-07
 -5.42736245279E-07
 -5.69053895561E-07
 -5.91208390688E-07
 -6.09168125720E-07
 -6.22935544925E-07
 -6.32545777535E-07
 -6.38066126157E-07
 -6.39594077256E-07
 -6.37255709535E-07
 -6.31203647572E-07
 -6.21614731244E-07
 -6.08687741988E-07
 -5.92640674313E-07
 -5.73708405227E-07
 -5.52139397314E-07
 -5.28193197624E-07
 -5.02137766034E-07
 -4.74245950954E-07
 -4.44793300858E-07
 -4.14054937892E-07
 -3.82302943081E-07
 -3.49803826794E-07
 -3.16816056056E-07
 -2.83587894501E-07
 -2.50355100206E-07
 -2.17339376718E-07
 -1.84746369314E-07
 -1.52764570771E-07
 -1.21563928701E-07
 -9.12950781640E-08
 -6.20885955982E-08
 -3.40546293387E-08
 -7.28275040274E-09
  1.81579160596E-08
  4.22183603632E-08
  6.48690701155E-08
  8.60992415141E-08
  1.05915731297E-07
  1.24341838159E-07
  1.41415924304E-07
  1.57189845140E-07
  1.71727364773E-07
  1.85102209116E-07
  1.97396389012E-07
  2.08698153870E-07
  2.19100058985E-07
  2.28697032867E-07
  2.37584401930E-07
  2.45856085712E-07
  2.53602479461E-07
  2.60909132521E-07
  2.67854886715E-07
  2.74510085774E-07
  2.80935779529E-07
  2.87182189140E-07
  2.93287541808E-07
  2.99277729710E-07
  3.05165286818E-07
  3.10948991000E-07
  3.16613835594E-07
  3.22130915720E-07
  3.27457712501E-07
  3.32538490966E-07
  3.37304840059E-07
  3.41676525295E-07
  3.45562852999E-07
  3.48863238742E-07
  3.51469054749E-07
  3.53264823616E-07
  3.54130150981E-07
  3.53941032927E-07
  3.52572044449E-07
  3.49897902652E-07
  3.45795569956E-07
  3.40146243616E-07
  3.32836947337E-07
  3.23762691323E-07
  3.12828291271E-07
  2.99950130511E-07
  2.85057723204E-07
  2.68095334377E-07
  2.49023372589E-07
  2.27819711540E-07
  2.04480727461E-07
  1.79022293878E-07
  1.51480222144E-07
  1.21911128304E-07
  9.03925752027E-08
  5.70229055086E-08
  2.19213891484E-08
 -1.47722234445E-08
 -5.28985388826E-08
 -9.22791727476E-08
 -1.32717673296E-07
 -1.74001300479E-07
 -2.15901721390E-07
 -2.58177522028E-07
 -3.00575237588E-07
 -3.42831839362E-07
 -3.84676638987E-07
 -4.25833576401E-07
 -4.66023379886E-07
 -5.04966237713E-07
 -5.42383872926E-07
 -5.78002300244E-07
 -6.11554185070E-07
 -6.42781060378E-07
 -6.71435998356E-07
 -6.97286054674E-07
 -7.20113746411E-07
 -7.39720178444E-07
 -7.55926066631E-07
 -7.68574011545E-07
 -7.77530203777E-07
 -7.82685447120E-07
 -7.83956750183E-07
 -7.81288179041E-07
 -7.74651596203E-07
 -7.64047001667E-07
 -7.49503215047E-07
 -7.31077307137E-07
 -7.08855168341E-07
 -6.82950201281E-07
 -6.53502866044E-07
 -6.20679941221E-07
 -5.84672932291E-07
 -5.45696991594E-07
 -5.03988758283E-07
 -4.59804937236E-07
 -4.13420167433E-07
 -3.65124634527E-07
 -3.15221825531E-07
 -2.64026311925E-07
 -2.11860708532E-07
 -1.59053598736E-07
 -1.05936415196E-07
 -5.28407717582E-08
 -9.60903787095E-11
  5.19733909243E-08
  1.03051121414E-07
  1.52830679667E-07
  2.01018551138E-07
  2.47336117809E-07
  2.91521985218E-07
  3.33333957769E-07
