  3.18773665242E-08
  3.69304622438E-08
  4.19588310763E-08
  4.69458569796E-08
  5.18746254841E-08
  5.67280089570E-08
  6.14887554207E-08
  6.61395560542E-08
  7.06631979597E-08
  7.50425712681E-08
  7.92608645384E-08
  8.33015363355E-08
  8.71485710263E-08
  9.07864574629E-08
  9.42003097748E-08
  9.73759739509E-08
  1.00300113104E-07
  1.02960285631E-07
  1.05345023371E-07
  1.07443923980E-07
  1.09247629609E-07
  1.10748011650E-07
  1.11938149416E-07
  1.12812344355E-07
  1.13366212418E-07
  1.13596655638E-07
  1.13501890553E-07
  1.13081476627E-07
  1.12336302038E-07
  1.11268498415E-07
  1.09881511889E-07
  1.08180017833E-07
  1.06169920855E-07
  1.03858248224E-07
  1.01253128548E-07
  9.83637065133E-08
  9.52001215637E-08
  9.17734297445E-08
  8.80954118543E-08
  8.41786658157E-08
  8.00364148290E-08
  7.56824292125E-08
  7.11310264023E-08
  6.63968506842E-08
  6.14948945099E-08
  5.64403990211E-08
  5.12487154936E-08
  4.59353195481E-08
  4.05156725947E-08
  3.50051756470E-08
  2.94190982686E-08
  2.37725430452E-08
  1.80803620964E-08
  1.23571304300E-08
  6.61709798067E-09
  8.74155914321E-10
 -4.85819606766E-09
 -1.05668682693E-08
 -1.62392126413E-08
 -2.18630162863E-08
 -2.74265286038E-08
 -3.29184572934E-08
 -3.83279790128E-08
 -4.36447216146E-08
 -4.88587588166E-08
 -5.39606226369E-08
 -5.89412785246E-08
 -6.37921218072E-08
 -6.85049528215E-08
 -7.30719520448E-08
 -7.74857440433E-08
 -8.17392873387E-08
 -8.58259099346E-08
 -8.97393306332E-08
 -9.34735808755E-08
 -9.70230900066E-08
 -1.00382585799E-07
 -1.03547144192E-07
 -1.06512224818E-07
 -1.09273607052E-07
 -1.11827425542E-07
 -1.14170170207E-07
 -1.16298728869E-07
 -1.18210323308E-07
 -1.19902622941E-07
 -1.21373687989E-07
 -1.22621941046E-07
 -1.23646287875E-07
 -1.24446060568E-07
 -1.25021031749E-07
 -1.25371443005E-07
 -1.25498004877E-07
 -1.25401840023E-07
 -1.25084611113E-07
 -1.24548421354E-07
 -1.23795828699E-07
 -1.22829831639E-07
 -1.21653926044E-07
 -1.20271977266E-07
 -1.18688284090E-07
 -1.16907521885E-07
 -1.14934714190E-07
 -1.12775204286E-07
 -1.10434655198E-07
 -1.07918971537E-07
 -1.05234263970E-07
 -1.02386842116E-07
 -9.93831150709E-08
 -9.62296127227E-08
 -9.29329289079E-08
 -8.94996219358E-08
 -8.59362572214E-08
 -8.22493007036E-08
 -7.84451472668E-08
 -7.45300354765E-08
 -7.05100262621E-08
 -6.63909887066E-08
 -6.21786000465E-08
 -5.78783101446E-08
 -5.34953130682E-08
 -4.90345897219E-08
 -4.45008687677E-08
 -3.98986692574E-08
 -3.52323112907E-08
 -3.05059089101E-08
 -2.57234393786E-08
 -2.08887591668E-08
 -1.60056359277E-08
 -1.10778035634E-08
 -6.10901418341E-09
 -1.10308318035E-09
  3.93606747195E-09
  9.00432173268E-09
  1.40973490659E-08
  1.92105176211E-08
  2.43388669219E-08
  2.94770163833E-08
  3.46191555423E-08
  3.97589765555E-08
  4.48896280147E-08
  5.00036989592E-08
  5.50931709142E-08
  6.01494249963E-08
  6.51631992810E-08
  7.01245994605E-08
  7.50231237134E-08
  7.98476307295E-08
  8.45864462917E-08
  8.92273064323E-08
  9.37574995419E-08
  9.81638379471E-08
  1.02432800020E-07
  1.06550523071E-07
  1.10502988093E-07
  1.14276048180E-07
  1.17855542214E-07
  1.21227373029E-07
  1.24377649513E-07
  1.27292821617E-07
  1.29959744299E-07
  1.32365812533E-07
  1.34499117621E-07
  1.36348418778E-07
  1.37903469977E-07
  1.39154934686E-07
  1.40094570611E-07
  1.40715300745E-07
  1.41011284427E-07
  1.40978016816E-07
  1.40612343102E-07
  1.39912529562E-07
  1.38878306188E-07
  1.37510866693E-07
  1.35812825874E-07
  1.33788361723E-07
  1.31443016471E-07
  1.28783781861E-07
  1.25818957031E-07
  1.22558176940E-07
  1.19012241839E-07
  1.15193117267E-07
  1.11113763523E-07
  1.06788043297E-07
  1.02230671928E-07
  9.74569758228E-08
  9.24828498228E-08
  8.73246079891E-08
  8.19988201783E-08
  7.65222623045E-08
  7.09116463327E-08
  6.51836273846E-08
  5.93545941285E-08
  5.34405835140E-08
  4.74571884013E-08
  4.14194225584E-08
  3.53416602650E-08
  2.92375386124E-08
  2.31199415168E-08
  1.70008860323E-08
  1.08915418906E-08
  4.80217599019E-09
 -1.25783294891E-09
 -7.27998239469E-09
 -1.32566420064E-08
 -1.91809910177E-08
 -2.50469938123E-08
 -3.08493106616E-08
 -3.65832200089E-08
 -4.22446007065E-08
 -4.78297401685E-08
 -5.33353166077E-08
 -5.87582533740E-08
 -6.40956372422E-08
 -6.93445869615E-08
 -7.45021750959E-08
 -7.95652894681E-08
 -8.45305976327E-08
 -8.93943834512E-08
 -9.41524760378E-08
 -9.88002497593E-08
 -1.03332446599E-07
 -1.07743218791E-07
 -1.12026043553E-07
 -1.16173680453E-07
 -1.20178299312E-07
 -1.24031274140E-07
 -1.27723410515E-07
 -1.31244789259E-07
 -1.34585064870E-07
 -1.37733337624E-07
 -1.40678267257E-07
 -1.43408243503E-07
 -1.45911513982E-07
 -1.48176155790E-07
 -1.50190388126E-07
 -1.51942558091E-07
 -1.53421368054E-07
 -1.54616003556E-07
 -1.55516261202E-07
 -1.56112690775E-07
 -1.56396737339E-07
 -1.56360897563E-07
 -1.55998804985E-07
 -1.55305329486E-07
 -1.54276747821E-07
 -1.52910729412E-07
 -1.51206492660E-07
 -1.49164833374E-07
 -1.46788110555E-07
 -1.44080260611E-07
 -1.41046882618E-07
 -1.37695096214E-07
 -1.34033612653E-07
 -1.30072479010E-07
 -1.25823191865E-07
 -1.21298455724E-07
 -1.16512168802E-07
 -1.11479124598E-07
 -1.06215011897E-07
 -1.00736180286E-07
 -9.50594625237E-08
 -8.92020111110E-08
 -8.31810922364E-08
 -7.70139223505E-08
 -7.07174621084E-08
 -6.43082742613E-08
 -5.78022572029E-08
 -5.12146378639E-08
 -4.45596519683E-08
 -3.78505511378E-08
 -3.10993932828E-08
 -2.43170052983E-08
 -1.75128924695E-08
 -1.06951967282E-08
 -3.87067800034E-09
  2.95528446159E-09
  9.77864900165E-09
  1.65966547172E-08
  2.34077237593E-08
  3.02113605244E-08
  3.70079931145E-08
  4.37988063595E-08
  5.05855766164E-08
  5.73704355133E-08
  6.41556709979E-08
  7.09434644364E-08
  7.77356703452E-08
  8.45335463850E-08
  9.13374620382E-08
  9.81467493943E-08
  1.04959305247E-07
  1.11771505829E-07
  1.18577830222E-07
  1.25370803516E-07
  1.32140698383E-07
  1.38875407174E-07
  1.45560420606E-07
  1.52178529333E-07
  1.58709951847E-07
  1.65132306051E-07
  1.71420452943E-07
  1.77546823465E-07
  1.83481347449E-07
  1.89191709410E-07
  1.94643490659E-07
  1.99800425094E-07
  2.04624782896E-07
  2.09077569480E-07
  2.13118951820E-07
  2.16708670564E-07
  2.19806494783E-07
  2.22372634084E-07
  2.24368136514E-07
  2.25755684369E-07
  2.26499750511E-07
  2.26567252071E-07
  2.25928133091E-07
  2.24555762429E-07
  2.22427388508E-07
  2.19524764589E-07
  2.15834319306E-07
  2.11347824575E-07
  2.06062480856E-07
  1.99981442961E-07
  1.93113919522E-07
  1.85475400372E-07
  1.77087841280E-07
  1.67979607113E-07
  1.58185471832E-07
  1.47746675339E-07
  1.36710525567E-07
  1.25130341644E-07
  1.13065063090E-07
  1.00578859019E-07
  8.77406733935E-08
  7.46236921145E-08
  6.13047532738E-08
  4.78636508205E-08
  3.43824666516E-08
  2.09448014488E-08
  7.63496199596E-09
 -5.46287903802E-09
 -1.82655206515E-08
 -3.06916199122E-08
 -4.26625490491E-08
 -5.41032996182E-08
 -6.49433147260E-08
 -7.51172919422E-08
 -8.45660608206E-08
 -9.32372330453E-08
 -1.01085944948E-07
 -1.08075475680E-07
 -1.14177801436E-07
 -1.19374035989E-07
 -1.23654885442E-07
 -1.27020712171E-07
 -1.29482032207E-07
 -1.31059280761E-07
 -1.31782954327E-07
 -1.31693340677E-07
 -1.30840277279E-07
 -1.29282767602E-07
 -1.27088412682E-07
 -1.24332842688E-07
 -1.21098949535E-07
 -1.17476091077E-07
 -1.13559060821E-07
 -1.09447171326E-07
 -1.05243081805E-07
 -1.01051625734E-07
 -9.69786100313E-08
 -9.31295289774E-08
 -8.96081999713E-08
 -8.65155129759E-08
 -8.39480094328E-08
 -8.19966103904E-08
 -8.07452877893E-08
 -8.02698068014E-08
 -8.06365108019E-08
 -8.19011489739E-08
 -8.41078744429E-08
 -8.72882637282E-08
 -9.14604356694E-08
 -9.66283622006E-08
 -1.02781278599E-07
 -1.09893179001E-07
 -1.17922610343E-07
 -1.26812523149E-07
 -1.36490214686E-07
 -1.46867677131E-07
 -1.57841924420E-07
 -1.69295532260E-07
 -1.81097362884E-07
 -1.93103616652E-07
 -2.05158684707E-07
 -2.17096655319E-07
 -2.28742479180E-07
 -2.39913646283E-07
 -2.50421919645E-07
 -2.60074841663E-07
 -2.68678206794E-07
 -2.76037383173E-07
 -2.81959898984E-07
 -2.86257403559E-07
 -2.88747770583E-07
 -2.89257343411E-07
 -2.87623095119E-07
 -2.83694959080E-07
 -2.77337704802E-07
 -2.68433012707E-07
 -2.56881548921E-07
 -2.42604841105E-07
 -2.25546827437E-07
 -2.05675561915E-07
 -1.82984663866E-07
 -1.57494312703E-07
 -1.29252669012E-07
 -9.83362440365E-08
 -6.48508375889E-08
 -2.89317085844E-08
  9.25624643600E-09
  4.95186931460E-08
  9.16322164812E-08
  1.35345047170E-07
  1.80377895731E-07
  2.26425271421E-07
  2.73156842923E-07
  3.20219072591E-07
  3.67237447563E-07
  4.13818185052E-07
  4.59551074528E-07
  5.04011893554E-07
  5.46765136278E-07
  5.87366798754E-07
  6.25368159035E-07
  6.60318391965E-07
  6.91767752414E-07
  7.19271895377E-07
  7.42394377085E-07
  7.60710690884E-07
  7.73811848376E-07
  7.81307448960E-07
  7.82829886248E-07
  7.78036678639E-07
  7.66614505210E-07
  7.48282445784E-07
  7.22794538888E-07
  6.89942623922E-07
  6.49559467547E-07
  6.01520696364E-07
  5.45747127489E-07
  4.82206644392E-07
  4.10915902194E-07
  3.31941777176E-07
  2.45402048904E-07
  1.51466608145E-07
  5.03573751587E-08
 -5.76512952932E-08
 -1.72233001194E-07
 -2.93009918551E-07
 -4.19553657593E-07
 -5.51386619918E-07
 -6.87983799708E-07
 -8.28774261663E-07
 -9.73143642113E-07
 -1.12043710487E-06
 -1.26996110339E-06
 -1.42098815559E-06
 -1.57275860602E-06
 -1.72448505964E-06
 -1.87535670193E-06
 -2.02454202736E-06
 -2.17119418267E-06
 -2.31445528698E-06
 -2.45346018346E-06
 -2.58734212366E-06
 -2.71523640549E-06
 -2.83628651232E-06
 -2.94964661407E-06
 -3.05448907056E-06
 -3.15000738738E-06
 -3.23542212755E-06
 -3.30998364007E-06
 -3.37297888109E-06
 -3.42373459716E-06
 -3.46162073583E-06
 -3.48605749423E-06
 -3.49651486431E-06
 -3.49252036358E-06
 -3.47365948983E-06
 -3.43958117810E-06
 -3.38999893756E-06
 -3.32469335262E-06
 -3.24351594827E-06
 -3.14639032695E-06
 -3.03331307805E-06
 -2.90435559691E-06
 -2.75966499430E-06
 -2.59946500591E-06
 -2.42405508288E-06
 -2.23381152864E-06
 -2.02918658943E-06
 -1.81070640792E-06
 -1.57897079589E-06
 -1.33465164254E-06
 -1.07849029973E-06
 -8.11295137737E-07
 -5.33939498837E-07
 -2.47358002525E-07
  4.74570214237E-08
  3.49458758819E-07
  6.57550458527E-07
  9.70589439930E-07
  1.28739191041E-06
  1.60673823757E-06
  1.92737707039E-06
  2.24803238780E-06
  2.56740668192E-06
  2.88418959826E-06
  3.19706146001E-06
  3.50470099875E-06
  3.80578967452E-06
  4.09901986131E-06
  4.38310053141E-06
  4.65676157546E-06
  4.91876471642E-06
  5.16790350957E-06
  5.40301698493E-06
  5.62298873774E-06
  5.82675511396E-06
  6.01331475991E-06
  6.18173044131E-06
  6.33113268123E-06
  6.46073112875E-06
  6.56981364955E-06
  6.65775314701E-06
  6.72401210977E-06
  6.76814488543E-06
  6.78980450175E-06
  6.78873811921E-06
  6.76480021866E-06
  6.71794441587E-06
  6.64823119223E-06
  6.55582880427E-06
  6.44100919089E-06
  6.30415115666E-06
  6.14573991697E-06
  5.96636618866E-06
  5.76671845920E-06
  5.54759162696E-06
  5.30987199454E-06
  5.05454363520E-06
  4.78267611470E-06
  4.49542631031E-06
  4.19402886109E-06
  3.87979162042E-06
  3.55408928954E-06
  3.21835841532E-06
  2.87408738586E-06
  2.52280983659E-06
  2.16609737436E-06
  1.80555150564E-06
  1.44279317738E-06
  1.07945572836E-06
  7.17175680620E-07
  3.57583218147E-07
  2.29311036826E-09
 -3.47104048615E-07
 -6.89051375957E-07
 -1.02203421193E-06
 -1.34458957746E-06
 -1.65531366747E-06
 -1.95287134375E-06
 -2.23600341087E-06
 -2.50353377851E-06
 -2.75437719210E-06
 -2.98754525829E-06
 -3.20215349348E-06
 -3.39742382494E-06
 -3.57269254891E-06
 -3.72741283172E-06
 -3.86115652873E-06
 -3.97361918658E-06
 -4.06462095270E-06
 -4.13410543842E-06
 -4.18214267484E-06
 -4.20892547481E-06
 -4.21476988777E-06
 -4.20011338065E-06
 -4.16550574300E-06
 -4.11161454394E-06
 -4.03921194447E-06
 -3.94917287849E-06
 -3.84246777685E-06
 -3.72015665562E-06
 -3.58338047590E-06
 -3.43335295838E-06
 -3.27135262523E-06
 -3.09871325044E-06
 -2.91681476483E-06
 -2.72707393378E-06
 -2.53093276115E-06
 -2.32985053117E-06
 -2.12529243981E-06
 -1.91872004507E-06
 -1.71158069406E-06
 -1.50529820075E-06
 -1.30126272779E-06
 -1.10082294213E-06
 -9.05274760044E-07
 -7.15855264843E-07
 -5.33733498287E-07
 -3.60003724609E-07
 -1.95678694581E-07
 -4.16837266926E-08
  1.01148351916E-07
  2.32081646345E-07
  3.50480803490E-07
  4.55813619737E-07
  5.47652973637E-07
  6.25677955668E-07
  6.89673697707E-07
  7.39531230920E-07
  7.75245155182E-07
  7.96912331680E-07
  8.04727619652E-07
  7.98980920536E-07
  7.80052118898E-07
  7.48405966533E-07
  7.04586398115E-07
  6.49209937365E-07
  5.82958989526E-07
  5.06574735937E-07
  4.20849517013E-07
  3.26618845747E-07
  2.24753833322E-07
  1.16152783391E-07
  1.73332037612E-09
 -1.17575709169E-07
 -2.40842013000E-07
 -3.67137687363E-07
 -4.95546260026E-07
 -6.25170173407E-07
 -7.55136852604E-07
 -8.84605526608E-07
 -1.01277203157E-06
 -1.13887494990E-06
 -1.26219833874E-06
 -1.38207769851E-06
 -1.49790207615E-06
 -1.60911520197E-06
 -1.71522003711E-06
 -1.81577775038E-06
 -1.91040930986E-06
 -1.99879468710E-06
 -2.08067126550E-06
 -2.15583463614E-06
 -2.22413450501E-06
 -2.28547150982E-06
 -2.33979653785E-06
 -2.38710617850E-06
 -2.42743726631E-06
 -2.46086483457E-06
 -2.48749665843E-06
 -2.50746893471E-06
 -2.52094037023E-06
 -2.52808854384E-06
 -2.52910513154E-06
 -2.52419044955E-06
 -2.51354845204E-06
 -2.49738423008E-06
 -2.47589855462E-06
 -2.44928355642E-06
 -2.41772090703E-06
 -2.38137727138E-06
 -2.34040317082E-06
 -2.29492979997E-06
 -2.24506879931E-06
 -2.19090907194E-06
 -2.13251996684E-06
 -2.06994764085E-06
 -2.00321846933E-06
 -1.93233927348E-06
 -1.85729811619E-06
 -1.77806930424E-06
 -1.69461270616E-06
 -1.60688000506E-06
 -1.51481583544E-06
 -1.41836358125E-06
 -1.31746810439E-06
 -1.21208063320E-06
 -1.10216308258E-06
 -9.87693056231E-07
 -8.68668394105E-07
 -7.45110867229E-07
 -6.17071805209E-07
 -4.84635222620E-07
 -3.47922565425E-07
 -2.07096093163E-07
 -6.23618419127E-08
  8.60270361613E-08
  2.37768404077E-07
  3.92509093672E-07
  5.49843775843E-07
  7.09314747382E-07
  8.70411156484E-07
  1.03257082174E-06
  1.19518051633E-06
  1.35757920816E-06
  1.51905987877E-06
  1.67887344560E-06
  1.83623274097E-06
  1.99031728698E-06
  2.14027795664E-06
  2.28524413615E-06
  2.42432884079E-06
  2.55663485405E-06
  2.68126404990E-06
  2.79732330455E-06
  2.90393154501E-06
  3.00022838928E-06
  3.08538324134E-06
  3.15859938382E-06
  3.21912671097E-06
  3.26626445712E-06
  3.29937324750E-06
  3.31787759933E-06
  3.32127660840E-06
  3.30914713231E-06
  3.28115152115E-06
  3.23704148286E-06
  3.17666217597E-06
  3.09995789394E-06
  3.00697274724E-06
  2.89785475616E-06
  2.77285494121E-06
  2.63233050646E-06
  2.47674279308E-06
  2.30665682466E-06
  2.12273903344E-06
  1.92575407709E-06
  1.71656222392E-06
  1.49611412326E-06
  1.26544580326E-06
  1.02567253180E-06
  7.77983473199E-07
  5.23632422755E-07
  2.63932292910E-07
  2.45514858443E-10
 -2.66023818085E-07
 -5.33439333594E-07
 -8.00541101853E-07
 -1.06585537196E-06
 -1.32790341922E-06
 -1.58521220328E-06
 -1.83632266726E-06
 -2.07979906008E-06
 -2.31424019148E-06
 -2.53828443419E-06
 -2.75062188848E-06
 -2.95000108963E-06
 -3.13523628392E-06
 -3.30521561409E-06
 -3.45890703102E-06
 -3.59536511496E-06
 -3.71373630514E-06
 -3.81326253773E-06
 -3.89328852179E-06
 -3.95326060243E-06
 -3.99273494622E-06
 -4.01137549488E-06
 -4.00895623898E-06
 -3.98536485591E-06
 -3.94059725295E-06
 -3.87476393371E-06
 -3.78808181267E-06
 -3.68087808056E-06
 -3.55358520210E-06
 -3.40673682331E-06
 -3.24096777149E-06
 -3.05700768877E-06
 -2.85567784886E-06
 -2.63788570010E-06
 -2.40462100010E-06
 -2.15694944927E-06
 -1.89600746126E-06
 -1.62299693329E-06
 -1.33917899348E-06
 -1.04586740690E-06
 -7.44423232391E-07
 -4.36247574953E-07
 -1.22775958289E-07
  1.94528681163E-07
  5.14182033839E-07
  8.34685010886E-07
  1.15453008220E-06
  1.47220794133E-06
  1.78621360192E-06
  2.09505219573E-06
  2.39724658968E-06
  2.69134125119E-06
  2.97591122944E-06
  3.24956499753E-06
  3.51095263795E-06
  3.75876970793E-06
  3.99176497012E-06
  4.20874312113E-06
  4.40857365902E-06
  4.59019156551E-06
  4.75260776511E-06
  4.89490730615E-06
  5.01626072946E-06
  5.11592406838E-06
  5.19324476045E-06
  5.24766619492E-06
  5.27872725797E-06
  5.28607324668E-06
  5.26945132151E-06
  5.22871778230E-06
  5.16383806826E-06
  5.07489085066E-06
  4.96206621392E-06
  4.82566974824E-06
  4.66612118544E-06
  4.48395394415E-06
  4.27981649409E-06
  4.05446689911E-06
  3.80877577300E-06
  3.54372059519E-06
  3.26038275489E-06
  2.95994368571E-06
  2.64368145508E-06
  2.31296394304E-06
  1.96924315787E-06
  1.61404898336E-06
  1.24898235754E-06
  8.75706348324E-07
  4.95938195400E-07
  1.11440982664E-07
 -2.75986650422E-07
 -6.64519859583E-07
 -1.05231811176E-06
 -1.43753459270E-06
 -1.81832876933E-06
 -2.19287562686E-06
 -2.55937720794E-06
 -2.91607261715E-06
 -3.26125086758E-06
 -3.59325804311E-06
 -3.91050980397E-06
 -4.21150116381E-06
 -4.49481467513E-06
 -4.75912975162E-06
 -5.00322994412E-06
 -5.22600976183E-06
 -5.42648376722E-06
 -5.60378839509E-06
 -5.75718922846E-06
 -5.88608281760E-06
 -5.98999986323E-06
 -6.06860521657E-06
 -6.12170151726E-06
 -6.14922237219E-06
 -6.15123599346E-06
 -6.12794065091E-06
 -6.07965512245E-06
 -6.00682324148E-06
 -5.90999707129E-06
 -5.78983735977E-06
 -5.64710035178E-06
 -5.48263415112E-06
 -5.29736234967E-06
 -5.09227947987E-06
 -4.86843873659E-06
 -4.62693878944E-06
 -4.36891605204E-06
 -4.09553058489E-06
 -3.80795859201E-06
 -3.50737627741E-06
 -3.19495370604E-06
 -2.87184207082E-06
 -2.53916505244E-06
 -2.19801040657E-06
 -1.84942143733E-06
 -1.49438915287E-06
 -1.13384794531E-06
 -7.68669849549E-07
 -3.99660905259E-07
 -2.75587428433E-08
  3.46967823361E-07
  7.23319601548E-07
  1.10096368644E-06
  1.47943205775E-06
  1.85831584076E-06
  2.23726146942E-06
  2.61596119344E-06
  2.99414659821E-06
  3.37158030561E-06
  3.74804426428E-06
  4.12332974520E-06
  4.49722710982E-06
  4.86950921186E-06
  5.23992503076E-06
  5.60818489248E-06
  5.97394546276E-06
  6.33680201645E-06
  6.69627070238E-06
  7.05178490534E-06
  7.40267842048E-06
  7.74817908678E-06
  8.08739878266E-06
  8.41932887852E-06
  8.74283250596E-06
  9.05664637685E-06
  9.35936532187E-06
  9.64945866144E-06
  9.92526383925E-06
  1.01849918792E-05
  1.04267310235E-05
  1.06484603748E-05
  1.08480589915E-05
  1.10233158921E-05
  1.11719473352E-05
  1.12916122816E-05
  1.13799378596E-05
  1.14345293696E-05
  1.14530012070E-05
  1.14330005090E-05
  1.13722235255E-05
  1.12684547275E-05
  1.11195849968E-05
  1.09236416392E-05
  1.06788174890E-05
  1.03834991023E-05
  1.00362904050E-05
  9.63604816206E-06
  9.18189743970E-06
  8.67326161824E-06
  8.10988967714E-06
  7.49186938265E-06
  6.81965320837E-06
  6.09407106822E-06
  5.31634668732E-06
  4.48810806120E-06
  3.61139495908E-06
  2.68866369879E-06
  1.72278953414E-06
  7.17062391686E-07
 -3.24818813624E-07
 -1.39875589866E-06
 -2.50026619142E-06
 -3.62450032299E-06
 -4.76626337331E-06
 -5.92004016653E-06
 -7.08002653482E-06
 -8.24015933176E-06
 -9.39415167522E-06
 -1.05355375126E-05
 -1.16577057270E-05
 -1.27539469759E-05
 -1.38175037137E-05
 -1.48416129377E-05
 -1.58195580298E-05
 -1.67447215063E-05
 -1.76106277650E-05
 -1.84110103874E-05
 -1.91398376046E-05
 -1.97913923330E-05
 -2.03602958209E-05
 -2.08415731322E-05
 -2.12306877074E-05
 -2.15235741052E-05
 -2.17167162191E-05
 -2.18071345444E-05
 -2.17924516619E-05
 -2.16709177039E-05
 -2.14414103539E-05
 -2.11034857784E-05
 -2.06573804462E-05
 -2.01040093089E-05
 -1.94449930859E-05
 -1.86826382560E-05
 -1.78199334187E-05
 -1.68605565705E-05
 -1.58088296303E-05
 -1.46697157106E-05
 -1.34487827381E-05
 -1.21521770780E-05
 -1.07865789687E-05
 -9.35916887101E-06
 -7.87757380749E-06
 -6.34982325209E-06
 -4.78429001305E-06
 -3.18964066537E-06
 -1.57477199991E-06
  5.12501046046E-08
  1.67925122696E-06
  3.30001375914E-06
  4.90434149469E-06
  6.48312379781E-06
  8.02739941719E-06
  9.52841764956E-06
  1.09777101898E-05
  1.23671343317E-05
  1.36889420901E-05
  1.49358329509E-05
  1.61009993462E-05
  1.71781794052E-05
  1.81616978807E-05
  1.90464979823E-05
  1.98281904886E-05
  2.05030610232E-05
  2.10681118915E-05
  2.15210693568E-05
  2.18603927351E-05
  2.20852871280E-05
  2.21956997848E-05
  2.21923255594E-05
  2.20765741688E-05
  2.18505665543E-05
  2.15171203308E-05
  2.10797061300E-05
  2.05424330488E-05
  1.99099922611E-05
  1.91876333702E-05
  1.83811171155E-05
  1.74966571649E-05
  1.65408800967E-05
  1.55207690113E-05
  1.44436016853E-05
  1.33169060064E-05
  1.21483890325E-05
  1.09458887891E-05
  9.71730423771E-06
  8.47054707265E-06
  7.21347896615E-06
  5.95385563429E-06
  4.69927272206E-06
  3.45711259797E-06
  2.23449728765E-06
  1.03823856534E-06
 -1.25203840184E-07
 -1.24976236293E-06
 -2.32979709835E-06
 -3.36012726621E-06
 -4.33606010120E-06
 -5.25341147295E-06
 -6.10852657701E-06
 -6.89829221301E-06
 -7.62014360589E-06
 -8.27207531984E-06
 -8.85263489181E-06
 -9.36091782933E-06
 -9.79656397249E-06
 -1.01597406683E-05
 -1.04511236714E-05
 -1.06718844108E-05
 -1.08236527012E-05
 -1.09085058284E-05
 -1.09289176180E-05
 -1.08877502498E-05
 -1.07881996882E-05
 -1.06337674879E-05
 -1.04282225948E-05
 -1.01755576907E-05
 -9.87996099866E-06
 -9.54576353251E-06
 -9.17740817385E-06
 -8.77940146893E-06
 -8.35628816276E-06
 -7.91260117694E-06
 -7.45283159631E-06
 -6.98139501765E-06
 -6.50259653412E-06
 -6.02059981247E-06
 -5.53940344616E-06
 -5.06281094204E-06
 -4.59441162093E-06
 -4.13755515183E-06
 -3.69534177480E-06
 -3.27060206473E-06
 -2.86588783638E-06
 -2.48346464105E-06
 -2.12530335375E-06
 -1.79308017323E-06
 -1.48817423451E-06
 -1.21167181533E-06
 -9.64369860412E-07
 -7.46784166950E-07
 -5.59157683711E-07
 -4.01472590283E-07
 -2.73462575251E-07
 -1.74627743377E-07
 -1.04249920696E-07
 -6.14098070173E-08
 -4.50045654077E-08
 -5.37659090583E-08
 -8.62792859380E-08
 -1.41002487908E-07
 -2.16284576027E-07
 -3.10384905333E-07
 -4.21491620273E-07
 -5.47739034573E-07
 -6.87225679030E-07
 -8.38029905026E-07
 -9.98226028059E-07
 -1.16589831123E-06
 -1.33915466449E-06
 -1.51613915023E-06
 -1.69504210135E-06
 -1.87411103525E-06
 -2.05165792977E-06
 -2.22606831812E-06
 -2.39580504058E-06
 -2.55941586147E-06
 -2.71553540188E-06
 -2.86288900497E-06
 -3.00029319078E-06
 -3.12665861202E-06
 -3.24098982674E-06
 -3.34238370669E-06
 -3.43002898262E-06
 -3.50320556208E-06
 -3.56128157364E-06
 -3.60371222996E-06
 -3.63003596249E-06
 -3.63987442142E-06
 -3.63292770089E-06
 -3.60897320206E-06
 -3.56786472366E-06
 -3.50952700501E-06
 -3.43395822711E-06
 -3.34122523782E-06
 -3.23146559822E-06
 -3.10488326249E-06
 -2.96175176118E-06
 -2.80241260953E-06
 -2.62727280642E-06
 -2.43681029133E-06
 -2.23157167056E-06
 -2.01217221729E-06
 -1.77929928213E-06
 -1.53371070155E-06
 -1.27623661683E-06
 -1.00778083834E-06
 -7.29319367565E-07
 -4.41901761405E-07
 -1.46650151578E-07
  1.55241437483E-07
  4.62508808141E-07
  7.73819749611E-07
  1.08777680907E-06
  1.40292161177E-06
  1.71773842794E-06
  2.03066065296E-06
  2.34007711697E-06
  2.64433765551E-06
  2.94176447824E-06
  3.23065933117E-06
  3.50931281901E-06
  3.77601668333E-06
  4.02907562602E-06
  4.26681754107E-06
  4.48761102234E-06
  4.68987263957E-06
  4.87208444611E-06
  5.03280853081E-06
  5.17069929629E-06
  5.28451892023E-06
  5.37315054316E-06
  5.43561282029E-06
  5.47107083548E-06
  5.47885247215E-06
  5.45845387023E-06
  5.40955807082E-06
  5.33203547093E-06
  5.22596019437E-06
  5.09160872753E-06
  4.92947265229E-06
  4.74025364383E-06
  4.52487347502E-06
  4.28446628575E-06
  4.02037949243E-06
  3.73416833099E-06
  3.42758994520E-06
  3.10259360958E-06
  2.76131049759E-06
  2.40604072133E-06
  2.03923923436E-06
  1.66349684605E-06
  1.28152521484E-06
  8.96134110917E-07
  5.10211009441E-07
  1.26697997871E-07
 -2.51431970355E-07
 -6.21200342721E-07
 -9.79648234534E-07
 -1.32386253426E-06
 -1.65100209415E-06
 -1.95832421923E-06
 -2.24320933739E-06
 -2.50318885264E-06
 -2.73596583611E-06
 -2.93944185614E-06
 -3.11173675982E-06
 -3.25121027345E-06
 -3.35647996508E-06
 -3.42643693330E-06
 -3.46026104125E-06
 -3.45743387697E-06
 -3.41774443768E-06
 -3.34129867952E-06
 -3.22852088175E-06
 -3.08015637529E-06
 -2.89726654046E-06
 -2.68122516900E-06
 -2.43371027864E-06
 -2.15669001591E-06
 -1.85241106010E-06
 -1.52338054704E-06
 -1.17234480967E-06
 -8.02268971256E-07
 -4.16310740547E-07
 -1.77939742940E-08
  3.89820428381E-07
  8.02964677860E-07
  1.21799598674E-06
  1.63122967933E-06
  2.03897207030E-06
  2.43755562224E-06
  2.82337191493E-06
  3.19290620610E-06
  3.54276949110E-06
  3.86973215427E-06
  4.17075489167E-06
  4.44301485913E-06
  4.68394136988E-06
  4.89122840008E-06
  5.06287096869E-06
  5.19717514180E-06
  5.29278167960E-06
  5.34867376700E-06
  5.36419611308E-06
  5.33905495104E-06
  5.27332440470E-06
  5.16745012646E-06
  5.02223929288E-06
  4.83885833091E-06
  4.61882473246E-06
  4.36398477177E-06
  4.07650531997E-06
  3.75884928872E-06
  3.41375152857E-06
  3.04419563690E-06
  2.65338280769E-06
  2.24470295507E-06
  1.82170072094E-06
  1.38804296057E-06
  9.47481055391E-07
  5.03816863784E-07
  6.08647212630E-08
 -3.77585195110E-07
 -8.07803587577E-07
 -1.22615745113E-06
 -1.62914602697E-06
 -2.01343391382E-06
 -2.37588301388E-06
 -2.71358157988E-06
 -3.02387343254E-06
 -3.30438206220E-06
 -3.55303131983E-06
 -3.76806724489E-06
 -3.94807057091E-06
 -4.09196945839E-06
 -4.19905018134E-06
 -4.26895940109E-06
 -4.30170530308E-06
 -4.29765896115E-06
 -4.25753978561E-06
 -4.18241552325E-06
 -4.07367951993E-06
 -3.93304071622E-06
 -3.76250159206E-06
 -3.56433224624E-06
 -3.34104925059E-06
 -3.09538540932E-06
 -2.83025860881E-06
 -2.54874271377E-06
 -2.25403096010E-06
 -1.94940434994E-06
 -1.63819504451E-06
 -1.32375100748E-06
 -1.00940178527E-06
 -6.98421672496E-07
 -3.93997709125E-07
 -9.91955673157E-08
  1.83071250603E-07
  4.50070814395E-07
  6.99280462868E-07
  9.28410486267E-07
  1.13542751023E-06
  1.31857245833E-06
  1.47637695136E-06
  1.60767513080E-06
  1.71161434537E-06
  1.78765901637E-06
  1.83559382094E-06
  1.85552164567E-06
  1.84785869806E-06
  1.81332643479E-06
  1.75293951088E-06
  1.66799043200E-06
  1.56003204665E-06
  1.43085708260E-06
  1.28247472730E-06
  1.11708448003E-06
  9.37050401717E-07
  7.44870135350E-07
  5.43146825294E-07
  3.34556062853E-07
  1.21815489251E-07
 -9.23477330161E-08
 -3.05228383013E-07
 -5.14174416821E-07
 -7.16617080343E-07
 -9.10100482088E-07
 -1.09230791168E-06
 -1.26108841414E-06
 -1.41448037994E-06
 -1.55073132646E-06
 -1.66831716797E-06
 -1.76595824541E-06
 -1.84263103620E-06
 -1.89757713542E-06
 -1.93031132767E-06
 -1.94062158698E-06
 -1.92857237380E-06
 -1.89449849586E-06
 -1.83899885542E-06
 -1.76292678589E-06
 -1.66737777363E-06
 -1.55367320076E-06
 -1.42334249631E-06
 -1.27810278627E-06
 -1.11983581519E-06
 -9.50564356117E-07
 -7.72426233198E-07
 -5.87646582062E-07
 -3.98510479727E-07
 -2.07334863944E-07
 -1.64393210156E-08
  1.71881893607E-07
  3.55387953732E-07
  5.31918260549E-07
  6.99418535532E-07
  8.55965311075E-07
  9.99788539957E-07
  1.12929149054E-06
  1.24307052829E-06
  1.33993046347E-06
  1.41889722727E-06
  1.47922867200E-06
  1.52042343871E-06
  1.54222334459E-06
  1.54461702095E-06
  1.52783763951E-06
  1.49235802382E-06
  1.43888451021E-06
  1.36834580644E-06
  1.28188105464E-06
  1.18082380141E-06
  1.06668471744E-06
  9.41131588661E-07
  8.05968113582E-07
  6.63110711230E-07
  5.14563794241E-07
  3.62394615649E-07
  2.08707362503E-07
  5.56162937926E-08
 -9.47803471263E-08
 -2.40426629716E-07
 -3.79334437639E-07
 -5.09608071297E-07
 -6.29467763247E-07
 -7.37271363960E-07
 -8.31534691770E-07
 -9.10949665922E-07
 -9.74400222731E-07
 -1.02097556010E-06
 -1.04998230199E-06
 -1.06095080810E-06
 -1.05364301817E-06
 -1.02805358893E-06
 -9.84410689853E-07
 -9.23172535749E-07
 -8.45021702389E-07
 -7.50857282128E-07
 -6.41783287847E-07
 -5.19095181062E-07
 -3.84264495779E-07
 -2.38920648599E-07
 -8.48312424750E-08
  7.61191927268E-08
  2.41951994440E-07
  4.10618042679E-07
  5.80022572194E-07
  7.48050069888E-07
  9.12589655400E-07
  1.07156006379E-06
  1.22293488403E-06
  1.36476626267E-06
  1.49520758441E-06
  1.61253615261E-06
  1.71517262970E-06
  1.80170070507E-06
  1.87088210168E-06
  1.92167203750E-06
  1.95323173102E-06
  1.96493579097E-06
  1.95638290279E-06
  1.92739707927E-06
  1.87803084373E-06
  1.80856420684E-06
  1.71950068761E-06
  1.61156253853E-06
  1.48568028635E-06
  1.34298227294E-06
  1.18478214972E-06
  1.01256284779E-06
  8.27959013350E-07
  6.32738533568E-07
  4.28782101380E-07
  2.18061401824E-07
  2.61688204439E-09
 -2.15465789211E-07
 -4.34078970102E-07
 -6.51116749850E-07
 -8.64498701958E-07
 -1.07219238998E-06
 -1.27223609070E-06
 -1.46275988300E-06
 -1.64200639574E-06
 -1.80834808816E-06
 -1.96030600819E-06
 -2.09656309380E-06
 -2.21597861128E-06
 -2.31760009228E-06
 -2.40066810875E-06
 -2.46462764153E-06
 -2.50912898991E-06
 -2.53403050010E-06
 -2.53939697359E-06
 -2.52549762081E-06
 -2.49279969466E-06
 -2.44196030508E-06
 -2.37381937040E-06
 -2.28938279179E-06
 -2.18981335820E-06
 -2.07641369343E-06
 -1.95060988517E-06
 -1.81393272669E-06
 -1.66799929957E-06
 -1.51449421537E-06
 -1.35514801514E-06
 -1.19171704682E-06
 -1.02596345641E-06
 -8.59635008510E-07
 -6.94444395322E-07
 -5.32050705715E-07
 -3.74041604800E-07
 -2.21915342991E-07
 -7.70656711779E-08
  5.92326934168E-08
  1.85836654509E-07
  3.01745757270E-07
  4.06111041684E-07
  4.98242286540E-07
  5.77612979669E-07
  6.43863245386E-07
  6.96801066624E-07
  7.36401148060E-07
  7.62801562360E-07
  7.76298975325E-07
  7.77342393121E-07
  7.66523328366E-07
  7.44567159927E-07
  7.12320343155E-07
  6.70738302233E-07
  6.20871219326E-07
  5.63849027913E-07
  5.00866235598E-07
  4.33165268987E-07
  3.62020529110E-07
  2.88721508923E-07
  2.14556877154E-07
  1.40797851600E-07
  6.86829082497E-08
 -5.97242033606E-10
 -6.59136034642E-08
 -1.26211972429E-07
 -1.80524835969E-07
 -2.27981800549E-07
 -2.67818847988E-07
 -2.99386016422E-07
 -3.22153283605E-07
 -3.35715299116E-07
 -3.39793984949E-07
 -3.34239928179E-07
 -3.19031613571E-07
 -2.94273661439E-07
 -2.60193019130E-07
 -2.17133859337E-07
 -1.65551213627E-07
 -1.06003184897E-07
 -3.91419803236E-08
  3.42959403099E-08
  1.13500696841E-07
  1.97600499519E-07
  2.85673763756E-07
  3.76761335019E-07
  4.69879637421E-07
  5.64032859529E-07
  6.58226099404E-07
  7.51477330141E-07
  8.42829365411E-07
  9.31361626044E-07
  1.01620037185E-06
  1.09652819447E-06
  1.17159368074E-06
  1.24071937080E-06
  1.30330670345E-06
  1.35884351948E-06
  1.40690701755E-06
  1.44716784689E-06
  1.47939067574E-06
  1.50343510086E-06
  1.51925530645E-06
  1.52689688093E-06
  1.52649420215E-06
  1.51826702677E-06
  1.50251298692E-06
  1.47960338381E-06
  1.44997477491E-06
  1.41412203902E-06
  1.37258939503E-06
  1.32596221647E-06
  1.27485691337E-06
  1.21991240576E-06
  1.16178057397E-06
  1.10111739104E-06
  1.03857223621E-06
  9.74781301011E-07
  9.10357641715E-07
  8.45884130740E-07
  7.81906464908E-07
  7.18926571608E-07
  6.57397038140E-07
  5.97716621087E-07
  5.40226722023E-07
  4.85208317968E-07
  4.32880398193E-07
  3.83399310522E-07
  3.36858903438E-07
  2.93291776643E-07
  2.52671327416E-07
  2.14915061747E-07
  1.79888147045E-07
  1.47408158568E-07
  1.17250237963E-07
  8.91530405056E-08
  6.28249523515E-08
  3.79507270054E-08
  1.41985063706E-08
 -8.77319283887E-09
 -3.13082892944E-08
 -5.37461701811E-08
 -7.64147998211E-08
 -9.96241382722E-08
 -1.23660072404E-07
 -1.48778468656E-07
 -1.75200483454E-07
 -2.03107575203E-07
 -2.32638058151E-07
 -2.63884089691E-07
 -2.96889282936E-07
 -3.31647470375E-07
 -3.68102263337E-07
 -4.06147165677E-07
 -4.45626994861E-07
 -4.86339843064E-07
 -5.28039947767E-07
 -5.70440988668E-07
 -6.13220834111E-07
 -6.56026088564E-07
 -6.98477720107E-07
 -7.40176858471E-07
 -7.80711104653E-07
 -8.19661408968E-07
 -8.56608266986E-07
 -8.91139052328E-07
 -9.22854724195E-07
 -9.51376307512E-07
 -9.76351543613E-07
 -9.97460915642E-07
 -1.01442344658E-06
 -1.02700153093E-06
 -1.03500588011E-06
 -1.03829938780E-06
 -1.03680008579E-06
 -1.03048375877E-06
 -1.01938508124E-06
 -1.00359898170E-06
 -9.83280187938E-07
 -9.58641294346E-07
 -9.29952705064E-07
 -8.97538086519E-07
 -8.61771354721E-07
 -8.23073207812E-07
 -7.81904361702E-07
 -7.38761286811E-07
 -6.94168988957E-07
 -6.48674586046E-07
 -6.02840088959E-07
 -5.57234614007E-07
 -5.12426993282E-07
 -4.68977702894E-07
 -4.27431245953E-07
 -3.88308222909E-07
 -3.52097998757E-07
 -3.19251824976E-07
 -2.90175535156E-07
 -2.65223974338E-07
 -2.44694973617E-07
 -2.28824859505E-07
 -2.17784133838E-07
 -2.11674290540E-07
 -2.10525428201E-07
 -2.14294772150E-07
 -2.22866304966E-07
 -2.36051022284E-07
 -2.53588552823E-07
 -2.75149460549E-07
 -3.00338626857E-07
 -3.28699456986E-07
 -3.59718910659E-07
 -3.92833584328E-07
 -4.27435963957E-07
 -4.62882070451E-07
 -4.98498934576E-07
 -5.33593151886E-07
 -5.67459096601E-07
 -5.99388158662E-07
 -6.28677753411E-07
 -6.54640132325E-07
 -6.76611364270E-07
 -6.93960089393E-07
 -7.06095818259E-07
 -7.12477742582E-07
 -7.12620760623E-07
 -7.06103605808E-07
 -6.92574189998E-07
 -6.71755458370E-07
 -6.43449709514E-07
 -6.07541778663E-07
 -5.64002505143E-07
 -5.12889243964E-07
 -4.54347372170E-07
 -3.88609294077E-07
 -3.15993077038E-07
 -2.36899907691E-07
 -1.51810439775E-07
 -6.12805521882E-08
  3.40641186369E-08
  1.33534527436E-07
  2.36385034214E-07
  3.41821134953E-07
  4.49007671932E-07
  5.57077612484E-07
  6.65141158152E-07
  7.72294924900E-07
  8.77631975982E-07
  9.80250888460E-07
  1.07926575765E-06
  1.17381489417E-06
  1.26307099890E-06
  1.34624849579E-06
  1.42261274050E-06
  1.49148672790E-06
  1.55225882281E-06
  1.60438912644E-06
  1.64741277331E-06
  1.68094709352E-06
  1.70469297700E-06
  1.71843839780E-06
  1.72206034676E-06
  1.71552414940E-06
  1.69888369328E-06
  1.67228051851E-06
  1.63594029345E-06
  1.59017065471E-06
  1.53535620484E-06
  1.47195396494E-06
  1.40048734920E-06
  1.32154048060E-06
  1.23575057387E-06
  1.14380088689E-06
  1.04641242160E-06
  9.44336932207E-07
  8.38347318677E-07
  7.29230464458E-07
  6.17778141532E-07
  5.04779450239E-07
  3.91012406453E-07
  2.77236864576E-07
  1.64186786833E-07
  5.25639620719E-08
 -5.69682292451E-08
 -1.63790275565E-07
 -2.67331188297E-07
 -3.67072658491E-07
 -4.62552009139E-07
 -5.53364998268E-07
 -6.39166842120E-07
 -7.19673494132E-07
 -7.94661332293E-07
 -8.63966249653E-07
 -9.27481835333E-07
 -9.85157726063E-07
 -1.03699562715E-06
 -1.08304607238E-06
 -1.12340421765E-06
 -1.15820523661E-06
 -1.18761931844E-06
 -1.21184518775E-06
 -1.23110623917E-06
 -1.24564314774E-06
 -1.25570932141E-06
 -1.26156419356E-06
 -1.26346822071E-06
 -1.26167731196E-06
 -1.25643759930E-06
 -1.24798111756E-06
 -1.23652159800E-06
 -1.22225003452E-06
 -1.20533275094E-06
 -1.18590833154E-06
 -1.16408534723E-06
 -1.13994224193E-06
 -1.11352687782E-06
 -1.08485539840E-06
 -1.05391563920E-06
 -1.02066621821E-06
 -9.85041651802E-07
 -9.46953321090E-07
 -9.06293962544E-07
 -8.62941703872E-07
 -8.16764497813E-07
 -7.67625522258E-07
 -7.15387784567E-07
 -6.59920488033E-07
 -6.01103863573E-07
 -5.38835138286E-07
 -4.73034560855E-07
 -4.03650261660E-07
 -3.30663652903E-07
 -2.54094686625E-07
 -1.74005649001E-07
 -9.05057291334E-08
 -3.75393538476E-09
  8.60378790435E-08
  1.78603301038E-07
  2.73619860991E-07
  3.70708931996E-07
  4.69436088224E-07
  5.69312078369E-07
  6.69795724662E-07
  7.70296196606E-07
  8.70177530032E-07
  9.68763060882E-07
  1.06534116640E-06
  1.15917146104E-06
  1.24949156088E-06
  1.33552509851E-06
  1.41648922636E-06
  1.49160371166E-06
  1.56009957664E-06
  1.62122796610E-06
  1.67426958342E-06
  1.71854389919E-06
  1.75341801878E-06
  1.77831611836E-06
  1.79272728928E-06
  1.79621360985E-06
  1.78841798970E-06
  1.76907167315E-06
  1.73799878667E-06
  1.69512179582E-06
  1.64046684858E-06
  1.57416593538E-06
  1.49645916281E-06
  1.40769600421E-06
  1.30833439016E-06
  1.19894014006E-06
  1.08018332412E-06
  9.52835705448E-07
  8.17764146177E-07
  6.75925321048E-07
  5.28358668817E-07
  3.76177069938E-07
  2.20558149522E-07
  6.27338607728E-08
 -9.60205568390E-08
 -2.54398287325E-07
 -4.11073159512E-07
 -5.64712593132E-07
 -7.13990345957E-07
 -8.57599900428E-07
 -9.94267452370E-07
 -1.12276575237E-06
 -1.24192524709E-06
 -1.35064874485E-06
 -1.44792159062E-06
 -1.53282383053E-06
 -1.60453964781E-06
 -1.66236782206E-06
 -1.70572957359E-06
 -1.73417561200E-06
 -1.74739261638E-06
 -1.74520812379E-06
 -1.72759189354E-06
 -1.69466079569E-06
 -1.64667676472E-06
 -1.58404668582E-06
 -1.50731943904E-06
 -1.41718192026E-06
 -1.31445358420E-06
 -1.20007928217E-06
 -1.07512130398E-06
 -9.40749430356E-07
 -7.98230473720E-07
 -6.48915943202E-07
 -4.94230505410E-07
 -3.35657063033E-07
 -1.74723197688E-07
 -1.29863337861E-08
  1.47981580767E-07
  3.06609393874E-07
  4.61342239078E-07
  6.10657025391E-07
  7.53077472382E-07
  8.87188832621E-07
  1.01165210253E-06
  1.12521752271E-06
  1.22673691294E-06
  1.31517560931E-06
  1.38962286655E-06
  1.44930072565E-06
  1.49357231294E-06
  1.52194820657E-06
  1.53409177983E-06
  1.52982238433E-06
  1.50911694163E-06
  1.47211108015E-06
  1.41909731610E-06
  1.35052289352E-06
  1.26698421354E-06
  1.16922194593E-06
  1.05811352569E-06
  9.34663887620E-07
  7.99996371370E-07
  6.55341125366E-07
  5.02022601268E-07
  3.41447218943E-07
  1.75088956667E-07
  4.47493242461E-09
 -1.68829473068E-07
 -3.43235939226E-07
 -5.17148919243E-07
 -6.88980605901E-07
 -8.57167151480E-07
 -1.02018225334E-06
 -1.17655361009E-06
 -1.32487468818E-06
 -1.46381989907E-06
 -1.59215517215E-06
 -1.70875080130E-06
 -1.81258985776E-06
 -1.90277887668E-06
 -1.97855433726E-06
 -2.03928902920E-06
 -2.08449705497E-06
 -2.11383735405E-06
 -2.12711552194E-06
 -2.12428358282E-06
 -2.10544021684E-06
 -2.07082621273E-06
 -2.02082219403E-06
 -1.95594270735E-06
 -1.87683031072E-06
 -1.78424556907E-06
 -1.67906046045E-06
 -1.56224780312E-06
 -1.43486920479E-06
 -1.29806562654E-06
 -1.15304294468E-06
 -1.00106069567E-06
 -8.43418717977E-07
 -6.81443566464E-07
 -5.16475495260E-07
 -3.49855156401E-07
 -1.82910255830E-07
 -1.69433818087E-08
  1.46780436694E-07
  3.07045354475E-07
  4.62695226133E-07
  6.12644043940E-07
  7.55884684622E-07
  8.91497279554E-07
  1.01865543911E-06
  1.13663315915E-06
  1.24480891373E-06
  1.34266883833E-06
  1.42980945839E-06
  1.50593780290E-06
  1.57087299613E-06
  1.62454227848E-06
  1.66698043813E-06
  1.69832492247E-06
  1.71881151800E-06
  1.72876866600E-06
  1.72861086867E-06
  1.71883107214E-06
  1.69999236732E-06
  1.67271991813E-06
  1.63769118444E-06
  1.59562728186E-06
  1.54728184043E-06
  1.49343236444E-06
  1.43486988691E-06
  1.37238907882E-06
  1.30677949528E-06
  1.23881488889E-06
  1.16924616123E-06
  1.09879169941E-06
  1.02813112335E-06
  9.57897441367E-07
  8.88671195298E-07
  8.20975515126E-07
  7.55271400976E-07
  6.91954312515E-07
  6.31352008895E-07
  5.73722388708E-07
  5.19253489983E-07
  4.68063319659E-07
  4.20201558882E-07
  3.75651609374E-07
  3.34333407181E-07
  2.96107543818E-07
  2.60779614791E-07
  2.28105548672E-07
  1.97797376700E-07
  1.69529499772E-07
  1.42945424386E-07
  1.17664832544E-07
  9.32907866513E-08
  6.94171333748E-08
  4.56359856571E-08
  2.15449151852E-08
 -3.24573190547E-09
 -2.91059834012E-08
 -5.63796263009E-08
 -8.53780903753E-08
 -1.16374749837E-07
 -1.49599912902E-07
 -1.85236217476E-07
 -2.23415156597E-07
 -2.64213667833E-07
 -3.07652271658E-07
 -3.53693138777E-07
 -4.02239891173E-07
 -4.53137175782E-07
 -5.06172170844E-07
 -5.61075921723E-07
 -6.17525870439E-07
 -6.75149124163E-07
 -7.33526292152E-07
 -7.92196146904E-07
 -8.50660399010E-07
 -9.08389381493E-07
 -9.64828700489E-07
 -1.01940474906E-06
 -1.07153186946E-06
 -1.12061934487E-06
 -1.16607793643E-06
 -1.20732784126E-06
 -1.24380460420E-06
 -1.27496730329E-06
 -1.30030377932E-06
 -1.31933779812E-06
 -1.33163598548E-06
 -1.33681123771E-06
 -1.33452999762E-06
 -1.32451600621E-06
 -1.30655314479E-06
 -1.28049100567E-06
 -1.24624591535E-06
 -1.20380343560E-06
 -1.15321915928E-06
 -1.09461996090E-06
 -1.02820297343E-06
 -9.54235133577E-07
 -8.73051533290E-07
 -7.85052861829E-07
 -6.90701938311E-07
 -5.90521096910E-07
 -4.85086957269E-07
 -3.75026502297E-07
 -2.61011081193E-07
 -1.43751250903E-07
 -2.39906157162E-08
  9.75003757731E-08
  2.19931038714E-07
  3.42497173733E-07
  4.64387568400E-07
  5.84790996072E-07
  7.02902809735E-07
  8.17931663732E-07
  9.29105624436E-07
  1.03567845144E-06
  1.13693590720E-06
  1.23220024761E-06
  1.32083630433E-06
  1.40225540690E-06
  1.47592061239E-06
  1.54134897912E-06
  1.59811531830E-06
  1.64585537732E-06
  1.68426674918E-06
  1.71311148733E-06
  1.73221633304E-06
  1.74147294274E-06
  1.74083788806E-06
  1.73033208739E-06
  1.71003978267E-06
  1.68010592461E-06
  1.64073492215E-06
  1.59218814133E-06
  1.53477981257E-06
  1.46887566643E-06
  1.39488759032E-06
  1.31327078634E-06
  1.22452001960E-06
  1.12916450234E-06
  1.02776539279E-06
  9.20909371871E-07
  8.09206028407E-07
  6.93282572684E-07
  5.73780198465E-07
  4.51349791319E-07
  3.26647551674E-07
  2.00331683686E-07
  7.30581888320E-08
 -5.45223741710E-08
 -1.81768271545E-07
 -3.08049664000E-07
 -4.32751420476E-07
 -5.55275846637E-07
 -6.75044816489E-07
 -7.91502259290E-07
 -9.04115609046E-07
 -1.01237765193E-06
 -1.11580857265E-06
 -1.21395567021E-06
 -1.30639591589E-06
 -1.39273629429E-06
 -1.47261448546E-06
 -1.54569897859E-06
 -1.61169020885E-06
 -1.67032055742E-06
 -1.72135457888E-06
 -1.76458888745E-06
 -1.79985306659E-06
 -1.82700887308E-06
 -1.84595000974E-06
 -1.85660292118E-06
 -1.85892679383E-06
 -1.85291264643E-06
 -1.83858389846E-06
 -1.81599557436E-06
 -1.78523498562E-06
 -1.74642150341E-06
 -1.69970610386E-06
 -1.64527136803E-06
 -1.58333091349E-06
 -1.51412950800E-06
 -1.43794295582E-06
 -1.35507752930E-06
 -1.26586883198E-06
 -1.17068225336E-06
 -1.06991126358E-06
 -9.63977640822E-07
 -8.53329765960E-07
 -7.38441258363E-07
 -6.19810180069E-07
 -4.97957557855E-07
 -3.73424938971E-07
 -2.46773453227E-07
 -1.18581056086E-07
  1.05595994171E-08
  1.40043596275E-07
  2.69256588581E-07
  3.97577593958E-07
  5.24382016920E-07
  6.49045148293E-07
  7.70945064232E-07
  8.89466662102E-07
  1.00400484371E-06
  1.11396832381E-06
  1.21878349546E-06
  1.31789784064E-06
  1.41078362503E-06
  1.49694233187E-06
  1.57590704930E-06
  1.64724701790E-06
  1.71057001808E-06
  1.76552589437E-06
  1.81180973868E-06
  1.84916393664E-06
  1.87738066870E-06
  1.89630429759E-06
  1.90583227777E-06
  1.90591720184E-06
  1.89656714156E-06
  1.87784632999E-06
  1.84987550256E-06
  1.81283041911E-06
  1.76694254606E-06
  1.71249644154E-06
  1.64982895967E-06
  1.57932652201E-06
  1.50142273014E-06
  1.41659586461E-06
  1.32536422370E-06
  1.22828430449E-06
  1.12594477741E-06
  1.01896398519E-06
  9.07983746856E-07
  7.93666060872E-07
  6.76686966017E-07
  5.57732448669E-07
  4.37492445826E-07
  3.16656212362E-07
  1.95907119860E-07
  7.59174270115E-08
 -4.26565343048E-08
 -1.59179251114E-07
 -2.73040484444E-07
 -3.83659710224E-07
 -4.90489981075E-07
 -5.93021752593E-07
 -6.90786123414E-07
 -7.83357620548E-07
 -8.70356927862E-07
 -9.51452591380E-07
 -1.02636295196E-06
 -1.09485699795E-06
 -1.15675447887E-06
 -1.21192749702E-06
 -1.26029772218E-06
 -1.30183798319E-06
 -1.33656942580E-06
 -1.36456026212E-06
 -1.38592361054E-06
 -1.40081431255E-06
 -1.40942654525E-06
 -1.41199063819E-06
 -1.40876932164E-06
 -1.40005386129E-06
 -1.38615973810E-06
 -1.36742335144E-06
 -1.34419701681E-06
 -1.31684498683E-06
 -1.28573924485E-06
 -1.25125495742E-06
 -1.21376649531E-06
 -1.17364345442E-06
 -1.13124667678E-06
 -1.08692506728E-06
 -1.04101127363E-06
 -9.93819867290E-07
 -9.45644217154E-07
 -8.96753704183E-07
 -8.47392129799E-07
 -7.97776465333E-07
 -7.48095203562E-07
 -6.98508017649E-07
 -6.49145647458E-07
 -6.00109331117E-07
 -5.51472453481E-07
 -5.03280546127E-07
 -4.55553333722E-07
 -4.08286211950E-07
 -3.61452492825E-07
 -3.15005650009E-07
 -2.68882018872E-07
 -2.23003851829E-07
 -1.77282387881E-07
 -1.31620964794E-07
 -8.59186215507E-08
 -4.00734130324E-08
  6.01411143109E-09
  5.24375138866E-08
  9.92810598177E-08
  1.46616514485E-07
  1.94500188400E-07
  2.42970031650E-07
  2.92042926731E-07
  3.41712791396E-07
  3.91948020706E-07
  4.42690577529E-07
  4.93854145134E-07
  5.45323644019E-07
  5.96954862431E-07
  6.48574143725E-07
  6.99979295860E-07
  7.50940159833E-07
  8.01199973921E-07
  8.50477476888E-07
  8.98468442756E-07
  9.44848920881E-07
  9.89277850749E-07
  1.03139996099E-06
  1.07084986212E-06
  1.10725636659E-06
  1.14024487630E-06
  1.16944329420E-06
  1.19448543501E-06
  1.21501625472E-06
  1.23069526126E-06
  1.24120242617E-06
  1.24624136788E-06
  1.24554412650E-06
  1.23887559766E-06
  1.22603671571E-06
  1.20686911487E-06
  1.18125763038E-06
  1.14913336802E-06
  1.11047700102E-06
  1.06532002064E-06
  1.01374700989E-06
  9.55896553023E-07
  8.91962088190E-07
  8.22192021133E-07
  7.46889440961E-07
  6.66410869599E-07
  5.81165238600E-07
  4.91611217512E-07
  3.98255281198E-07
  3.01648071854E-07
  2.02381215786E-07
  1.01083017512E-07
 -1.58604807066E-09
 -1.04938315815E-07
 -2.08264083312E-07
 -3.10837293682E-07
 -4.11921632804E-07
 -5.10776317242E-07
 -6.06662467817E-07
 -6.98849817127E-07
 -7.86622535998E-07
 -8.69286282068E-07
 -9.46174338878E-07
 -1.01665364127E-06
 -1.08013068711E-06
 -1.13605835850E-06
 -1.18393973025E-06
 -1.22333460695E-06
 -1.25386372929E-06
 -1.27521207105E-06
 -1.28713475078E-06
 -1.28945748656E-06
 -1.28208137085E-06
 -1.26498355257E-06
 -1.23821882880E-06
 -1.20192066788E-06
 -1.15630029995E-06
 -1.10164705802E-06
 -1.03832621789E-06
 -9.66776497080E-07
 -8.87508576852E-07
 -8.01100497938E-07
 -7.08193738319E-07
 -6.09489006820E-07
 -5.05740501922E-07
 -3.97750397951E-07
 -2.86362279667E-07
 -1.72454846847E-07
 -5.69344145163E-08
  5.92722386727E-08
  1.75225594035E-07
  2.89981244350E-07
  4.02597805760E-07
  5.12145049925E-07
  6.17711634732E-07
  7.18413389222E-07
  8.13400674815E-07
  9.01865917058E-07
  9.83051336334E-07
  1.05625463220E-06
  1.12083660042E-06
  1.17622664675E-06
  1.22192727758E-06
  1.25751989799E-06
  1.28266867705E-06
  1.29712350372E-06
  1.30072282900E-06
  1.29339582600E-06
  1.27516295834E-06
  1.24613688968E-06
  1.20652180158E-06
  1.15661146083E-06
  1.09678796889E-06
  1.02751869235E-06
  9.49351942836E-07
  8.62913566380E-07
  7.68900633830E-07
  6.68076836519E-07
  5.61265267152E-07
  4.49341740705E-07
  3.33227347937E-07
  2.13880340993E-07
  9.22879692666E-08
 -3.05419938229E-08
 -1.53590349328E-07
 -2.75835105867E-07
 -3.96260901425E-07
 -5.13867462359E-07
 -6.27679014542E-07
 -7.36752724606E-07
 -8.40187112772E-07
 -9.37130096190E-07
 -1.02678734493E-06
 -1.10842813683E-06
 -1.18139325878E-06
 -1.24510029309E-06
 -1.29904890400E-06
 -1.34282606723E-06
 -1.37610902584E-06
 -1.39866801874E-06
 -1.41037014600E-06
 -1.41117868679E-06
 -1.40115366776E-06
 -1.38045220410E-06
 -1.34932656692E-06
 -1.30812168209E-06
 -1.25727160594E-06
 -1.19729611470E-06
 -1.12879547487E-06
 -1.05244475890E-06
 -9.68987592387E-07
 -8.79229048678E-07
 -7.84027861300E-07
 -6.84288636421E-07
 -5.80953155804E-07
 -4.74991537658E-07
 -3.67392601675E-07
 -2.59155001459E-07
 -1.51277404825E-07
 -4.47491110833E-08
  5.94592997061E-08
  1.60405406291E-07
  2.57183813801E-07
  3.48934662497E-07
  4.34852040598E-07
  5.14191469847E-07
  5.86276939885E-07
  6.50507502087E-07
  7.06362754954E-07
  7.53407732645E-07
  7.91297225078E-07
  8.19778165351E-07
  8.38692869820E-07
  8.47979833907E-07
  8.47673732096E-07
  8.37905872686E-07
  8.18901412458E-07
  7.90977765064E-07
  7.54540906200E-07
  7.10080939825E-07
  6.58167323309E-07
  5.99442785187E-07
  5.34616390269E-07
  4.64457031057E-07
  3.89784844401E-07
  3.11463026037E-07
  2.30389034073E-07
  1.47485550883E-07
  6.36908197293E-08
 -2.00506580228E-08
 -1.02797905299E-07
 -1.83622944405E-07
 -2.61620300535E-07
 -3.35916126915E-07
 -4.05677013759E-07
 -4.70118749263E-07
 -5.28513737663E-07
 -5.80198900479E-07
 -6.24581787179E-07
 -6.61147225856E-07
 -6.89461842285E-07
 -7.09178834768E-07
 -7.20041441582E-07
 -7.21884930499E-07
 -7.14639043053E-07
 -6.98327653481E-07
 -6.73069450841E-07
 -6.39075722120E-07
 -5.96648646933E-07
 -5.46178341665E-07
 -4.88137800403E-07
 -4.23079228540E-07
 -3.51627591044E-07
 -2.74474416528E-07
 -1.92370620766E-07
 -1.06118967835E-07
 -1.65657745299E-08
  7.54077049692E-08
  1.68894217722E-07
  2.62969763298E-07
  3.56702742010E-07
  4.49163650273E-07
  5.39434438451E-07
  6.26617293165E-07
  7.09844016455E-07
  7.88284978626E-07
  8.61156422616E-07
  9.27729161049E-07
  9.87335397440E-07
  1.03937497897E-06
  1.08332187665E-06
  1.11872850539E-06
  1.14523072625E-06
  1.16255023386E-06
  1.17049876280E-06
  1.16897763291E-06
  1.15798002298E-06
  1.13758972020E-06
  1.10798089281E-06
  1.06941547529E-06
  1.02224055354E-06
  9.66884044828E-07
  9.03851230305E-07
  8.33718672766E-07
  7.57128532314E-07
  6.74782313581E-07
  5.87433419241E-07
  4.95879760365E-07
  4.00955656232E-07
  3.03524103629E-07
  2.04467738740E-07
  1.04680800916E-07
  5.06010344736E-09
 -9.35032531402E-08
 -1.90132425359E-07
 -2.83972894977E-07
 -3.74200624265E-07
 -4.60029326632E-07
 -5.40717508102E-07
 -6.15575629581E-07
 -6.83971052240E-07
 -7.45334773455E-07
 -7.99164638465E-07
 -8.45030683649E-07
 -8.82577637640E-07
 -9.11527308745E-07
 -9.31681256588E-07
 -9.42920451052E-07
 -9.45206579672E-07
 -9.38580910770E-07
 -9.23162701838E-07
 -8.99147948985E-07
 -8.66805919486E-07
 -8.26476309612E-07
 -7.78564356096E-07
 -7.23537596059E-07
 -6.61919898448E-07
 -5.94285950228E-07
 -5.21256254160E-07
 -4.43490165480E-07
 -3.61679639127E-07
 -2.76543232758E-07
 -1.88818688684E-07
 -9.92567947833E-08
 -8.61451532330E-09
  8.23514838544E-08
  1.72891319039E-07
  2.62267974449E-07
  3.49763212171E-07
  4.34683215644E-07
  5.16363684255E-07
  5.94174764501E-07
  6.67525455356E-07
  7.35867104140E-07
  7.98697158189E-07
  8.55562404922E-07
  9.06060336092E-07
  9.49841989950E-07
  9.86612803899E-07
  1.01613329662E-06
  1.03821992070E-06
  1.05274443740E-06
  1.05963363239E-06
  1.05886772417E-06
  1.05047956822E-06
  1.03455272438E-06
  1.01121861462E-06
  9.80654931482E-07
  9.43082568483E-07
  8.98762834822E-07
  8.47994385822E-07
  7.91109641796E-07
  7.28472230094E-07
  6.60472949221E-07
  5.87526585605E-07
  5.10069128268E-07
  4.28553619258E-07
  3.43447425166E-07
  2.55229366530E-07
  1.64386236179E-07
  7.14103549626E-08
 -2.32032633107E-08
 -1.18959249562E-07
 -2.15364210021E-07
 -3.11928857855E-07
 -4.08169938737E-07
 -5.03611943259E-07
 -5.97788471168E-07
 -6.90244007728E-07
 -7.80534833211E-07
 -8.68230188189E-07
 -9.52913524088E-07
 -1.03418256003E-06
 -1.11165138605E-06
 -1.18494938306E-06
 -1.25372366711E-06
 -1.31763886202E-06
 -1.37637732678E-06
 -1.42964040606E-06
 -1.47714911236E-06
 -1.51864401232E-06
 -1.55388681833E-06
 -1.58266072958E-06
 -1.60477145528E-06
 -1.62004744197E-06
 -1.62834180628E-06
 -1.62953267591E-06
 -1.62352466759E-06
 -1.61024945555E-06
 -1.58966759045E-06
 -1.56176906785E-06
 -1.52657480612E-06
 -1.48413732859E-06
 -1.43454315094E-06
 -1.37791153065E-06
 -1.31439799134E-06
 -1.24419341319E-06
 -1.16752516988E-06
 -1.08465746962E-06
 -9.95891809907E-07
 -9.01567716483E-07
 -8.02061151717E-07
 -6.97784912518E-07
 -5.89188005051E-07
 -4.76754308920E-07
 -3.61000843441E-07
 -2.42476744461E-07
 -1.21760677985E-07
  5.41515443597E-10
  1.23799466678E-07
  2.47361555239E-07
  3.70558325358E-07
  4.92706249133E-07
  6.13111865277E-07
  7.31076113425E-07
  8.45898966872E-07
  9.56884264269E-07
  1.06334505290E-06
  1.16460773825E-06
  1.26001862100E-06
  1.34894855819E-06
  1.43079807913E-06
  1.50500238760E-06
  1.57103829679E-06
  1.62842650298E-06
  1.67673840679E-06
  1.71559975115E-06
  1.74469539616E-06
  1.76377170646E-06
  1.77264189460E-06
  1.77118761258E-06
  1.75936179403E-06
  1.73719024588E-06
  1.70477335359E-06
  1.66228676335E-06
  1.60998115462E-06
  1.54818144438E-06
  1.47728621869E-06
  1.39776511787E-06
  1.31015690386E-06
  1.21506604955E-06
  1.11315819140E-06
  1.00515683243E-06
  8.91837316885E-07
  7.74021941652E-07
  6.52573532989E-07
  5.28388511611E-07
  4.02390867293E-07
  2.75523944993E-07
  1.48743311001E-07
  2.30090062558E-08
 -1.00722722607E-07
 -2.21507178821E-07
 -3.38419340551E-07
 -4.50561913112E-07
 -5.57072894480E-07
 -6.57133568893E-07
 -7.49975242798E-07
 -8.34886748180E-07
 -9.11220581656E-07
 -9.78398816187E-07
 -1.03591889911E-06
 -1.08335837012E-06
 -1.12037844247E-06
 -1.14672832296E-06
 -1.16224737212E-06
 -1.16686680940E-06
 -1.16061187327E-06
 -1.14360034331E-06
 -1.11604344966E-06
 -1.07824382667E-06
 -1.03059403500E-06
 -9.73572127805E-07
 -9.07739149625E-07
 -8.33733963645E-07
 -7.52267965254E-07
 -6.64119568228E-07
 -5.70126815091E-07
 -4.71181209605E-07
 -3.68219104985E-07
 -2.62214200575E-07
 -1.54169029543E-07
 -4.51059314344E-08
  6.39416484205E-08
  1.71938339122E-07
  2.77856003095E-07
  3.80682735113E-07
  4.79431946587E-07
  5.73151226035E-07
  6.60930595586E-07
  7.41910753277E-07
  8.15291173240E-07
  8.80336756381E-07
  9.36384765282E-07
  9.82850792752E-07
  1.01923433249E-06
  1.04512321286E-06
  1.06019763280E-06
  1.06423271973E-06
  1.05710194021E-06
  1.03877675883E-06
  1.00932868463E-06
  9.68928247858E-07
  9.17844090509E-07
  8.56440578900E-07
  7.85175245710E-07
  7.04594810941E-07
  6.15331202880E-07
  5.18095873758E-07
  4.13674001720E-07
  3.02918522266E-07
  1.86742241226E-07
  6.61109993416E-08
 -5.79649679366E-08
 -1.84439159057E-07
 -3.12237460776E-07
 -4.40267456270E-07
 -5.67427093756E-07
 -6.92614321451E-07
 -8.14735813037E-07
 -9.32716602620E-07
 -1.04550849755E-06
 -1.15209945761E-06
 -1.25152132568E-06
 -1.34285824060E-06
 -1.42525470892E-06
 -1.49792174398E-06
 -1.56014459662E-06
 -1.61128730269E-06
 -1.65079961789E-06
 -1.67822076946E-06
 -1.69318298049E-06
 -1.69541578998E-06
 -1.68474741713E-06
 -1.66110646660E-06
 -1.62452340646E-06
 -1.57512943133E-06
 -1.51315725816E-06
 -1.43893737459E-06
 -1.35289747050E-06
 -1.25555823161E-06
 -1.14753004254E-06
 -1.02950832570E-06
 -9.02267231595E-07
 -7.66656171436E-07
 -6.23590949544E-07
 -4.74048334809E-07
 -3.19058102605E-07
 -1.59695645152E-07
  2.92636892496E-09
  1.67666229345E-07
  3.33361782623E-07
  4.98838915064E-07
  6.62920740524E-07
  8.24435801405E-07
  9.82227447821E-07
  1.13516148303E-06
  1.28213571315E-06
  1.42208671150E-06
  1.55399925461E-06
  1.67691189290E-06
  1.78992513611E-06
  1.89220816083E-06
  1.98300404008E-06
  2.06163599614E-06
  2.12751069739E-06
  2.18012519326E-06
  2.21906748266E-06
  2.24402174354E-06
  2.25476765081E-06
  2.25118674280E-06
  2.23325673687E-06
  2.20105675908E-06
  2.15476416088E-06
  2.09465360967E-06
  2.02109367820E-06
  1.93454729924E-06
  1.83556460343E-06
  1.72478098648E-06
  1.60291108386E-06
  1.47074501911E-06
  1.32914112783E-06
  1.17902015973E-06
  1.02135925317E-06
  8.57183863445E-07
  6.87560884671E-07
  5.13590862283E-07
  3.36400376000E-07
  1.57133442258E-07
 -2.30558718783E-08
 -2.03012277211E-07
 -3.81586914955E-07
 -5.57645535082E-07
 -7.30076465061E-07
 -8.97798202004E-07
 -1.05976653231E-06
 -1.21498237604E-06
 -1.36249786920E-06
 -1.50142227540E-06
 -1.63092988714E-06
 -1.75026252691E-06
 -1.85873648206E-06
 -1.95574648387E-06
 -2.04076786758E-06
 -2.11336168832E-06
 -2.17317665374E-06
 -2.21994855565E-06
 -2.25350527217E-06
 -2.27376403927E-06
 -2.28073258768E-06
 -2.27450800594E-06
 -2.25527537623E-06
 -2.22330459110E-06
 -2.17894967136E-06
 -2.12264330912E-06
 -2.05489391192E-06
 -1.97628060050E-06
 -1.88744945717E-06
 -1.78910693194E-06
 -1.68201438555E-06
 -1.56698263254E-06
 -1.44486477893E-06
 -1.31655031055E-06
 -1.18295690754E-06
 -1.04502532849E-06
 -9.03711111278E-07
 -7.59977865528E-07
 -6.14790280906E-07
 -4.69107078516E-07
 -3.23874274955E-07
 -1.80018744800E-07
 -3.84414811094E-08
  9.99881706321E-08
  2.34438388702E-07
  3.64120211316E-07
  4.88292414502E-07
  6.06266269187E-07
  7.17409193385E-07
  8.21148660179E-07
  9.16975011478E-07
  1.00444390227E-06
  1.08317829017E-06
  1.15287014069E-06
  1.21328025671E-06
  1.26424004065E-06
  1.30564990286E-06
  1.33747903419E-06
  1.35976392812E-06
  1.37260701649E-06
  1.37617382734E-06
  1.37069037009E-06
  1.35644029342E-06
  1.33376101985E-06
  1.30304090362E-06
  1.26471331896E-06
  1.21925381791E-06
  1.16717524179E-06
  1.10902215056E-06
  1.04536752588E-06
  9.76806290964E-07
  9.03950649445E-07
  8.27425992611E-07
  7.47865215089E-07
  6.65903712616E-07
  5.82175516683E-07
  4.97307951264E-07
  4.11917682186E-07
  3.26606397039E-07
  2.41957167191E-07
  1.58530866656E-07
  7.68626478020E-08
 -2.54084242535E-09
 -7.92040424358E-08
 -1.52684933141E-07
 -2.22576787223E-07
 -2.88509937718E-07
 -3.50152930650E-07
 -4.07213406106E-07
 -4.59438751932E-07
 -5.06616231633E-07
 -5.48573041215E-07
 -5.85175826018E-07
 -6.16329941749E-07
 -6.41979056581E-07
 -6.62103218474E-07
 -6.76718116210E-07
 -6.85873430939E-07
 -6.89650846653E-07
 -6.88162572260E-07
 -6.81548783632E-07
 -6.69976543577E-07
 -6.53636902825E-07
 -6.32742512607E-07
 -6.07526715157E-07
 -5.78239735205E-07
 -5.45147827324E-07
 -5.08530433763E-07
 -4.68678365451E-07
 -4.25891812483E-07
 -3.80478240913E-07
 -3.32750744292E-07
 -2.83026309944E-07
 -2.31624014191E-07
 -1.78863587053E-07
 -1.25063962741E-07
 -7.05420148961E-08
 -1.56111497063E-08
  3.94196426612E-08
  9.42469711163E-08
  1.48573889192E-07
  2.02110967962E-07
  2.54576832504E-07
  3.05699245473E-07
  3.55215576064E-07
  4.02873524763E-07
  4.48431990208E-07
  4.91661410251E-07
  5.32344472504E-07
  5.70276597500E-07
  6.05266961884E-07
  6.37138612092E-07
  6.65729317006E-07
  6.90892136390E-07
  7.12496159849E-07
  7.30426904738E-07
  7.44587396184E-07
  7.54897996558E-07
  7.61298281304E-07
  7.63746413668E-07
  7.62220622619E-07
  7.56719146011E-07
  7.47261310607E-07
  7.33887702609E-07
  7.16660395028E-07
  6.95663686656E-07
  6.71003931529E-07
  6.42809936835E-07
  6.11232565007E-07
  5.76445017941E-07
  5.38641927506E-07
  4.98039639751E-07
  4.54874765410E-07
  4.09403867252E-07
  3.61902181112E-07
  3.12662422175E-07
  2.61993562845E-07
  2.10218829011E-07
  1.57674278967E-07
  1.04706586512E-07
  5.16708666964E-08
 -1.07154662921E-09
 -5.31557091676E-08
 -1.04215665431E-07
 -1.53887143028E-07
 -2.01810550493E-07
 -2.47633749950E-07
 -2.91015084031E-07
 -3.31626495154E-07
 -3.69156396118E-07
 -4.03312554909E-07
 -4.33825135815E-07
 -4.60449427919E-07
 -4.82968459892E-07
 -5.01195529523E-07
 -5.14976420618E-07
 -5.24191648310E-07
 -5.28758107521E-07
 -5.28630550889E-07
 -5.23803180386E-07
 -5.14309931532E-07
 -5.00225553424E-07
 -4.81665551888E-07
 -4.58785962110E-07
 -4.31783149679E-07
 -4.00892162133E-07
 -3.66385904726E-07
 -3.28573179331E-07
 -2.87796410703E-07
 -2.44429600116E-07
 -1.98874801072E-07
 -1.51559447659E-07
 -1.02932531831E-07
 -5.34610187231E-08
 -3.62558028044E-09
  4.60835423155E-08
  9.51709893116E-08
  1.43140894693E-07
  1.89501548675E-07
  2.33770180103E-07
  2.75477503919E-07
  3.14172581284E-07
  3.49427324409E-07
  3.80840987191E-07
  4.08044229516E-07
  4.30703323673E-07
  4.48523877594E-07
  4.61254131778E-07
  4.68687971988E-07
  4.70667657737E-07
  4.67086067601E-07
  4.57888290839E-07
  4.43073020051E-07
  4.22693261726E-07
  3.96856364659E-07
  3.65724162066E-07
  3.29511749442E-07
  2.88486063482E-07
  2.42964404151E-07
  1.93311620933E-07
  1.39937398558E-07
  8.32927753436E-08
  2.38663773189E-08
 -3.78198414808E-08
 -1.01215192672E-07
 -1.65745206004E-07
 -2.30816837643E-07
 -2.95823980423E-07
 -3.60152995427E-07
 -4.23188737386E-07
 -4.84319969019E-07
 -5.42945656434E-07
 -5.98480426106E-07
 -6.50360561849E-07
 -6.98049404946E-07
 -7.41042470054E-07
 -7.78873072704E-07
 -8.11116478872E-07
 -8.37394622977E-07
 -8.57380030084E-07
 -8.70798885444E-07
 -8.77434558788E-07
 -8.77129934906E-07
 -8.69789062108E-07
 -8.55378857523E-07
 -8.33929448163E-07
 -8.05534455139E-07
 -7.70350936818E-07
 -7.28597569832E-07
 -6.80553569055E-07
 -6.26556072802E-07
 -5.66997641727E-07
 -5.02322848206E-07
 -4.33024126778E-07
 -3.59637937208E-07
 -2.82739677004E-07
 -2.02938835514E-07
 -1.20873366427E-07
 -3.72041064622E-08
  4.73911789811E-08
  1.32223902938E-07
  2.16600810177E-07
  2.99830276163E-07
  3.81228431934E-07
  4.60125392010E-07
  5.35871095053E-07
  6.07841400324E-07
  6.75443288856E-07
  7.38120661481E-07
  7.95358403138E-07
  8.46687726153E-07
  8.91689751370E-07
  9.29999430355E-07
  9.61308273872E-07
  9.85367250905E-07
  1.00198872133E-06
  1.01104728856E-06
  1.01248167539E-06
  1.00629461031E-06
  9.92551576928E-07
  9.71381382442E-07
  9.42973883866E-07
  9.07577998532E-07
  8.65499259817E-07
  8.17097031813E-07
  7.62780700825E-07
  7.03005980540E-07
  6.38270307718E-07
  5.69108806303E-07
  4.96088944146E-07
  4.19805189722E-07
  3.40874265703E-07
  2.59929095137E-07
  1.77613671326E-07
  9.45771319039E-08
  1.14682370267E-08
 -7.10699339379E-08
 -1.52405633003E-07
 -2.31923465321E-07
 -3.09029530854E-07
 -3.83156105954E-07
 -4.53766006103E-07
 -5.20356877587E-07
 -5.82464565468E-07
 -6.39667007363E-07
 -6.91586819812E-07
 -7.37893401492E-07
 -7.78305889071E-07
 -8.12593611954E-07
 -8.40578195493E-07
 -8.62133333612E-07
 -8.77185527770E-07
 -8.85713347998E-07
 -8.87746864464E-07
 -8.83366510607E-07
 -8.72701093613E-07
 -8.55926430177E-07
 -8.33262333799E-07
 -8.04970227364E-07
 -7.71350300965E-07
 -7.32737589715E-07
 -6.89499586315E-07
 -6.42031466214E-07
 -5.90752790686E-07
 -5.36103584636E-07
 -4.78539959659E-07
 -4.18530589741E-07
 -3.56552078529E-07
 -2.93085321346E-07
 -2.28611327202E-07
 -1.63607410286E-07
 -9.85436372503E-08
 -3.38789760690E-08
  2.99418054794E-08
  9.24914687062E-08
  1.53363089339E-07
  2.12172793113E-07
  2.68562132533E-07
  3.22200094161E-07
  3.72785109448E-07
  4.20046291083E-07
  4.63744868284E-07
  5.03675039454E-07
  5.39664597454E-07
  5.71575071717E-07
  5.99302097726E-07
  6.22774848580E-07
  6.41955523406E-07
  6.56839233670E-07
  6.67451786285E-07
  6.73849854138E-07
  6.76118588672E-07
  6.74370255638E-07
  6.68743098231E-07
  6.59398494918E-07
  6.46519765723E-07
  6.30309614280E-07
  6.10988138305E-07
  5.88790840084E-07
  5.63965841138E-07
  5.36772461146E-07
  5.07477864176E-07
  4.76355808132E-07
  4.43684058382E-07
  4.09742142438E-07
  3.74809388859E-07
  3.39163051422E-07
  3.03076319597E-07
  2.66816357453E-07
  2.30642896781E-07
  1.94806446530E-07
  1.59546885925E-07
  1.25092157077E-07
  9.16570499498E-08
  5.94421010192E-08
  2.86326518051E-08
 -6.01937999445E-10
 -2.81090315468E-08
 -5.37532258704E-08
 -7.74168356088E-08
 -9.90001751688E-08
 -1.18421731088E-07
 -1.35618392960E-07
 -1.50545147903E-07
 -1.63175300827E-07
 -1.73499913103E-07
 -1.81527724408E-07
 -1.87284584285E-07
 -1.90813011613E-07
 -1.92171640379E-07
 -1.91434452290E-07
 -1.88690236769E-07
 -1.84041596185E-07
 -1.77604164264E-07
 -1.69505796066E-07
 -1.59885431117E-07
 -1.48892212337E-07
 -1.36684320751E-07
 -1.23427980725E-07
 -1.09296252049E-07
 -9.44679072745E-08
 -7.91262024791E-08
 -6.34576977632E-08
 -4.76509960379E-08
 -3.18955137857E-08
 -1.63802038600E-08
 -1.29233923563E-09
  1.31837802897E-08
  2.68680580007E-08
  3.95858243962E-08
  5.11690885219E-08
  6.14576407543E-08
  7.03003166791E-08
  7.75559882982E-08
  8.30947399777E-08
  8.67987992592E-08
  8.85635103032E-08
  8.82982220674E-08
  8.59270770093E-08
  8.13897571561E-08
  7.46421022768E-08
  6.56566285784E-08
  5.44230154276E-08
  4.09483931207E-08
  2.52575862447E-08
  7.39323358090E-09
 -1.25842722909E-08
 -3.45968800275E-08
 -5.85491406468E-08
 -8.43286258601E-08
 -1.11806386371E-07
 -1.40837613571E-07
 -1.71262414028E-07
 -2.02906619506E-07
 -2.35582930941E-07
 -2.69091685823E-07
 -3.03222606135E-07
 -3.37755551527E-07
 -3.72462125142E-07
 -4.07107336287E-07
 -4.41450964672E-07
 -4.75249152032E-07
 -5.08256050580E-07
 -5.40225585155E-07
 -5.70913243791E-07
 -6.00077669333E-07
 -6.27482506843E-07
 -6.52898108910E-07
 -6.76103070418E-07
 -6.96886274909E-07
 -7.15047917765E-07
 -7.30401666260E-07
 -7.42775625895E-07
 -7.52014102545E-07
 -7.57978682486E-07
 -7.60549312417E-07
 -7.59625322644E-07
 -7.55126791319E-07
 -7.46994601286E-07
 -7.35191861168E-07
 -7.19703450613E-07
 -7.00537270859E-07
 -6.77723846820E-07
 -6.51316611311E-07
 -6.21391450295E-07
 -5.88046759731E-07
 -5.51402877136E-07
 -5.11601115250E-07
 -4.68803733611E-07
 -4.23192290100E-07
 -3.74966958816E-07
 -3.24345563740E-07
 -2.71561816589E-07
 -2.16864307845E-07
 -1.60514844083E-07
 -1.02786863465E-07
 -4.39639293859E-08
  1.56621418057E-08
  7.57929825568E-08
  1.36125521522E-07
  1.96353738602E-07
  2.56170636703E-07
  3.15269971907E-07
  3.73348200355E-07
  4.30106155136E-07
  4.85251064219E-07
  5.38497943126E-07
  5.89571698129E-07
  6.38208348391E-07
  6.84156589159E-07
  7.27179838123E-07
  7.67056462792E-07
  8.03582111075E-07
  8.36570507090E-07
  8.65854019594E-07
  8.91285310445E-07
  9.12737391445E-07
  9.30105159114E-07
  9.43304826251E-07
  9.52275343025E-07
  9.56978283284E-07
  9.57397560342E-07
  9.53540279625E-07
  9.45435715494E-07
  9.33135993364E-07
  9.16714952837E-07
  8.96268034012E-07
  8.71911595368E-07
  8.43782174798E-07
  8.12035750641E-07
  7.76846832196E-07
  7.38407038625E-07
  6.96924644217E-07
  6.52622986763E-07
  6.05738932791E-07
  5.56522252282E-07
  5.05233572312E-07
  4.52143240182E-07
  3.97529532847E-07
  3.41677463211E-07
  2.84876847445E-07
  2.27420898113E-07
  1.69604518874E-07
  1.11722705753E-07
  5.40688134265E-08
 -3.06701841701E-09
 -5.93994506914E-08
 -1.14649594707E-07
 -1.68546520740E-07
 -2.20828795250E-07
 -2.71245966132E-07
 -3.19559916306E-07
 -3.65546327430E-07
 -4.08995646239E-07
 -4.49714576689E-07
 -4.87527017867E-07
 -5.22275115600E-07
 -5.53819916149E-07
 -5.82042503083E-07
 -6.06844366757E-07
 -6.28147859061E-07
 -6.45896932383E-07
 -6.60057196455E-07
 -6.70615634135E-07
 -6.77581510899E-07
 -6.80985351664E-07
 -6.80878883941E-07
 -6.77334867305E-07
 -6.70446183904E-07
 -6.60325326862E-07
 -6.47103036044E-07
 -6.30928127521E-07
 -6.11965617736E-07
 -5.90395757172E-07
 -5.66413007164E-07
 -5.40223652479E-07
 -5.12045460255E-07
 -4.82104894672E-07
 -4.50636122196E-07
 -4.17878936787E-07
 -3.84077111448E-07
 -3.49476351857E-07
 -3.14322534223E-07
 -2.78859886294E-07
 -2.43328940996E-07
 -2.07964887977E-07
 -1.72995768821E-07
 -1.38640700698E-07
 -1.05108171056E-07
 -7.25946875946E-08
 -4.12831013819E-08
 -1.13414744263E-08
  1.70782215037E-08
  4.38411227321E-08
  6.88303458674E-08
  9.19477116668E-08
  1.13114339229E-07
  1.32270898234E-07
  1.49377925140E-07
  1.64415752124E-07
  1.77384293920E-07
  1.88302649917E-07
  1.97208692043E-07
  2.04157998951E-07
  2.09223316006E-07
  2.12493105778E-07
  2.14070553284E-07
  2.14072031213E-07
  2.12625593576E-07
  2.09869440937E-07
  2.05950001941E-07
  2.01020313284E-07
  1.95237973344E-07
  1.88763280562E-07
  1.81757386031E-07
  1.74380076601E-07
  1.66788211686E-07
  1.59133648481E-07
  1.51561309281E-07
  1.44207731978E-07
  1.37199208439E-07
  1.30650462893E-07
  1.24663174006E-07
  1.19324738534E-07
  1.14707404464E-07
  1.10867276248E-07
  1.07843796116E-07
  1.05659168526E-07
  1.04318289118E-07
  1.03808631025E-07
  1.04100493559E-07
  1.05147464069E-07
  1.06887036111E-07
  1.09241476309E-07
  1.12118932805E-07
  1.15414636070E-07
  1.19012341315E-07
  1.22786005363E-07
  1.26601406691E-07
  1.30318156266E-07
  1.33791544954E-07
  1.36874703571E-07
  1.39420720302E-07
  1.41284715482E-07
  1.42326072705E-07
  1.42410570447E-07
  1.41412485277E-07
  1.39216666639E-07
  1.35720327421E-07
  1.30835076106E-07
  1.24488380493E-07
  1.16625194835E-07
  1.07209217504E-07
  9.62240278568E-08
  8.36739957322E-08
  6.95848214605E-08
  5.40040225872E-08
  3.70009907158E-08
  1.86669382174E-08
 -8.85571393994E-10
 -2.15232649481E-08
 -4.30931486051E-08
 -6.54236487208E-08
 -8.83260895534E-08
 -1.11596428098E-07
 -1.35017089065E-07
 -1.58359171110E-07
 -1.81384720577E-07
 -2.03849197078E-07
 -2.25504024343E-07
 -2.46099460810E-07
 -2.65387200216E-07
 -2.83123398503E-07
 -2.99071416521E-07
 -3.13004619557E-07
 -3.24709390043E-07
 -3.33987600243E-07
 -3.40659454423E-07
 -3.44565734167E-07
 -3.45570271065E-07
 -3.43561907812E-07
 -3.38456544569E-07
 -3.30198503207E-07
 -3.18762175766E-07
 -3.04152678154E-07
 -2.86407043859E-07
 -2.65594195525E-07
 -2.41815456548E-07
 -2.15203940002E-07
 -1.85924037055E-07
 -1.54170606947E-07
 -1.20167598539E-07
 -8.41664373752E-08
 -4.64441320958E-08
 -7.30104865454E-09
  3.29415890121E-08
  7.39444629971E-08
  1.15353167018E-07
  1.56801363005E-07
  1.97914175715E-07
  2.38311727685E-07
  2.77612713262E-07
  3.15438057896E-07
  3.51414740862E-07
  3.85179362183E-07
  4.16382079038E-07
  4.44689788992E-07
  4.69789881663E-07
  4.91393564062E-07
  5.09238702762E-07
  5.23093206084E-07
  5.32756985194E-07
  5.38065023648E-07
  5.38888855317E-07
  5.35138440227E-07
  5.26763642483E-07
  5.13755026077E-07
  4.96144650697E-07
  4.74005872775E-07
  4.47453459174E-07
  4.16642990331E-07
  3.81769609703E-07
  3.43066886899E-07
  3.00804941844E-07
  2.55288227891E-07
  2.06853215445E-07
  1.55865464535E-07
  1.02716626316E-07
  4.78210466781E-08
 -8.38784330881E-09
 -6.54612506423E-08
 -1.22938999425E-07
 -1.80353595169E-07
 -2.37234488054E-07
 -2.93112009331E-07
 -3.47521961430E-07
 -4.00009355417E-07
 -4.50132858987E-07
 -4.97468704452E-07
 -5.41614269878E-07
 -5.82192058118E-07
 -6.18852823209E-07
 -6.51278924124E-07
 -6.79187110109E-07
 -7.02330908098E-07
 -7.20503180673E-07
 -7.33537433462E-07
 -7.41310145713E-07
 -7.43740770304E-07
 -7.40793211662E-07
 -7.32475882614E-07
 -7.18841477010E-07
 -6.99986571817E-07
 -6.76050433412E-07
 -6.47214278615E-07
 -6.13698887264E-07
 -5.75763294819E-07
 -5.33701609129E-07
 -4.87841134600E-07
 -4.38538904746E-07
 -3.86178726330E-07
 -3.31167598233E-07
 -2.73932300843E-07
 -2.14915473862E-07
 -1.54571708322E-07
 -9.33637949174E-08
 -3.17585815424E-08
  2.97770217372E-08
  9.07798849425E-08
  1.50794733145E-07
  2.09377759575E-07
  2.66100357749E-07
  3.20552686617E-07
  3.72346676158E-07
  4.21119437988E-07
  4.66535880150E-07
  5.08291066126E-07
  5.46112858046E-07
  5.79763366204E-07
  6.09041080679E-07
  6.33781610304E-07
  6.53858762689E-07
  6.69185453717E-07
  6.79713593854E-07
  6.85433860781E-07
  6.86375869918E-07
  6.82606753344E-07
  6.74230307141E-07
  6.61385854528E-07
  6.44246313186E-07
  6.23016319423E-07
  5.97930238655E-07
  5.69249550608E-07
  5.37260518740E-07
  5.02271404912E-07
  4.64609399842E-07
  4.24617894623E-07
  3.82653411179E-07
  3.39082276923E-07
  2.94277668900E-07
  2.48616572662E-07
  2.02476300615E-07
  1.56231806159E-07
  1.10252500463E-07
  6.48994102903E-08
  2.05224903738E-08
 -2.25421139533E-08
 -6.39743760189E-08
 -1.03472793000E-07
 -1.40756370115E-07
 -1.75566526650E-07
 -2.07668776397E-07
 -2.36854106106E-07
 -2.62940204721E-07
 -2.85772614461E-07
 -3.05225086095E-07
 -3.21200388953E-07
 -3.33630424620E-07
 -3.42476511150E-07
 -3.47728814631E-07
 -3.49406235500E-07
 -3.47555697999E-07
 -3.42251354368E-07
 -3.33593675350E-07
 -3.21708256479E-07
 -3.06744226464E-07
 -2.88873280851E-07
 -2.68287664085E-07
 -2.45198663151E-07
 -2.19834717541E-07
 -1.92439472357E-07
 -1.63269987752E-07
 -1.32594436764E-07
 -1.00690250804E-07
 -6.78419453948E-08
 -3.43389956470E-08
 -4.73782735266E-10
  3.34605658736E-08
  6.71721522849E-08
  1.00372432144E-07
  1.32778083639E-07
  1.64112904599E-07
  1.94109858853E-07
  2.22512468895E-07
  2.49076748560E-07
  2.73572851484E-07
  2.95786065863E-07
  3.15518832394E-07
  3.32591241659E-07
  3.46842853105E-07
  3.58133235068E-07
  3.66342959524E-07
  3.71374341057E-07
  3.73151976873E-07
  3.71623372075E-07
  3.66759053350E-07
  3.58552910029E-07
  3.47022165670E-07
  3.32207321208E-07
  3.14171899163E-07
  2.93002244689E-07
  2.68806815029E-07
  2.41715667926E-07
  2.11879722656E-07
  1.79469807904E-07
  1.44675780689E-07
  1.07705325547E-07
  6.87827181878E-08
  2.81475500685E-08
 -1.39467584148E-08
 -5.72344660554E-08
 -1.01439155742E-07
 -1.46275368706E-07
 -1.91450467923E-07
 -2.36666437559E-07
 -2.81621709064E-07
 -3.26013235963E-07
 -3.69538241785E-07
 -4.11896479591E-07
 -4.52791908856E-07
 -4.91935054470E-07
 -5.29044655195E-07
 -5.63849596347E-07
 -5.96091240368E-07
 -6.25524762654E-07
 -6.51921368444E-07
 -6.75069543377E-07
 -6.94777099852E-07
 -7.10872313903E-07
 -7.23205687336E-07
 -7.31650686703E-07
 -7.36105391752E-07
 -7.36493007025E-07
 -7.32763226097E-07
 -7.24891776827E-07
 -7.12882126663E-07
 -6.96764971053E-07
 -6.76598403970E-07
 -6.52468145290E-07
 -6.24486233392E-07
 -5.92791934650E-07
 -5.57549924451E-07
 -5.18949434536E-07
 -4.77203968785E-07
 -4.32548915796E-07
 -3.85240809919E-07
 -3.35555370157E-07
 -2.83785823285E-07
 -2.30240843280E-07
 -1.75242519163E-07
 -1.19124131004E-07
 -6.22278761853E-08
 -4.90237184181E-09
  5.24996757179E-08
  1.09624103573E-07
  1.66117743561E-07
  2.21631040631E-07
  2.75820553952E-07
  3.28351347889E-07
  3.78899727593E-07
  4.27155384841E-07
  4.72823614928E-07
  5.15627732511E-07
  5.55310919026E-07
  5.91638183778E-07
  6.24397955562E-07
  6.53403674278E-07
  6.78495439388E-07
  6.99540692040E-07
  7.16435238246E-07
  7.29104101538E-07
  7.37501807180E-07
  7.41612950605E-07
  7.41451458453E-07
  7.37061270684E-07
  7.28515260562E-07
  7.15914381999E-07
  6.99387442182E-07
  6.79089112054E-07
  6.55199244193E-07
  6.27921053820E-07
  5.97479072439E-07
  5.64117897284E-07
  5.28099576513E-07
  4.89702074447E-07
  4.49216258858E-07
  4.06944053566E-07
  3.63195908903E-07
  3.18288272183E-07
  2.72541086588E-07
  2.26275531645E-07
  1.79811223688E-07
  1.33464013174E-07
  8.75435759440E-08
  4.23510968517E-08
 -1.82283899086E-09
 -4.47003287718E-08
 -8.60180549012E-08
 -1.25529041384E-07
 -1.63004315823E-07
 -1.98234189952E-07
 -2.31029616771E-07
 -2.61223163989E-07
 -2.88669923521E-07
 -3.13247966233E-07
 -3.34859095119E-07
 -3.53428617927E-07
 -3.68905745063E-07
 -3.81263305371E-07
 -3.90497149283E-07
 -3.96626063548E-07
 -3.99690406994E-07
 -3.99751826308E-07
 -3.96891664423E-07
 -3.91210221551E-07
 -3.82825106726E-07
 -3.71869930405E-07
 -3.58492883379E-07
 -3.42854889368E-07
 -3.25128212353E-07
 -3.05494694430E-07
 -2.84143766294E-07
 -2.61271111412E-07
 -2.37076790199E-07
 -2.11763421021E-07
 -1.85534730690E-07
 -1.58593763899E-07
 -1.31141575821E-07
 -1.03375541016E-07
 -7.54881739340E-08
 -4.76657717741E-08
 -2.00873451206E-08
  7.07651803822E-09
  3.36644490062E-08
  5.95251954394E-08
  8.45181986620E-08
  1.08514207398E-07
  1.31395594849E-07
  1.53056731733E-07
  1.73404075099E-07
  1.92356282014E-07
  2.09844145616E-07
  2.25810282473E-07
  2.40209146796E-07
  2.53006419371E-07
  2.64178709131E-07
  2.73712970511E-07
  2.81606162389E-07
  2.87864423854E-07
  2.92502335242E-07
  2.95542690765E-07
  2.97015276374E-07
  2.96956585544E-07
  2.95408966622E-07
  2.92419741754E-07
  2.88040894247E-07
  2.82328187495E-07
  2.75340511280E-07
  2.67139597554E-07
  2.57788997260E-07
  2.47353995064E-07
  2.35900984080E-07
  2.23497082175E-07
  2.10209691431E-07
  1.96106341832E-07
  1.81254364406E-07
  1.65720607015E-07
  1.49571377506E-07
  1.32872230552E-07
  1.15688010283E-07
  9.80825376473E-08
  8.01188591026E-08
  6.18590689783E-08
  4.33643947417E-08
  2.46951916694E-08
  5.91098636704E-09
 -1.29294592810E-08
 -3.17681383422E-08
 -5.05477864010E-08
 -6.92118007350E-08
 -8.77042651837E-08
 -1.05969988340E-07
 -1.23954492892E-07
 -1.41604047599E-07
 -1.58865788080E-07
 -1.75687830506E-07
 -1.92019328438E-07
 -2.07810600727E-07
 -2.23013415734E-07
 -2.37581090801E-07
 -2.51468662782E-07
 -2.64633229108E-07
 -2.77034047258E-07
 -2.88632833190E-07
 -2.99394002923E-07
 -3.09284928335E-07
 -3.18276107691E-07
 -3.26341421442E-07
 -3.33458302748E-07
 -3.39608050126E-07
 -3.44775827443E-07
 -3.48950806028E-07
 -3.52126392045E-07
 -3.54300169647E-07
 -3.55473929403E-07
 -3.55653725137E-07
 -3.54849703399E-07
 -3.53076103465E-07
 -3.50350916278E-07
 -3.46696026554E-07
 -3.42136615927E-07
 -3.36701049264E-07
 -3.30420533601E-07
 -3.23328748664E-07
 -3.15461619493E-07
 -3.06856577481E-07
 -2.97552531947E-07
 -2.87589045911E-07
 -2.77006051874E-07
 -2.65843652869E-07
 -2.54141241385E-07
 -2.41937243572E-07
 -2.29268820817E-07
 -2.16171457623E-07
 -2.02678364758E-07
 -1.88820564517E-07
 -1.74626251237E-07
 -1.60120805504E-07
 -1.45326580991E-07
 -1.30262819198E-07
 -1.14945599705E-07
 -9.93878614963E-08
 -8.35995379589E-08
 -6.75877274148E-08
 -5.13569098359E-08
 -3.49092701413E-08
 -1.82450783370E-08
 -1.36309419307E-09
  1.57389266064E-08
  3.30636957813E-08
  5.06138455592E-08
  6.83912588784E-08
  8.63964686459E-08
  1.04628021802E-07
  1.23081719039E-07
  1.41750021498E-07
  1.60621439704E-07
  1.79679773282E-07
  1.98903606474E-07
  2.18265725493E-07
  2.37732663777E-07
  2.57264218817E-07
  2.76813011624E-07
  2.96324515148E-07
  3.15736400580E-07
  3.34978921046E-07
  3.53974655809E-07
  3.72638680801E-07
  3.90878938106E-07
  4.08596292800E-07
  4.25685442451E-07
  4.42035172910E-07
  4.57529239384E-07
  4.72047105404E-07
  4.85464852318E-07
  4.97656230891E-07
  5.08493883444E-07
  5.17850310189E-07
  5.25599546108E-07
  5.31617786237E-07
  5.35785375178E-07
  5.37988285032E-07
  5.38118683835E-07
  5.36077493507E-07
  5.31774958290E-07
  5.25132179519E-07
  5.16082764079E-07
  5.04573790749E-07
  4.90566947065E-07
  4.74039836718E-07
  4.54986690102E-07
  4.33419359069E-07
  4.09367999055E-07
  3.82881552241E-07
  3.54028117044E-07
  3.22895203908E-07
  2.89589678459E-07
  2.54237733088E-07
  2.16984403778E-07
  1.77993072725E-07
  1.37444729376E-07
  9.55370325073E-08
  5.24832159954E-08
  8.51077164299E-09
 -3.61399976612E-08
 -8.12175997567E-08
 -1.26461102923E-07
 -1.71602124510E-07
 -2.16366686345E-07
 -2.60477520442E-07
 -3.03656207734E-07
 -3.45625267073E-07
 -3.86110713180E-07
 -4.24844188274E-07
 -4.61565491605E-07
 -4.96024654240E-07
 -5.27984127530E-07
 -5.57221198960E-07
 -5.83529867981E-07
 -6.06722949215E-07
 -6.26633777756E-07
 -6.43117743948E-07
 -6.56054112369E-07
 -6.65347045015E-07
 -6.70926738167E-07
 -6.72750616104E-07
 -6.70803046887E-07
 -6.65096877128E-07
 -6.55673204619E-07
 -6.42600639367E-07
 -6.25975815183E-07
 -6.05922309660E-07
 -5.82590018894E-07
 -5.56153850084E-07
 -5.26812755197E-07
 -4.94787627758E-07
 -4.60320165985E-07
 -4.23670513783E-07
 -3.85115356494E-07
 -3.44945334518E-07
 -3.03463053797E-07
 -2.60980357325E-07
 -2.17815539827E-07
 -1.74290832433E-07
 -1.30729702619E-07
 -8.74540262430E-08
 -4.47813555127E-08
 -3.02226466076E-09
  3.75223336846E-08
  7.65637508948E-08
  1.13827859138E-07
  1.49057555632E-07
  1.82014815664E-07
  2.12482618167E-07
  2.40266842866E-07
  2.65197797944E-07
  2.87131456389E-07
  3.05950663915E-07
  3.21566062667E-07
  3.33916545969E-07
  3.42969514122E-07
  3.48721215460E-07
  3.51196320025E-07
  3.50447635356E-07
  3.46555253827E-07
  3.39625557899E-07
  3.29790339038E-07
  3.17204921885E-07
  3.02046970546E-07
  2.84514271698E-07
  2.64823114549E-07
  2.43205818151E-07
  2.19908628196E-07
  1.95189315377E-07
  1.69314503751E-07
  1.42557496474E-07
  1.15195227579E-07
  8.75060734984E-08
  5.97670180014E-08
  3.22512434536E-08
  5.22555954063E-09
 -2.10519335297E-08
 -4.63341578438E-08
 -7.03872444774E-08
 -9.29925008109E-08
 -1.13948274816E-07
 -1.33071679898E-07
 -1.50199994664E-07
 -1.65191877954E-07
 -1.77928583867E-07
 -1.88314629668E-07
 -1.96278421072E-07
 -2.01772650144E-07
 -2.04774295298E-07
 -2.05284720778E-07
 -2.03329037163E-07
 -1.98955817154E-07
 -1.92236115026E-07
 -1.83262571340E-07
 -1.72148205024E-07
 -1.59025034918E-07
 -1.44042630268E-07
 -1.27366348579E-07
 -1.09175637419E-07
 -8.96620306889E-08
 -6.90272372594E-08
 -4.74810057938E-08
 -2.52391725297E-08
 -2.52130383238E-09
  2.04512335955E-08
  4.34574971564E-08
  6.62790142769E-08
  8.87018103413E-08
  1.10518378449E-07
  1.31529475311E-07
  1.51545918925E-07
  1.70390237031E-07
  1.87897938986E-07
  2.03919199748E-07
  2.18319655687E-07
  2.30981626714E-07
  2.41804883672E-07
  2.50707245186E-07
  2.57625089262E-07
  2.62513481175E-07
  2.65346386641E-07
  2.66116529701E-07
  2.64835165353E-07
  2.61531340584E-07
  2.56251723840E-07
  2.49059354474E-07
  2.40033159571E-07
  2.29266490237E-07
  2.16866197889E-07
  2.02951270012E-07
  1.87651451711E-07
  1.71105796198E-07
  1.53461101604E-07
  1.34870433044E-07
  1.15491467056E-07
  9.54849213031E-08
  7.50128847926E-08
  5.42373719270E-08
  3.33186562784E-08
  1.24138299640E-08
 -8.32463165068E-09
 -2.87502377461E-08
 -4.87237308278E-08
 -6.81142822145E-08
 -8.68005045618E-08
 -1.04671435963E-07
 -1.21627309113E-07
 -1.37580329351E-07
 -1.52455058355E-07
 -1.66189039419E-07
 -1.78732861400E-07
 -1.90050414517E-07
 -2.00118876137E-07
 -2.08928511825E-07
 -2.16482504811E-07
 -2.22796415983E-07
 -2.27897714922E-07
 -2.31825225683E-07
 -2.34628274143E-07
 -2.36365934825E-07
 -2.37105965084E-07
 -2.36924023511E-07
 -2.35902376744E-07
 -2.34128933130E-07
 -2.31696020592E-07
 -2.28699164495E-07
 -2.25235950779E-07
 -2.21404775402E-07
 -2.17303565364E-07
 -2.13028769736E-07
 -2.08674023838E-07
 -2.04329055009E-07
 -2.00078730472E-07
 -1.96001892050E-07
 -1.92170602986E-07
 -1.88649138977E-07
 -1.85493220783E-07
 -1.82749516853E-07
 -1.80454847509E-07
 -1.78635843895E-07
 -1.77308535854E-07
 -1.76478110347E-07
 -1.76138854613E-07
 -1.76273900365E-07
 -1.76855635914E-07
 -1.77845635108E-07
 -1.79195097871E-07
 -1.80845290743E-07
 -1.82727973197E-07
 -1.84766150824E-07
 -1.86874700603E-07
 -1.88961152503E-07
 -1.90926670030E-07
 -1.92666988141E-07
 -1.94073379589E-07
 -1.95033749151E-07
 -1.95433798922E-07
 -1.95158193605E-07
 -1.94091725803E-07
 -1.92120452880E-07
 -1.89133018580E-07
 -1.85021875154E-07
 -1.79684320756E-07
