  5.88846305050E-08
  5.04518240518E-08
  4.17529300023E-08
  3.28040528075E-08
  2.36223449690E-08
  1.42259555247E-08
  4.63399185691E-09
 -5.13357489851E-09
 -1.50559618106E-08
 -2.51116478722E-08
 -3.52784468305E-08
 -4.55336000016E-08
 -5.58538282291E-08
 -6.62154278075E-08
 -7.65943681813E-08
 -8.69663381309E-08
 -9.73068594590E-08
 -1.07591354492E-07
 -1.17795238452E-07
 -1.27893997615E-07
 -1.37863267469E-07
 -1.47678932194E-07
 -1.57317145977E-07
 -1.66754517750E-07
 -1.75967983296E-07
 -1.84935203151E-07
 -1.93634249968E-07
 -2.02043992203E-07
 -2.10143895174E-07
 -2.17914390532E-07
 -2.25336577842E-07
 -2.32392494581E-07
 -2.39065172991E-07
 -2.45338554805E-07
 -2.51197661782E-07
 -2.56628482020E-07
 -2.61618168906E-07
 -2.66155012696E-07
 -2.70228383670E-07
 -2.73828788977E-07
 -2.76947986322E-07
 -2.79578870277E-07
 -2.81715557549E-07
 -2.83353358554E-07
 -2.84488720581E-07
 -2.85119512000E-07
 -2.85244539100E-07
 -2.84863887146E-07
 -2.83978948801E-07
 -2.82592083067E-07
 -2.80706984768E-07
 -2.78328371905E-07
 -2.75462127775E-07
 -2.72115215694E-07
 -2.68295707428E-07
 -2.64012612661E-07
 -2.59276106362E-07
 -2.54097244579E-07
 -2.48488078114E-07
 -2.42461567268E-07
 -2.36031581835E-07
 -2.29212801628E-07
 -2.22020830165E-07
 -2.14471924664E-07
 -2.06583138151E-07
 -1.98372248406E-07
 -1.89857658484E-07
 -1.81058368298E-07
 -1.71994059883E-07
 -1.62684827387E-07
 -1.53151290760E-07
 -1.43414496279E-07
 -1.33495959176E-07
 -1.23417422060E-07
 -1.13201004126E-07
 -1.02869059049E-07
 -9.24441039274E-08
 -8.19488690240E-08
 -7.14061130225E-08
 -6.08386727663E-08
 -5.02693673354E-08
 -3.97209625191E-08
 -2.92161033144E-08
 -1.87772819515E-08
 -8.42675085266E-09
  1.81348780437E-09
  1.19217764549E-08
  2.18768310134E-08
  3.16578123716E-08
  4.12443377229E-08
  5.06165882541E-08
  5.97553082571E-08
  6.86418815121E-08
  7.72583987896E-08
  8.55876436390E-08
  9.36132309448E-08
  1.01319550083E-07
  1.08691850187E-07
  1.15716318305E-07
  1.22380058087E-07
  1.28671189259E-07
  1.34578741040E-07
  1.40092936363E-07
  1.45204936075E-07
  1.49907009472E-07
  1.54192619561E-07
  1.58056280952E-07
  1.61493687756E-07
  1.64501713584E-07
  1.67078340496E-07
  1.69222758473E-07
  1.70935336996E-07
  1.72217582417E-07
  1.73072209009E-07
  1.73503011069E-07
  1.73515005031E-07
  1.73114273139E-07
  1.72308006086E-07
  1.71104474589E-07
  1.69512986758E-07
  1.67543859675E-07
  1.65208433600E-07
  1.62518915658E-07
  1.59488450890E-07
  1.56131079621E-07
  1.52461581138E-07
  1.48495487906E-07
  1.44249128198E-07
  1.39739412930E-07
  1.34983807243E-07
  1.30000401555E-07
  1.24807755242E-07
  1.19424754530E-07
  1.13870733287E-07
  1.08165259860E-07
  1.02328129969E-07
  9.63793311826E-08
  9.03389008045E-08
  8.42269471946E-08
  7.80635076580E-08
  7.18685129186E-08
  6.56617658024E-08
  5.94627920236E-08
  5.32908437378E-08
  4.71648249345E-08
  4.11032061720E-08
  3.51239961560E-08
  2.92446742378E-08
  2.34821371237E-08
  1.78526384786E-08
  1.23717551759E-08
  7.05433444992E-09
  1.91443838560E-09
 -3.03466385354E-09
 -7.78057263062E-09
 -1.23117596118E-08
 -1.66176157279E-08
 -2.06884767096E-08
 -2.45156339673E-08
 -2.80913710071E-08
 -3.14089447784E-08
 -3.44626442939E-08
 -3.72477622079E-08
 -3.97606036984E-08
 -4.19984971245E-08
 -4.39597656055E-08
 -4.56437447838E-08
 -4.70507508510E-08
 -4.81820627840E-08
 -4.90399258979E-08
 -4.96274985551E-08
 -4.99488130856E-08
 -5.00087899979E-08
 -4.98131704774E-08
 -4.93684702008E-08
 -4.86819793366E-08
 -4.77616701744E-08
 -4.66161935719E-08
 -4.52548043484E-08
 -4.36873186516E-08
 -4.19240784311E-08
 -3.99758768310E-08
 -3.78539262158E-08
 -3.55697871157E-08
 -3.31353362526E-08
 -3.05626990382E-08
 -2.78642051654E-08
 -2.50523335410E-08
 -2.21396572186E-08
 -1.91388078719E-08
 -1.60624296086E-08
 -1.29231114698E-08
 -9.73337233034E-09
 -6.50560627591E-09
 -3.25204707607E-09
  1.52641441153E-11
  3.28451355003E-09
  6.54414256118E-09
  9.78286962550E-09
  1.29897230750E-08
  1.61540487653E-08
  1.92655313924E-08
  2.23142162525E-08
  2.52905092424E-08
  2.81851821882E-08
  3.09893906092E-08
  3.36946683888E-08
  3.62929384323E-08
  3.87764842458E-08
  4.11379978971E-08
  4.33705160674E-08
  4.54674591310E-08
  4.74225991809E-08
  4.92300813448E-08
  5.08843918112E-08
  5.23803613817E-08
  5.37131690237E-08
  5.48783063437E-08
  5.58716237720E-08
  5.66892843779E-08
  5.73277816329E-08
  5.77839500693E-08
  5.80549546214E-08
  5.81382870735E-08
  5.80318157972E-08
  5.77337502250E-08
  5.72426834822E-08
  5.65575781764E-08
  5.56778267935E-08
  5.46032339344E-08
  5.33340696052E-08
  5.18710585595E-08
  5.02154264836E-08
  4.83689319708E-08
  4.63338913903E-08
  4.41131859930E-08
  4.17103009909E-08
  3.91293717428E-08
  3.63751944121E-08
  3.34532508361E-08
  3.03697156312E-08
  2.71315148126E-08
  2.37463080310E-08
  2.02225223234E-08
  1.65693467835E-08
  1.27967565433E-08
  8.91549234439E-09
  4.93706941995E-09
  8.73755623410E-10
 -3.26143689833E-09
 -7.45478168085E-09
 -1.16918696946E-08
 -1.59576423187E-08
 -2.02364436319E-08
 -2.45120652664E-08
 -2.87678023625E-08
 -3.29865414983E-08
 -3.71507979935E-08
 -4.12428242669E-08
 -4.52446826671E-08
 -4.91383147505E-08
 -5.29056904952E-08
 -5.65288402754E-08
 -5.99900218390E-08
 -6.32717416238E-08
 -6.63569608150E-08
 -6.92291095561E-08
 -7.18723001114E-08
 -7.42712984447E-08
 -7.64117729091E-08
 -7.82802587196E-08
 -7.98643853273E-08
 -8.11528764189E-08
 -8.21356707092E-08
 -8.28040498391E-08
 -8.31506099530E-08
 -8.31694322301E-08
 -8.28560544619E-08
 -8.22076273721E-08
 -8.12228009295E-08
 -7.99019233000E-08
 -7.82468987381E-08
 -7.62613296956E-08
 -7.39504173453E-08
 -7.13209402647E-08
 -6.83813610181E-08
 -6.51415561492E-08
 -6.16129867126E-08
 -5.78085028735E-08
 -5.37423190394E-08
 -4.94299285947E-08
 -4.48880008719E-08
 -4.01343065448E-08
 -3.51875755200E-08
 -3.00674116716E-08
 -2.47942022469E-08
 -1.93889135858E-08
 -1.38730662513E-08
 -8.26854851255E-09
 -2.59748578202E-09
  3.11782666351E-09
  8.85511486359E-09
  1.45921905670E-08
  2.03071301996E-08
  2.59783163870E-08
  3.15845625209E-08
  3.71052770731E-08
  4.25204547128E-08
  4.78108184154E-08
  5.29579011754E-08
  5.79440708748E-08
  6.27526048902E-08
  6.73677433838E-08
  7.17747141721E-08
  7.59597753586E-08
  7.99101940174E-08
  8.36142888261E-08
  8.70614229598E-08
  9.02419969862E-08
  9.31473991272E-08
  9.57700407866E-08
  9.81032712843E-08
  1.00141392068E-07
  1.01879557235E-07
  1.03313823274E-07
  1.04441014059E-07
  1.05258735061E-07
  1.05765337821E-07
  1.05959834684E-07
  1.05841898801E-07
  1.05411821494E-07
  1.04670490941E-07
  1.03619328229E-07
  1.02260308665E-07
  1.00595975994E-07
  9.86293571259E-08
  9.63640189866E-08
  9.38040827236E-08
  9.09541881811E-08
  8.78195933751E-08
  8.44061176508E-08
  8.07202482633E-08
  7.67691403780E-08
  7.25606597030E-08
  6.81034322270E-08
  6.34069294847E-08
  5.84814650040E-08
  5.33382653600E-08
  4.79895234662E-08
  4.24484376538E-08
  3.67292543046E-08
  3.08472678512E-08
  2.48189024887E-08
  1.86616766484E-08
  1.23942403008E-08
  6.03635186280E-09
 -3.91182447546E-10
 -6.86642653847E-09
 -1.33665123414E-08
 -1.98676257668E-08
 -2.63450754545E-08
 -3.27734568373E-08
 -3.91266929967E-08
 -4.53782611487E-08
 -5.15012565927E-08
 -5.74685934396E-08
 -6.32531893530E-08
 -6.88281858174E-08
 -7.41670618254E-08
 -7.92439536212E-08
 -8.40337861518E-08
 -8.85126070216E-08
 -9.26576859683E-08
 -9.64478701349E-08
 -9.98637190719E-08
 -1.02887774744E-07
 -1.05504788905E-07
 -1.07701865204E-07
 -1.09468736298E-07
 -1.10797863329E-07
 -1.11684606452E-07
 -1.12127388263E-07
 -1.12127750640E-07
 -1.11690461324E-07
 -1.10823563659E-07
 -1.09538383697E-07
 -1.07849452036E-07
 -1.05774581982E-07
 -1.03334635071E-07
 -1.00553535276E-07
 -9.74579421609E-08
 -9.40772366675E-08
 -9.04431516346E-08
 -8.65895657398E-08
 -8.25522192827E-08
 -7.83683233863E-08
 -7.40762970963E-08
 -6.97153268447E-08
 -6.53250253890E-08
 -6.09449415379E-08
 -5.66142475122E-08
 -5.23712344602E-08
 -4.82528967893E-08
 -4.42945378154E-08
 -4.05293185679E-08
 -3.69878918605E-08
 -3.36979688598E-08
 -3.06840135522E-08
 -2.79668697090E-08
 -2.55634926560E-08
 -2.34866757154E-08
 -2.17448636874E-08
 -2.03419361355E-08
 -1.92771523189E-08
 -1.85450304002E-08
 -1.81353918549E-08
 -1.80333863398E-08
 -1.82195947218E-08
 -1.86702280303E-08
 -1.93573175267E-08
 -2.02490451073E-08
 -2.13100435076E-08
 -2.25018190747E-08
 -2.37831940808E-08
 -2.51107987737E-08
 -2.64396007310E-08
 -2.77234857293E-08
 -2.89158474942E-08
 -2.99702200834E-08
 -3.08409369154E-08
 -3.14837436122E-08
 -3.18564836732E-08
 -3.19197432930E-08
 -3.16374517695E-08
 -3.09775280982E-08
 -2.99124387482E-08
 -2.84197430034E-08
 -2.64825690266E-08
 -2.40900668302E-08
 -2.12377599951E-08
 -1.79278671908E-08
 -1.41695277733E-08
 -9.97893589982E-09
 -5.37942268508E-09
 -4.01422173280E-10
  4.91764495791E-09
  1.05335731249E-08
  1.63956759280E-08
  2.24471694565E-08
  2.86256671700E-08
  3.48637350100E-08
  4.10895530933E-08
  4.72276475705E-08
  5.31996739994E-08
  5.89253090766E-08
  6.43231530262E-08
  6.93117101491E-08
  7.38103764775E-08
  7.77405020358E-08
  8.10263856010E-08
  8.35963973600E-08
  8.53839381421E-08
  8.63284981278E-08
  8.63766516090E-08
  8.54829238506E-08
  8.36107432178E-08
  8.07331730357E-08
  7.68337073964E-08
  7.19067898558E-08
  6.59583889728E-08
  5.90064352934E-08
  5.10810203025E-08
  4.22246095866E-08
  3.24920179651E-08
  2.19503242249E-08
  1.06785806864E-08
 -1.23259191742E-09
 -1.36815394569E-08
 -2.65562913881E-08
 -3.97353581150E-08
 -5.30887156458E-08
 -6.64788828431E-08
 -7.97621240167E-08
 -9.27897190195E-08
 -1.05409419859E-07
 -1.17466946392E-07
 -1.28807428723E-07
 -1.39277162248E-07
 -1.48725106897E-07
 -1.57004663492E-07
 -1.63975300893E-07
 -1.69504147607E-07
 -1.73467682885E-07
 -1.75753285703E-07
 -1.76260726903E-07
 -1.74903590278E-07
 -1.71610508914E-07
 -1.66326515227E-07
 -1.59013936241E-07
 -1.49653359927E-07
 -1.38244402592E-07
 -1.24806234680E-07
 -1.09378078150E-07
 -9.20192775311E-08
 -7.28093709768E-08
 -5.18479410516E-08
 -2.92541741942E-08
 -5.16627407521E-09
  2.02592964627E-08
  4.68487826311E-08
  7.44123482832E-08
  1.02745389086E-07
  1.31630002898E-07
  1.60836691521E-07
  1.90126172583E-07
  2.19251219846E-07
  2.47958752198E-07
  2.75991993703E-07
  3.03092491549E-07
  3.29002460830E-07
  3.53466987235E-07
  3.76236386046E-07
  3.97068163238E-07
  4.15729516590E-07
  4.31999154671E-07
  4.45669599003E-07
  4.56549003047E-07
  4.64462829086E-07
  4.69255724056E-07
  4.70792855367E-07
  4.68961445677E-07
  4.63671483431E-07
  4.54857257637E-07
  4.42477528395E-07
  4.26516379548E-07
  4.06983360790E-07
  3.83913629776E-07
  3.57367696324E-07
  3.27431138203E-07
  2.94213919005E-07
  2.57849706031E-07
  2.18494619730E-07
  1.76326366841E-07
  1.31542577719E-07
  8.43593781497E-08
  3.50097266733E-08
 -1.62584417041E-08
 -6.91841037792E-08
 -1.23495212279E-07
 -1.78910681825E-07
 -2.35142593397E-07
 -2.91898345495E-07
 -3.48882650769E-07
 -4.05800051340E-07
 -4.62356467779E-07
 -5.18261572324E-07
 -5.73230863665E-07
 -6.26987286978E-07
 -6.79262939229E-07
 -7.29800945010E-07
 -7.78356707087E-07
 -8.24699384339E-07
 -8.68613028615E-07
 -9.09897551082E-07
 -9.48369802245E-07
 -9.83863515103E-07
 -1.01623095361E-06
 -1.04534217371E-06
 -1.07108564862E-06
 -1.09336838250E-06
 -1.11211545573E-06
 -1.12726991119E-06
 -1.13879229957E-06
 -1.14665976980E-06
 -1.15086629648E-06
 -1.15142086088E-06
 -1.14834722353E-06
 -1.14168335585E-06
 -1.13147939373E-06
 -1.11779809231E-06
 -1.10071277959E-06
 -1.08030690171E-06
 -1.05667299977E-06
 -1.02991168660E-06
 -1.00013130577E-06
 -9.67446339928E-07
 -9.31977240270E-07
 -8.93849687600E-07
 -8.53193910189E-07
 -8.10144399566E-07
 -7.64839001022E-07
 -7.17419595730E-07
 -6.68030963880E-07
 -6.16820955202E-07
 -5.63940488973E-07
 -5.09543554017E-07
 -4.53787350807E-07
 -3.96832092520E-07
 -3.38841601888E-07
 -2.79983112250E-07
 -2.20427637032E-07
 -1.60350111855E-07
 -9.99293803261E-08
 -3.93485812822E-08
  2.12050927928E-08
  8.15402358967E-08
  1.41461455883E-07
  2.00769576963E-07
  2.59261867086E-07
  3.16732752026E-07
  3.72974085394E-07
  4.27776171819E-07
  4.80928463276E-07
  5.32220667537E-07
  5.81443998726E-07
  6.28392228919E-07
  6.72863620821E-07
  7.14661837264E-07
  7.53598442316E-07
  7.89493981301E-07
  8.22180595605E-07
  8.51503159538E-07
  8.77321895132E-07
  8.99514475350E-07
  9.17977445170E-07
  9.32628893224E-07
  9.43409645515E-07
  9.50285937051E-07
  9.53250321345E-07
  9.52323887304E-07
  9.47557168729E-07
  9.39031394864E-07
  9.26859740957E-07
  9.11187328256E-07
  8.92192247193E-07
  8.70085102633E-07
  8.45108843350E-07
  8.17538477804E-07
  7.87679198311E-07
  7.55865698920E-07
  7.22460299585E-07
  6.87850501890E-07
  6.52446601634E-07
  6.16678505594E-07
  5.80993059884E-07
  5.45849957234E-07
  5.11717928475E-07
  4.79070422443E-07
  4.48381484830E-07
  4.20120699118E-07
  3.94748667532E-07
  3.72711724594E-07
  3.54437105443E-07
  3.40327773074E-07
  3.30757444544E-07
  3.26065389800E-07
  3.26551827357E-07
  3.32473121034E-07
  3.44037488276E-07
  3.61400736892E-07
  3.84662683928E-07
  4.13863745052E-07
  4.48982177659E-07
  4.89931608172E-07
  5.36559412012E-07
  5.88645491462E-07
  6.45901536700E-07
  7.07971366865E-07
  7.74431725858E-07
  8.44793760280E-07
  9.18504952097E-07
  9.94952529254E-07
  1.07346681943E-06
  1.15332500172E-06
  1.23375741623E-06
  1.31395211156E-06
  1.39306121127E-06
  1.47020796248E-06
  1.54449401180E-06
  1.61500668128E-06
  1.68082817709E-06
  1.74104320649E-06
  1.79474716333E-06
  1.84105647349E-06
  1.87911655303E-06
  1.90811101675E-06
  1.92726997739E-06
  1.93588061848E-06
  1.93329242393E-06
  1.91892922885E-06
  1.89229263015E-06
  1.85297267308E-06
  1.80065228506E-06
  1.73511284629E-06
  1.65624135207E-06
  1.56403223173E-06
  1.45859155509E-06
  1.34013964725E-06
  1.20901256651E-06
  1.06566130853E-06
  9.10652659059E-07
  7.44665953789E-07
  5.68491316244E-07
  3.83025053452E-07
  1.89265008999E-07
 -1.16955432006E-08
 -2.18674998109E-07
 -4.30411233765E-07
 -6.45570594315E-07
 -8.62757474351E-07
 -1.08052495307E-06
 -1.29738589294E-06
 -1.51182416630E-06
 -1.72230727458E-06
 -1.92729953596E-06
 -2.12527334043E-06
 -2.31472381529E-06
 -2.49418030762E-06
 -2.66222104983E-06
 -2.81748521047E-06
 -2.95868380817E-06
 -3.08461471832E-06
 -3.19417154060E-06
 -3.28635610458E-06
 -3.36028733727E-06
 -3.41521081282E-06
 -3.45050830219E-06
 -3.46570209331E-06
 -3.46046431332E-06
 -3.43461852026E-06
 -3.38814629686E-06
 -3.32118747792E-06
 -3.23404196934E-06
 -3.12716770168E-06
 -3.00118199448E-06
 -2.85685609924E-06
 -2.69510996986E-06
 -2.51700930676E-06
 -2.32375509768E-06
 -2.11667747863E-06
 -1.89722527466E-06
 -1.66695508597E-06
 -1.42751969179E-06
 -1.18065634069E-06
 -9.28172028125E-07
 -6.71929683449E-07
 -4.13833362245E-07
 -1.55813367542E-07
  1.00189772922E-07
  3.52240959955E-07
  5.98426424858E-07
  8.36869332943E-07
  1.06574577785E-06
  1.28329941163E-06
  1.48785716192E-06
  1.67784207861E-06
  1.85178805623E-06
  2.00835097530E-06
  2.14632200368E-06
  2.26463612307E-06
  2.36238315665E-06
  2.43881549977E-06
  2.49335357694E-06
  2.52559243563E-06
  2.53530561167E-06
  2.52244626608E-06
  2.48715059570E-06
  2.42973396780E-06
  2.35069182963E-06
  2.25069288717E-06
  2.13057751353E-06
  1.99134842660E-06
  1.83416318578E-06
  1.66032612015E-06
  1.47127639138E-06
  1.26857753457E-06
  1.05390290628E-06
  8.29024600080E-07
  5.95795938807E-07
  3.56138741608E-07
  1.12026043553E-07
 -1.34533792107E-07
 -3.81513501679E-07
 -6.26883945642E-07
 -8.68630593232E-07
 -1.10477060389E-06
 -1.33336868657E-06
 -1.55255349910E-06
 -1.76053288214E-06
 -1.95560892280E-06
 -2.13619159695E-06
 -2.30081172958E-06
 -2.44813372774E-06
 -2.57696592598E-06
 -2.68627127298E-06
 -2.77517324321E-06
 -2.84296629616E-06
 -2.88911883217E-06
 -2.91327819468E-06
 -2.91527430818E-06
 -2.89511831397E-06
 -2.85300529868E-06
 -2.78930951936E-06
 -2.70458167506E-06
 -2.59954549620E-06
 -2.47508933171E-06
 -2.33225887314E-06
 -2.17224874177E-06
 -1.99639043785E-06
 -1.80614324563E-06
 -1.60307956776E-06
 -1.38887207868E-06
 -1.16527962746E-06
 -9.34132003749E-07
 -6.97313964793E-07
 -4.56749688738E-07
 -2.14385750041E-07
  2.78247966889E-08
  2.67939412879E-07
  5.04042589000E-07
  7.34261732305E-07
  9.56783310357E-07
  1.16986791454E-06
  1.37186498250E-06
  1.56122678163E-06
  1.73652142621E-06
  1.89644390503E-06
  2.03982835956E-06
  2.16565649680E-06
  2.27306577472E-06
  2.36135861087E-06
  2.43000408773E-06
  2.47864545599E-06
  2.50710058936E-06
  2.51536380347E-06
  2.50360471910E-06
  2.47216780735E-06
  2.42156738750E-06
  2.35248103309E-06
  2.26574729822E-06
  2.16235298467E-06
  2.04342745747E-06
  1.91023059415E-06
  1.76414118869E-06
  1.60664444593E-06
  1.43931845287E-06
  1.26381894461E-06
  1.08186554826E-06
  8.95224445685E-07
  7.05693082637E-07
  5.15083627306E-07
  3.25206144680E-07
  1.37852154580E-07
 -4.52220483282E-08
 -2.22311285825E-07
 -3.91777319919E-07
 -5.52064022941E-07
 -7.01711712736E-07
 -8.39370500216E-07
 -9.63813249655E-07
 -1.07394646420E-06
 -1.16882097245E-06
 -1.24764085285E-06
 -1.30977036861E-06
 -1.35474067520E-06
 -1.38225436785E-06
 -1.39218718687E-06
 -1.38459165555E-06
 -1.35969389703E-06
 -1.31789465740E-06
 -1.25976293930E-06
 -1.18603281862E-06
 -1.09759594125E-06
 -9.95492996481E-07
 -8.80904337919E-07
 -7.55138842123E-07
 -6.19621346232E-07
 -4.75879375017E-07
 -3.25528390022E-07
 -1.70256399201E-07
 -1.18076277644E-08
  1.48034416725E-07
  3.07464262050E-07
  4.64671984446E-07
  6.17861530827E-07
  7.65267941460E-07
  9.05175511434E-07
  1.03593470158E-06
  1.15597867989E-06
  1.26384077248E-06
  1.35816765123E-06
  1.43773490890E-06
  1.50146001943E-06
  1.54841404765E-06
  1.57783176746E-06
  1.58912121151E-06
  1.58187015131E-06
  1.55585337325E-06
  1.51103438384E-06
  1.44756938880E-06
  1.36580649723E-06
  1.26628447106E-06
  1.14972897336E-06
  1.01704802091E-06
  8.69324139785E-07
  7.07805440925E-07
  5.33895786248E-07
  3.49141913603E-07
  1.55220320153E-07
 -4.60781066636E-08
 -2.52864168715E-07
 -4.63167566522E-07
 -6.74955742852E-07
 -8.86152122348E-07
 -1.09465645437E-06
 -1.29836485030E-06
 -1.49518928083E-06
 -1.68307872173E-06
 -1.86003921954E-06
 -2.02415299100E-06
 -2.17359865928E-06
 -2.30666842072E-06
 -2.42178634835E-06
 -2.51752589975E-06
 -2.59262196778E-06
 -2.64598816102E-06
 -2.67672635346E-06
 -2.68413759841E-06
 -2.66773258772E-06
 -2.62723483502E-06
 -2.56258795162E-06
 -2.47395860242E-06
 -2.36173536905E-06
 -2.22652624871E-06
 -2.06915933632E-06
 -1.89067236533E-06
 -1.69230645497E-06
 -1.47549712892E-06
 -1.24186180983E-06
 -9.93186063170E-07
 -7.31408704269E-07
 -4.58604944242E-07
 -1.76968200094E-07
  1.11209274678E-07
  4.03556867923E-07
  6.97647067227E-07
  9.91016918306E-07
  1.28119074816E-06
  1.56570285981E-06
  1.84211978649E-06
  2.10806342693E-06
  2.36123105424E-06
  2.59941975855E-06
  2.82054406853E-06
  3.02265698338E-06
  3.20396702591E-06
  3.36285643243E-06
  3.49789434040E-06
  3.60785247722E-06
  3.69171470993E-06
  3.74868773179E-06
  3.77820788344E-06
  3.77994683731E-06
  3.75381478079E-06
  3.69996087102E-06
  3.61877187061E-06
  3.51086896444E-06
  3.37710116582E-06
  3.21853758578E-06
  3.03645720123E-06
  2.83233703158E-06
  2.60783895101E-06
  2.36479195337E-06
  2.10517623600E-06
  1.83110535090E-06
  1.54480540004E-06
  1.24859366224E-06
  9.44859095853E-07
  6.36037384538E-07
  3.24590814671E-07
  1.29841675189E-08
 -2.96337503869E-07
 -6.00971077347E-07
 -8.98577297903E-07
 -1.18690161344E-06
 -1.46379443322E-06
 -1.72723014202E-06
 -1.97532449420E-06
 -2.20635047299E-06
 -2.41875409301E-06
 -2.61116520051E-06
 -2.78240941043E-06
 -2.93151674668E-06
 -3.05772823594E-06
 -3.16050022775E-06
 -3.23950712300E-06
 -3.29464182869E-06
 -3.32601302944E-06
 -3.33394132213E-06
 -3.31895421368E-06
 -3.28177611664E-06
 -3.22331948155E-06
 -3.14467320095E-06
 -3.04708760268E-06
 -2.93196194434E-06
 -2.80082463178E-06
 -2.65532025878E-06
 -2.49718664236E-06
 -2.32823867918E-06
 -2.15034788198E-06
 -1.96542077902E-06
 -1.77538129265E-06
 -1.58214822932E-06
 -1.38761720336E-06
 -1.19363960494E-06
 -1.00200554698E-06
 -8.14424424789E-07
 -6.32509795651E-07
 -4.57762325823E-07
 -2.91556716547E-07
 -1.35128928491E-07
  1.04356843167E-08
  1.44210417830E-07
  2.65435488700E-07
  3.73523391772E-07
  4.68062125947E-07
  5.48817524759E-07
  6.15732744791E-07
  6.68925963510E-07
  7.08686059170E-07
  7.35467494906E-07
  7.49882019591E-07
  7.52689459205E-07
  7.44787200802E-07
  7.27197686956E-07
  7.01055114405E-07
  6.67590427383E-07
  6.28116538337E-07
  5.84011331739E-07
  5.36701236342E-07
  4.87643603719E-07
  4.38309655237E-07
  3.90166775333E-07
  3.44660747942E-07
  3.03199612972E-07
  2.67137039600E-07
  2.37755443777E-07
  2.16253397411E-07
  2.03729470627E-07
  2.01170507808E-07
  2.09441097354E-07
  2.29271833518E-07
  2.61251926759E-07
  3.05822339897E-07
  3.63269379022E-07
  4.33722448179E-07
  5.17150851920E-07
  6.13363795310E-07
  7.22013453469E-07
  8.42594658934E-07
  9.74453428171E-07
  1.11679003112E-06
  1.26866871142E-06
  1.42902615607E-06
  1.59668070410E-06
  1.77034735316E-06
  1.94864469449E-06
  2.13011458072E-06
  2.31323201660E-06
  2.49642062045E-06
  2.67806831289E-06
  2.85654505205E-06
  3.03021352011E-06
  3.19744867738E-06
  3.35665049533E-06
  3.50626260115E-06
  3.64478137271E-06
  3.77077526537E-06
  3.88289254261E-06
  3.97987923861E-06
  4.06058552471E-06
  4.12397730543E-06
  4.16914690504E-06
  4.19531852458E-06
  4.20185551775E-06
  4.18826357418E-06
  4.15419890487E-06
  4.09946551372E-06
  4.02401974497E-06
  3.92796755477E-06
  3.81156269214E-06
  3.67520556210E-06
  3.51943731403E-06
  3.34493392984E-06
  3.15250053973E-06
  2.94306505566E-06
  2.71766521109E-06
  2.47744492299E-06
  2.22364087676E-06
  1.95757093024E-06
  1.68062661032E-06
  1.39425867474E-06
  1.09996676656E-06
  7.99287590780E-07
  4.93783147704E-07
  1.85029094268E-07
 -1.25397349393E-07
 -4.35926693854E-07
 -7.45009458569E-07
 -1.05112530946E-06
 -1.35279253755E-06
 -1.64857692653E-06
 -1.93709934138E-06
 -2.21704362957E-06
 -2.48716287388E-06
 -2.74628291663E-06
 -2.99330918097E-06
 -3.22723030877E-06
 -3.44711884281E-06
 -3.65213441000E-06
 -3.84152417610E-06
 -4.01462466471E-06
 -4.17085720983E-06
 -4.30972932008E-06
 -4.43083399659E-06
 -4.53384154753E-06
 -4.61850322608E-06
 -4.68464077130E-06
 -4.73214777230E-06
 -4.76097966384E-06
 -4.77115509057E-06
 -4.76274590255E-06
 -4.73587488159E-06
 -4.69071028419E-06
 -4.62746220364E-06
 -4.54637347502E-06
 -4.44772194896E-06
 -4.33181548942E-06
 -4.19898105974E-06
 -4.04957108913E-06
 -3.88395801565E-06
 -3.70252905668E-06
 -3.50568939211E-06
 -3.29386057274E-06
 -3.06747892864E-06
 -2.82699829768E-06
 -2.57288706962E-06
 -2.30564069170E-06
 -2.02577007258E-06
 -1.73381715740E-06
 -1.43035106248E-06
 -1.11597637442E-06
 -7.91334457517E-07
 -4.57113515040E-07
 -1.14049463207E-07
  2.37069144760E-07
  5.95391497882E-07
  9.60000761552E-07
  1.32991215196E-06
  1.70406099187E-06
  2.08130541068E-06
  2.46041577157E-06
  2.84007433038E-06
  3.21887182508E-06
  3.59530281457E-06
  3.96777113565E-06
  4.33457944382E-06
  4.69393671665E-06
  5.04395802636E-06
  5.38267113370E-06
  5.70801466893E-06
  6.01784904575E-06
  6.30996055406E-06
  6.58207363813E-06
  6.83185680828E-06
  7.05693719283E-06
  7.25491418052E-06
  7.42337078918E-06
  7.55989140089E-06
  7.66207995184E-06
  7.72757812229E-06
  7.75408170739E-06
  7.73936608311E-06
  7.68130394135E-06
  7.57788984629E-06
  7.42726251701E-06
  7.22772620065E-06
  6.97777977621E-06
  6.67613221594E-06
  6.32173123449E-06
  5.91378739045E-06
  5.45179227629E-06
  4.93554216519E-06
  4.36515892943E-06
  3.74110823032E-06
  3.06421475216E-06
  2.33568221120E-06
  1.55710517902E-06
  7.30476017452E-07
 -1.41799944231E-07
 -1.05690196506E-06
 -2.01159082280E-06
 -3.00221017824E-06
 -4.02468640459E-06
 -5.07453705723E-06
 -6.14688406131E-06
 -7.23646508050E-06
 -8.33764988784E-06
 -9.44446583162E-06
 -1.05506160253E-05
 -1.16495211842E-05
 -1.27343337226E-05
 -1.37979923238E-05
 -1.48332464960E-05
 -1.58327093231E-05
 -1.67888956639E-05
 -1.76942830876E-05
 -1.85413409781E-05
 -1.93226023839E-05
 -2.00307222258E-05
 -2.06585136766E-05
 -2.11990191019E-05
 -2.16455719055E-05
 -2.19918438233E-05
 -2.22319195018E-05
 -2.23603346967E-05
 -2.23721490329E-05
 -2.22629860218E-05
 -2.20291076403E-05
 -2.16674379772E-05
 -2.11756305362E-05
 -2.05520991585E-05
 -1.97960671358E-05
 -1.89075926755E-05
 -1.78875980055E-05
 -1.67378948390E-05
 -1.54612134793E-05
 -1.40611900861E-05
 -1.25423939608E-05
 -1.09103120849E-05
 -9.17134548217E-06
 -7.33278920961E-06
 -5.40281644135E-06
 -3.39043344866E-06
 -1.30545811317E-06
  8.41540270358E-07
  3.03928459289E-06
  5.27585552845E-06
  7.53875156079E-06
  9.81497123576E-06
  1.20910808619E-05
  1.43533079608E-05
  1.65876226674E-05
  1.87798395928E-05
  2.09157060453E-05
  2.29810066230E-05
  2.49616732617E-05
  2.68438689091E-05
  2.86141130346E-05
  3.02593798551E-05
  3.17671947414E-05
  3.31257579091E-05
  3.43240026268E-05
  3.53517316398E-05
  3.61997081200E-05
  3.68596993212E-05
  3.73246002709E-05
  3.75885028916E-05
  3.76467287424E-05
  3.74959236069E-05
  3.71340938727E-05
  3.65606247215E-05
  3.57763492502E-05
  3.47835448338E-05
  3.35859294864E-05
  3.21886764141E-05
  3.05983958242E-05
  2.88231058221E-05
  2.68722051260E-05
  2.47563930316E-05
  2.24876603170E-05
  2.00791746465E-05
  1.75452223630E-05
  1.49011029862E-05
  1.21630491776E-05
  9.34809941100E-06
  6.47398928777E-06
  3.55902602678E-06
  6.21959713953E-07
 -2.31815192819E-06
 -5.24208417119E-06
 -8.13058522908E-06
 -1.09645216071E-05
 -1.37250244734E-05
 -1.63936310855E-05
 -1.89524289453E-05
 -2.13841940422E-05
 -2.36725318246E-05
 -2.58020045294E-05
 -2.77582457784E-05
 -2.95280933642E-05
 -3.10996911139E-05
 -3.24625871144E-05
 -3.36078119290E-05
 -3.45279768226E-05
 -3.52173119609E-05
 -3.56717464456E-05
 -3.58889192285E-05
 -3.58682409569E-05
 -3.56108503183E-05
 -3.51196758857E-05
 -3.43993597198E-05
 -3.34562610078E-05
 -3.22984124068E-05
 -3.09354218189E-05
 -2.93784523819E-05
 -2.76401005976E-05
 -2.57343090198E-05
 -2.36762589338E-05
 -2.14822484850E-05
 -1.91695598915E-05
 -1.67563302966E-05
 -1.42613971548E-05
 -1.17041563499E-05
 -9.10439393920E-06
 -6.48214245302E-06
 -3.85750399801E-06
 -1.25049564303E-06
  1.31911247081E-06
  3.83195992981E-06
  6.26925066172E-06
  8.61290482135E-06
  1.08457024908E-05
  1.29514273794E-05
  1.49149900608E-05
  1.67225480254E-05
  1.83616211871E-05
  1.98211837414E-05
  2.10917423829E-05
  2.21654227062E-05
  2.30360165006E-05
  2.36990272242E-05
  2.41516918322E-05
  2.43930026045E-05
  2.44237071456E-05
  2.42462720053E-05
  2.38648717641E-05
  2.32853326452E-05
  2.25150779443E-05
  2.15630407183E-05
  2.04395873880E-05
  1.91564140550E-05
  1.77264373633E-05
  1.61636744451E-05
  1.44831155922E-05
  1.27005787363E-05
  1.08325721158E-05
  8.89614602784E-06
  6.90873866915E-06
  4.88801879328E-06
  2.85173518932E-06
  8.17555587673E-07
 -1.19708295188E-06
 -3.17512694892E-06
 -5.10004929311E-06
 -6.95599237588E-06
 -8.72789860296E-06
 -1.04016316982E-05
 -1.19640999401E-05
 -1.34033525683E-05
 -1.47086748257E-05
 -1.58706679940E-05
 -1.68813239725E-05
 -1.77340734808E-05
 -1.84238233487E-05
 -1.89469974430E-05
 -1.93015421246E-05
 -1.94869244297E-05
 -1.95041102415E-05
 -1.93555551959E-05
 -1.90451519302E-05
 -1.85781627806E-05
 -1.79611815838E-05
 -1.72020227183E-05
 -1.63096701726E-05
 -1.52941429405E-05
 -1.41664086186E-05
 -1.29382688101E-05
 -1.16222317956E-05
 -1.02313870229E-05
 -8.77928687260E-06
 -7.27979659132E-06
 -5.74697833144E-06
 -4.19494745074E-06
 -2.63774609266E-06
 -1.08921005904E-06
  4.37154142219E-07
  1.92829065782E-06
  3.37170808962E-06
  4.75558908875E-06
  6.06888670518E-06
  7.30141573513E-06
  8.44393707666E-06
  9.48822344071E-06
  1.04271193777E-05
  1.12545967568E-05
  1.19657770483E-05
  1.25569740703E-05
  1.30256976263E-05
  1.33706489578E-05
  1.35917252919E-05
  1.36899807330E-05
  1.36676126203E-05
  1.35278978632E-05
  1.32751601996E-05
  1.29146856125E-05
  1.24526723084E-05
  1.18961406770E-05
  1.12528459795E-05
  1.05311974039E-05
  9.74014983512E-06
  8.88911472430E-06
  7.98785458755E-06
  7.04637386661E-06
  6.07482297710E-06
  5.08338871441E-06
  4.08219420933E-06
  3.08120252157E-06
  2.09011477637E-06
  1.11828353511E-06
  1.74625753857E-07
 -7.32457579034E-07
 -1.59515332143E-06
 -2.40630197368E-06
 -3.15945476359E-06
 -3.84892291549E-06
 -4.46981630375E-06
 -5.01807517139E-06
 -5.49049173060E-06
 -5.88472039453E-06
 -6.19928596279E-06
 -6.43357179797E-06
 -6.58780527374E-06
 -6.66304094921E-06
 -6.66111873215E-06
 -6.58463522996E-06
 -6.43688736091E-06
 -6.22182733423E-06
 -5.94400080445E-06
 -5.60848275200E-06
 -5.22081290910E-06
 -4.78692072647E-06
 -4.31305534221E-06
 -3.80570759262E-06
 -3.27153475155E-06
 -2.71728504231E-06
 -2.14972124013E-06
 -1.57554609359E-06
 -1.00133286196E-06
 -4.33455852544E-07
  1.21974537137E-07
  6.59171121242E-07
  1.17272554689E-06
  1.65765754900E-06
  2.10945859180E-06
  2.52413019552E-06
  2.89821332444E-06
  3.22881282955E-06
  3.51361609319E-06
  3.75090098714E-06
  3.93953951061E-06
  4.07899688071E-06
  4.16931698055E-06
  4.21111008109E-06
  4.20552760261E-06
  4.15423528466E-06
  4.05937862524E-06
  3.92354650103E-06
  3.74972796635E-06
  3.54126518687E-06
  3.30180773744E-06
  3.03525825984E-06
  2.74572107628E-06
  2.43744852924E-06
  2.11478572965E-06
  1.78211735147E-06
  1.44381328937E-06
  1.10417738597E-06
  7.67398034895E-07
  4.37500290218E-07
  1.18301848318E-07
 -1.86626905929E-07
 -4.74000415807E-07
 -7.40849998238E-07
 -9.84551547845E-07
 -1.20284835248E-06
 -1.39386895626E-06
 -1.55614145569E-06
 -1.68859878613E-06
 -1.79058349659E-06
 -1.86184365703E-06
 -1.90252683296E-06
 -1.91316689779E-06
 -1.89466845768E-06
 -1.84828388683E-06
 -1.77559161330E-06
 -1.67846599197E-06
 -1.55904638177E-06
 -1.41970338063E-06
 -1.26300278680E-06
 -1.09166853690E-06
 -9.08542801881E-07
 -7.16547049251E-07
 -5.18642082170E-07
 -3.17788931170E-07
 -1.16909994574E-07
  8.11481086771E-08
  2.73650186955E-07
  4.58005928294E-07
  6.31801185591E-07
  7.92825289864E-07
  9.39097105856E-07
  1.06888558093E-06
  1.18072864552E-06
  1.27344651446E-06
  1.34615231673E-06
  1.39825920087E-06
  1.42948056236E-06
  1.43983049838E-06
  1.42961721394E-06
  1.39943392696E-06
  1.35014681746E-06
  1.28287717871E-06
  1.19898402318E-06
  1.10004054932E-06
  9.87811176856E-07
  8.64222556629E-07
  7.31337422621E-07
  5.91323043864E-07
  4.46421239531E-07
  2.98917143482E-07
  1.51105979285E-07
  5.26359933417E-09
 -1.36385622795E-07
 -2.71698354481E-07
 -3.98640764843E-07
 -5.15315036864E-07
 -6.19984518835E-07
 -7.11095935912E-07
 -7.87299711646E-07
 -8.47466139930E-07
 -8.90700619038E-07
 -9.16353883440E-07
 -9.24029563976E-07
 -9.13589644824E-07
 -8.85154236130E-07
 -8.39100493977E-07
 -7.76056538143E-07
 -6.96892811902E-07
 -6.02710713338E-07
 -4.94827702369E-07
 -3.74760446675E-07
 -2.44204898081E-07
 -1.05014720475E-07
  4.08227762705E-08
  1.91211256606E-07
  3.43972430983E-07
  4.96873497013E-07
  6.47654985642E-07
  7.94059303644E-07
  9.33858473218E-07
  1.06488278107E-06
  1.18504658531E-06
  1.29237582769E-06
  1.38503105518E-06
  1.46133140788E-06
  1.51977474161E-06
  1.55905729571E-06
  1.57808960921E-06
  1.57600970851E-06
  1.55219640874E-06
  1.50627465700E-06
  1.43812405895E-06
  1.34787921979E-06
  1.23593065382E-06
  1.10292035060E-06
  9.49736772782E-07
  7.77504965299E-07
  5.87575812006E-07
  3.81510744774E-07
  1.61066509463E-07
 -7.18238055697E-08
 -3.15071559953E-07
 -5.66454104955E-07
 -8.23638686143E-07
 -1.08420670131E-06
 -1.34567949317E-06
 -1.60554384365E-06
 -1.86127897450E-06
 -2.11038172893E-06
 -2.35039374274E-06
 -2.57892520494E-06
 -2.79368077827E-06
 -2.99248245028E-06
 -3.17328976962E-06
 -3.33422394760E-06
 -3.47358286490E-06
 -3.58985903404E-06
 -3.68175460608E-06
 -3.74819251192E-06
 -3.78832783099E-06
 -3.80155370294E-06
 -3.78750746677E-06
 -3.74607293452E-06
 -3.67737948181E-06
 -3.58180182047E-06
 -3.45995294992E-06
 -3.31267779075E-06
 -3.14104499921E-06
 -2.94633446174E-06
 -2.73002342510E-06
 -2.49377330874E-06
 -2.23941242439E-06
 -1.96891710402E-06
 -1.68439373738E-06
 -1.38805808092E-06
 -1.08221468054E-06
 -7.69235953157E-07
 -4.51539534652E-07
 -1.31567801986E-07
  1.88234395182E-07
  5.05440652887E-07
  8.17663419639E-07
  1.12257453111E-06
  1.41792349950E-06
  1.70155578871E-06
  1.97142912839E-06
  2.22562880481E-06
  2.46238300861E-06
  2.68007261184E-06
  2.87724333248E-06
  3.05261528410E-06
  3.20508820550E-06
  3.33374987349E-06
  3.43787701240E-06
  3.51693984157E-06
  3.57060002898E-06
  3.59871228284E-06
  3.60131889465E-06
  3.57864860234E-06
  3.53110658580E-06
  3.45927264789E-06
  3.36388916367E-06
  3.24585312228E-06
  3.10620794153E-06
  2.94612959806E-06
  2.76691707768E-06
  2.56997896031E-06
  2.35682227867E-06
  2.12903819374E-06
  1.88829073977E-06
  1.63630193128E-06
  1.37483971230E-06
  1.10570522338E-06
  8.30719386613E-07
  5.51711536900E-07
  2.70506916422E-07
 -1.10841478218E-08
 -2.91277928000E-07
 -5.68326754546E-07
 -8.40528969093E-07
 -1.10623773253E-06
 -1.36386950089E-06
 -1.61191155712E-06
 -1.84892905963E-06
 -2.07356993087E-06
 -2.28457292906E-06
 -2.48077003562E-06
 -2.66109100266E-06
 -2.82456903733E-06
 -2.97034034702E-06
 -3.09764982376E-06
 -3.20584945257E-06
 -3.29440354108E-06
 -3.36288530889E-06
 -3.41098075296E-06
 -3.43848728335E-06
 -3.44531235896E-06
 -3.43147371495E-06
 -3.39709845321E-06
 -3.34242076860E-06
 -3.26778013005E-06
 -3.17361923408E-06
 -3.06048286802E-06
 -2.92901245302E-06
 -2.77994581666E-06
 -2.61411150859E-06
 -2.43242743636E-06
 -2.23589472625E-06
 -2.02559499485E-06
 -1.80268432359E-06
 -1.56838950716E-06
 -1.32400282382E-06
 -1.07087498691E-06
 -8.10410767826E-07
 -5.44061094843E-07
 -2.73317652955E-07
  2.95481472623E-10
  2.75227819202E-07
  5.49912101633E-07
  8.22770800823E-07
  1.09222548872E-06
  1.35670507007E-06
  1.61465482051E-06
  1.86454576578E-06
  2.10488292396E-06
  2.33421610574E-06
  2.55114787251E-06
  2.75434308605E-06
  2.94253982247E-06
  3.11455460178E-06
  3.26929557559E-06
  3.40576639246E-06
  3.52307847606E-06
  3.62045557267E-06
  3.69723989024E-06
  3.75290278498E-06
  3.78704430659E-06
  3.79940252060E-06
  3.78985487259E-06
  3.75842046196E-06
  3.70526481674E-06
  3.63069716514E-06
  3.53517134499E-06
  3.41928557646E-06
  3.28377836922E-06
  3.12952533932E-06
  2.95753329738E-06
  2.76893615592E-06
  2.56498583440E-06
  2.34704475588E-06
  2.11657697946E-06
  1.87513762739E-06
  1.62436117535E-06
  1.36595019740E-06
  1.10166320155E-06
  8.33299907299E-07
  5.62689024264E-07
  2.91672932917E-07
  2.20940119533E-08
 -2.44220245804E-07
 -5.05471859924E-07
 -7.59906299663E-07
 -1.00582713003E-06
 -1.24160931136E-06
 -1.46571289861E-06
 -1.67669475104E-06
 -1.87322109468E-06
 -2.05407786780E-06
 -2.21818004320E-06
 -2.36458163272E-06
 -2.49248159889E-06
 -2.60123078988E-06
 -2.69033694167E-06
 -2.75946626971E-06
 -2.80844892586E-06
 -2.83727536043E-06
 -2.84609836854E-06
 -2.83522854261E-06
 -2.80513154394E-06
 -2.75642219094E-06
 -2.68985786533E-06
 -2.60633009930E-06
 -2.50685593528E-06
 -2.39256632995E-06
 -2.26469614972E-06
 -2.12457166526E-06
 -1.97359554477E-06
 -1.81323605375E-06
 -1.64501022937E-06
 -1.47047092014E-06
 -1.29119098347E-06
 -1.10874918846E-06
 -9.24715209294E-07
 -7.40634391150E-07
 -5.58014676244E-07
 -3.78312705607E-07
 -2.02920446668E-07
 -3.31538139164E-08
  1.29759001766E-07
  2.84687331487E-07
  4.30607286717E-07
  5.66609230646E-07
  6.91904631367E-07
  8.05830666195E-07
  9.07854598609E-07
  9.97575284600E-07
  1.07472533273E-06
  1.13916894406E-06
  1.19090134376E-06
  1.23004554098E-06
  1.25684641716E-06
  1.27166617858E-06
  1.27497708036E-06
  1.26735346839E-06
  1.24946222968E-06
  1.22205381103E-06
  1.18595085041E-06
  1.14203771773E-06
  1.09124789560E-06
  1.03455352018E-06
  9.72951852418E-07
  9.07453340915E-07
  8.39070480652E-07
  7.68804795825E-07
  6.97635755387E-07
  6.26510370694E-07
  5.56331599455E-07
  4.87950046590E-07
  4.22154215585E-07
  3.59662976734E-07
  3.01118774360E-07
  2.47081544558E-07
  1.98024409315E-07
  1.54329839575E-07
  1.16287466767E-07
  8.40930312052E-08
  5.78482577396E-08
  3.75623372406E-08
  2.31540866480E-08
  1.44556988602E-08
  1.12169651345E-08
  1.31110216017E-08
  1.97406127000E-08
  3.06453173948E-08
  4.53093633723E-08
  6.31701411180E-08
  8.36271141225E-08
  1.06051047055E-07
  1.29793605197E-07
  1.54196925450E-07
  1.78603215772E-07
  2.02364262236E-07
  2.24850566610E-07
  2.45460313408E-07
  2.63627612185E-07
  2.78830412981E-07
  2.90597427011E-07
  2.98514720498E-07
  3.02231057958E-07
  3.01462620200E-07
  2.95996699151E-07
  2.85694369495E-07
  2.70492023446E-07
  2.50402621305E-07
  2.25514540375E-07
  1.95990850216E-07
  1.62066712051E-07
  1.24046010797E-07
  8.22975962933E-08
  3.72496984369E-08
 -1.06153663637E-08
 -6.07680021858E-08
 -1.12638154803E-07
 -1.65623021076E-07
 -2.19095014131E-07
 -2.72410005664E-07
 -3.24915646388E-07
 -3.75960212295E-07
 -4.24901173801E-07
 -4.71113111189E-07
 -5.13996383233E-07
 -5.52984715796E-07
 -5.87552847264E-07
 -6.17222895016E-07
 -6.41571091364E-07
 -6.60233126837E-07
 -6.72909209243E-07
 -6.79367587963E-07
 -6.79448248775E-07
 -6.73065017054E-07
 -6.60206580960E-07
 -6.40937457774E-07
 -6.15397084403E-07
 -5.83798566822E-07
 -5.46426292658E-07
 -5.03633145854E-07
 -4.55835731827E-07
 -4.03510455271E-07
 -3.47187494754E-07
 -2.87445004687E-07
 -2.24902350965E-07
 -1.60213033951E-07
 -9.40571567298E-08
 -2.71336073610E-08
  3.98477908448E-08
  1.06174546488E-07
  1.71139475924E-07
  2.34048712855E-07
  2.94229494102E-07
  3.51037641622E-07
  4.03864845566E-07
  4.52145201280E-07
  4.95361291541E-07
  5.33049899332E-07
  5.64806896364E-07
  5.90291165281E-07
  6.09228607118E-07
  6.21413789759E-07
  6.26712960639E-07
  6.25063705684E-07
  6.16476597770E-07
  6.01033036673E-07
  5.78884851166E-07
  5.50251513687E-07
  5.15417127644E-07
  4.74726874700E-07
  4.28582751510E-07
  3.77438368560E-07
  3.21793436342E-07
  2.62188052602E-07
  1.99196264816E-07
  1.33419419512E-07
  6.54794121147E-08
 -3.98827371129E-09
 -7.43416705973E-08
 -1.44939150459E-07
 -2.15146343407E-07
 -2.84342803525E-07
 -3.51928292730E-07
 -4.17328948288E-07
 -4.80002540826E-07
 -5.39443988146E-07
 -5.95190044805E-07
 -6.46822343242E-07
 -6.93972310728E-07
 -7.36322476769E-07
 -7.73609428961E-07
 -8.05625120393E-07
 -8.32217097013E-07
 -8.53289179759E-07
 -8.68800270837E-07
 -8.78763330547E-07
 -8.83243671979E-07
 -8.82356232523E-07
 -8.76262504335E-07
 -8.65166896347E-07
 -8.49313721574E-07
 -8.28981114864E-07
 -8.04478474947E-07
 -7.76140097969E-07
 -7.44320630020E-07
 -7.09390235443E-07
 -6.71728685120E-07
 -6.31720752153E-07
 -5.89751152802E-07
 -5.46199430573E-07
 -5.01435522438E-07
 -4.55815069245E-07
 -4.09675919855E-07
 -3.63334009990E-07
 -3.17080434797E-07
 -2.71178578259E-07
 -2.25862123671E-07
 -1.81333064120E-07
 -1.37760579833E-07
 -9.52805123688E-08
 -5.39952580425E-08
 -1.39740459204E-08
  2.47459954750E-08
  6.21583993166E-08
  9.82855397069E-08
  1.33176229156E-07
  1.66903106447E-07
  1.99559380576E-07
  2.31255739891E-07
  2.62116657268E-07
  2.92276524760E-07
  3.21875916143E-07
  3.51057593662E-07
  3.79962642683E-07
  4.08726407386E-07
  4.37474966475E-07
  4.66321239401E-07
  4.95362087349E-07
  5.24674817370E-07
  5.54314624424E-07
  5.84312203955E-07
  6.14671932908E-07
  6.45370221264E-07
  6.76354432017E-07
  7.07542312739E-07
  7.38822450330E-07
  7.70053702581E-07
  8.01067017164E-07
  8.31666454815E-07
  8.61631349380E-07
  8.90718411029E-07
  9.18664454730E-07
  9.45190095081E-07
  9.70002361100E-07
  9.92799527921E-07
  1.01327441371E-06
  1.03111869976E-06
  1.04602781903E-06
  1.05770527625E-06
  1.06586674065E-06
  1.07024493445E-06
  1.07059383936E-06
  1.06669267552E-06
  1.05835067643E-06
  1.04540970369E-06
  1.02774868083E-06
  1.00528529856E-06
  9.77980107564E-07
  9.45837541622E-07
  9.08907793473E-07
  8.67288008521E-07
  8.21122569050E-07
  7.70603548972E-07
  7.15969406428E-07
  6.57504187984E-07
  5.95535880166E-07
  5.30433737822E-07
  4.62605584062E-07
  3.92494598600E-07
  3.20575082924E-07
  2.47348594939E-07
  1.73338932541E-07
  9.90872948137E-08
  2.51469582935E-08
 -4.79224482319E-08
 -1.19560425560E-07
 -1.89211576185E-07
 -2.56331333048E-07
 -3.20391961850E-07
 -3.80888110385E-07
 -4.37342521309E-07
 -4.89311275942E-07
 -5.36388711225E-07
 -5.78212791424E-07
 -6.14468262938E-07
 -6.44891372303E-07
 -6.69273049425E-07
 -6.87461181315E-07
 -6.99363567946E-07
 -7.04948661223E-07
 -7.04247156591E-07
 -6.97352106727E-07
 -6.84418182573E-07
 -6.65660991217E-07
 -6.41355427433E-07
 -6.11833343100E-07
 -5.77479852382E-07
 -5.38731001143E-07
 -4.96068707889E-07
 -4.50016528930E-07
 -4.01134656158E-07
 -3.50014147443E-07
 -2.97271327554E-07
 -2.43541308009E-07
 -1.89472046941E-07
 -1.35717428407E-07
 -8.29306614492E-08
 -3.17577999454E-08
  1.71689507056E-08
  6.32378842624E-08
  1.05864209843E-07
  1.44495658105E-07
  1.78618691393E-07
  2.07763804383E-07
  2.31510114190E-07
  2.49490540227E-07
  2.61394944800E-07
  2.66974041097E-07
  2.66042007979E-07
  2.58478252135E-07
  2.44229482860E-07
  2.23309996272E-07
  1.95801959535E-07
  1.61854842418E-07
  1.21684067267E-07
  7.55693676524E-08
  2.38516957296E-08
 -3.30693090689E-08
 -9.47394482864E-08
 -1.60654082038E-07
 -2.30262983791E-07
 -3.02975337263E-07
 -3.78165452730E-07
 -4.55178707170E-07
 -5.33337527031E-07
 -6.11947825746E-07
 -6.90305569151E-07
 -7.67703340898E-07
 -8.43436396281E-07
 -9.16810165563E-07
 -9.87145313047E-07
 -1.05378501303E-06
 -1.11610017939E-06
 -1.17349543416E-06
 -1.22541405290E-06
 -1.27134285322E-06
 -1.31081662857E-06
 -1.34342178626E-06
 -1.36880009904E-06
 -1.38665120630E-06
 -1.39673443300E-06
 -1.39887117712E-06
 -1.39294513701E-06
 -1.37890378937E-06
 -1.35675691126E-06
 -1.32657669383E-06
 -1.28849603698E-06
 -1.24270718516E-06
 -1.18945854410E-06
 -1.12905274818E-06
 -1.06184211290E-06
 -9.88226702248E-07
 -9.08648473796E-07
 -8.23588152343E-07
 -7.33560284516E-07
 -6.39108066025E-07
 -5.40798737347E-07
 -4.39218808879E-07
 -3.34967978688E-07
 -2.28655352430E-07
 -1.20893332678E-07
 -1.22933681013E-08
  9.65391038221E-08
  2.05009015986E-07
  3.12536116098E-07
  4.18558869342E-07
  5.22538073255E-07
  6.23960545454E-07
  7.22341610526E-07
  8.17228169581E-07
  9.08200547656E-07
  9.94874199023E-07
  1.07690186724E-06
  1.15397324407E-06
  1.22581684536E-06
  1.29219938572E-06
  1.35292566483E-06
  1.40783799907E-06
  1.45681588037E-06
  1.49977392994E-06
  1.53666087499E-06
  1.56745761615E-06
  1.59217574947E-06
  1.61085495165E-06
  1.62356070632E-06
  1.63038248502E-06
  1.63143033660E-06
  1.62683431881E-06
  1.61673949606E-06
  1.60130582572E-06
  1.58070429279E-06
  1.55511577304E-06
  1.52472864556E-06
  1.48973617797E-06
  1.45033573062E-06
  1.40672716498E-06
  1.35911079724E-06
  1.30768694362E-06
  1.25265489714E-06
  1.19421213185E-06
  1.13255396172E-06
  1.06787376808E-06
  1.00036197637E-06
  9.30207875172E-07
  8.57598081438E-07
  7.82718700520E-07
  7.05755496710E-07
  6.26894518518E-07
  5.46323292383E-07
  4.64231703745E-07
  3.80813276024E-07
  2.96265710631E-07
  2.10792379107E-07
  1.24603104723E-07
  3.79152282903E-08
 -4.90460649871E-08
 -1.36046523380E-07
 -2.22842501785E-07
 -3.09180990143E-07
 -3.94798917114E-07
 -4.79423363231E-07
 -5.62772129342E-07
 -6.44554631890E-07
 -7.24470908153E-07
 -8.02215083695E-07
 -8.77474747085E-07
 -9.49933280481E-07
 -1.01927139440E-06
 -1.08516883301E-06
 -1.14730664791E-06
 -1.20536981285E-06
 -1.25904887227E-06
 -1.30804403398E-06
 -1.35206516916E-06
 -1.39083726935E-06
 -1.42410215176E-06
 -1.45162096032E-06
 -1.47317712162E-06
 -1.48857918703E-06
 -1.49766367485E-06
 -1.50029654833E-06
 -1.49637730829E-06
 -1.48583887949E-06
 -1.46865090755E-06
 -1.44482203268E-06
 -1.41439875279E-06
 -1.37746951623E-06
 -1.33416313020E-06
 -1.28465001126E-06
 -1.22914252643E-06
 -1.16789419735E-06
 -1.10119935925E-06
 -1.02939134194E-06
 -9.52841787694E-07
 -8.71958832249E-07
 -7.87184490036E-07
 -6.98992664638E-07
 -6.07885908721E-07
 -5.14392525020E-07
 -4.19063212576E-07
 -3.22467485603E-07
 -2.25189680236E-07
 -1.27824932861E-07
 -3.09752863359E-08
  6.47549285304E-08
  1.58763270974E-07
  2.50453553008E-07
  3.39240330050E-07
  4.24553036282E-07
  5.05840603182E-07
  5.82575296448E-07
  6.54256609778E-07
  7.20415698652E-07
  7.80617881446E-07
  8.34467300592E-07
  8.81608684722E-07
  9.21730872960E-07
  9.54569145506E-07
  9.79906758403E-07
  9.97577558337E-07
  1.00746638054E-06
  1.00951058357E-06
  1.00370050404E-06
  9.90079342955E-07
  9.68743279373E-07
  9.39840788305E-07
  9.03571617528E-07
  8.60185366491E-07
  8.09979837868E-07
  7.53299218559E-07
  6.90531521741E-07
  6.22106199444E-07
  5.48490618257E-07
  4.70187870860E-07
  3.87732768559E-07
  3.01688373838E-07
  2.12642547126E-07
  1.21203768799E-07
  2.79975171935E-08
 -6.63380319565E-08
 -1.61155981004E-07
 -2.55804820881E-07
 -3.49632472307E-07
 -4.41990550826E-07
 -5.32238232154E-07
 -6.19746231223E-07
 -7.03900980170E-07
 -7.84107726304E-07
 -8.59794795360E-07
 -9.30416717893E-07
 -9.95457980935E-07
 -1.05443530174E-06
 -1.10690143629E-06
 -1.15244745302E-06
 -1.19070580240E-06
 -1.22135156744E-06
 -1.24410587432E-06
 -1.25873657453E-06
 -1.26506063225E-06
 -1.26294526126E-06
 -1.25230883441E-06
 -1.23312236155E-06
 -1.20540903481E-06
 -1.16924570648E-06
 -1.12476220693E-06
 -1.07214179934E-06
 -1.01162004285E-06
 -9.43484337768E-07
 -8.68073584570E-07
 -7.85775966961E-07
 -6.97027644492E-07
 -6.02311558850E-07
 -5.02154591686E-07
 -3.97125717200E-07
 -2.87833131551E-07
 -1.74921368057E-07
 -5.90683342239E-08
  5.90183688587E-08
  1.78604963708E-07
  2.98935475485E-07
  4.19235817617E-07
  5.38718381904E-07
  6.56586223613E-07
  7.72038220020E-07
  8.84274129476E-07
  9.92498939922E-07
  1.09592940589E-06
  1.19379762964E-06
  1.28535793920E-06
  1.36989217481E-06
  1.44671378166E-06
  1.51517508584E-06
  1.57467138706E-06
  1.62464607456E-06
  1.66459676620E-06
  1.69407917383E-06
  1.71271176441E-06
  1.72018053490E-06
  1.71624253653E-06
  1.70072996752E-06
  1.67355256053E-06
  1.63470087955E-06
  1.58424813890E-06
  1.52235202222E-06
  1.44925559198E-06
  1.36528717576E-06
  1.27086138946E-06
  1.16647640880E-06
  1.05271419670E-06
  9.30236524255E-07
  7.99782981176E-07
  6.62166598886E-07
  5.18269928307E-07
  3.69039298675E-07
  2.15479246890E-07
  5.86460657814E-08
 -1.00359464739E-07
 -2.60399644958E-07
 -4.20308111870E-07
 -5.78898436743E-07
 -7.34973355065E-07
 -8.87333897026E-07
 -1.03478942037E-06
 -1.17616684747E-06
 -1.31032140871E-06
 -1.43614602166E-06
 -1.55258123868E-06
 -1.65862491031E-06
 -1.75334218966E-06
 -1.83587337688E-06
 -1.90544369616E-06
 -1.96137057173E-06
 -2.00307226805E-06
 -2.03007198252E-06
 -2.04200705411E-06
 -2.03863169190E-06
 -2.01982152248E-06
 -1.98557700060E-06
 -1.93602568288E-06
 -1.87142154573E-06
 -1.79214748641E-06
 -1.69871100297E-06
 -1.59174339842E-06
 -1.47199580169E-06
 -1.34033427912E-06
 -1.19773301321E-06
 -1.04526839095E-06
 -8.84110306743E-07
 -7.15512783245E-07
 -5.40804137472E-07
 -3.61376208957E-07
 -1.78672422635E-07
  5.82431125551E-09
  1.90604566797E-07
  3.74145599835E-07
  5.54925009055E-07
  7.31434340651E-07
  9.02193164620E-07
  1.06576226244E-06
  1.22075789477E-06
  1.36586402277E-06
  1.49984543896E-06
  1.62155959060E-06
  1.72996828951E-06
  1.82414714800E-06
  1.90329558336E-06
  1.96674500330E-06
  2.01396596822E-06
  2.04457296604E-06
  2.05833157452E-06
  2.05515766538E-06
  2.03512263397E-06
  1.99845067073E-06
  1.94551967070E-06
  1.87685634501E-06
  1.79313371973E-06
  1.69516374626E-06
  1.58389093485E-06
  1.46038394178E-06
  1.32582465540E-06
  1.18149830541E-06
  1.02878050257E-06
  8.69124789915E-07
  7.04048261468E-07
  5.35117408162E-07
  3.63931917491E-07
  1.92110221064E-07
  2.12729815985E-08
 -1.46972851667E-07
 -3.11049802804E-07
 -4.69425458505E-07
 -6.20627929493E-07
 -7.63260459280E-07
 -8.96015365015E-07
 -1.01768728200E-06
 -1.12718544187E-06
 -1.22354390442E-06
 -1.30593241465E-06
 -1.37366453146E-06
 -1.42620331189E-06
 -1.46316915561E-06
 -1.48434094172E-06
 -1.48966023517E-06
 -1.47923105942E-06
 -1.45331853219E-06
 -1.41234704643E-06
 -1.35689379022E-06
 -1.28768488139E-06
 -1.20558672734E-06
 -1.11159715743E-06
 -1.00683416804E-06
 -8.92525633844E-07
 -7.69995040173E-07
 -6.40648863737E-07
 -5.05960258579E-07
 -3.67455072592E-07
 -2.26694837124E-07
 -8.52606092394E-08
  5.52636656437E-08
  1.93307940322E-07
  3.27332514871E-07
  4.55844315184E-07
  5.77412833991E-07
  6.90685055815E-07
  7.94399738879E-07
  8.87400801730E-07
  9.68649828792E-07
  1.03723630218E-06
  1.09238806090E-06
  1.13347925890E-06
  1.16003627681E-06
  1.17174363368E-06
  1.16844705644E-06
  1.15015495794E-06
  1.11703843686E-06
  1.06942934508E-06
  1.00781676338E-06
  9.32842169732E-07
  8.45292390750E-07
  7.46091131987E-07
  6.36289541944E-07
  5.17055013916E-07
  3.89658595168E-07
  2.55462055065E-07
  1.15903240783E-07
 -2.75188511978E-08
 -1.73260218617E-07
 -3.19747670119E-07
 -4.65395288529E-07
 -6.08621235187E-07
 -7.47864532968E-07
 -8.81600669800E-07
 -1.00835814010E-06
 -1.12673319563E-06
 -1.23540496588E-06
 -1.33314858886E-06
 -1.41884822824E-06
 -1.49150798734E-06
 -1.55026293669E-06
 -1.59438729952E-06
 -1.62330138664E-06
 -1.63657875873E-06
 -1.63394872743E-06
 -1.61529999332E-06
 -1.58068110068E-06
 -1.53029998273E-06
 -1.46452134686E-06
 -1.38386212711E-06
 -1.28898716412E-06
 -1.18070067856E-06
 -1.05993922261E-06
 -9.27760538616E-07
 -7.85333725162E-07
 -6.33926788396E-07
 -4.74893283808E-07
 -3.09658730657E-07
 -1.39706671121E-07
  3.34369012478E-08
  2.08218636999E-07
  3.83073000876E-07
  5.56438067179E-07
  7.26770792880E-07
  8.92561615728E-07
  1.05234937564E-06
  1.20473509924E-06
  1.34839535804E-06
  1.48209414874E-06
  1.60469483035E-06
  1.71516876435E-06
  1.81260679710E-06
  1.89622471680E-06
  1.96537098418E-06
  2.01953048418E-06
  2.05832952815E-06
  2.08153687709E-06
  2.08906408261E-06
  2.08096616916E-06
  2.05743776860E-06
  2.01880993700E-06
  1.96554628928E-06
  1.89823515484E-06
  1.81758332474E-06
  1.72440707047E-06
  1.61962361744E-06
  1.50423920786E-06
  1.37933989208E-06
  1.24607902308E-06
  1.10566463718E-06
  9.59348312790E-07
  8.08411414255E-07
  6.54152870538E-07
  4.97875987548E-07
  3.40876823657E-07
  1.84431030448E-07
  2.97825728524E-08
 -1.21867500980E-07
 -2.69371639661E-07
 -4.11645714848E-07
 -5.47677700524E-07
 -6.76536160427E-07
 -7.97376799255E-07
 -9.09448715447E-07
 -1.01209946024E-06
 -1.10477856197E-06
 -1.18704019769E-06
 -1.25854569433E-06
 -1.31906278966E-06
 -1.36846495025E-06
 -1.40673080296E-06
 -1.43394049701E-06
 -1.45027229337E-06
 -1.45599767620E-06
 -1.45147612329E-06
 -1.43714908063E-06
 -1.41353280014E-06
 -1.38121106374E-06
 -1.34082608838E-06
 -1.29307272800E-06
 -1.23868710489E-06
 -1.17843978842E-06
 -1.11312544959E-06
 -1.04355490294E-06
 -9.70546352619E-07
 -8.94915785921E-07
 -8.17469981484E-07
 -7.38997869121E-07
 -6.60262969632E-07
 -5.81996914661E-07
 -5.04892796016E-07
 -4.29598998153E-07
 -3.56715048611E-07
 -2.86786502102E-07
 -2.20301572540E-07
 -1.57688276659E-07
 -9.93121460624E-08
 -4.54751933887E-08
  3.58502738607E-09
  4.76951989015E-08
  8.67451319664E-08
  1.20686650007E-07
  1.49531231841E-07
  1.73347160626E-07
  1.92256550235E-07
  2.06431224115E-07
  2.16088722027E-07
  2.21487837848E-07
  2.22923560500E-07
  2.20722057520E-07
  2.15235544943E-07
  2.06836901384E-07
  1.95914239498E-07
  1.82865477427E-07
  1.68093450270E-07
  1.52000509956E-07
  1.34983679345E-07
  1.17430239754E-07
  9.97131834879E-08
  8.21872490064E-08
  6.51854605849E-08
  4.90158562627E-08
  3.39586492260E-08
  2.02640411118E-08
  8.15020761991E-09
 -2.19799756174E-09
 -1.06300470648E-08
 -1.70302136837E-08
 -2.13176409858E-08
 -2.34459154314E-08
 -2.34023822543E-08
 -2.12067909899E-08
 -1.69100466962E-08
 -1.05921600380E-08
 -2.36022312805E-09
  7.65407914827E-09
  1.92967810619E-08
  3.23946451886E-08
  4.67580747454E-08
  6.21838296411E-08
  7.84581786206E-08
  9.53599510467E-08
  1.12663762764E-07
  1.30142424837E-07
  1.47570332842E-07
  1.64725946661E-07
  1.81394440801E-07
  1.97369985244E-07
  2.12458118654E-07
  2.26477865795E-07
  2.39263016510E-07
  2.50664157875E-07
  2.60549683162E-07
  2.68806843451E-07
  2.75342642908E-07
  2.80084123006E-07
  2.82978874111E-07
  2.83994808115E-07
  2.83120158429E-07
  2.80363082084E-07
  2.75750920764E-07
  2.69329319735E-07
  2.61161517301E-07
  2.51327122669E-07
  2.39920751710E-07
  2.27050804824E-07
  2.12838045854E-07
  1.97414067316E-07
  1.80919712989E-07
  1.63503500517E-07
  1.45320143474E-07
  1.26528803435E-07
  1.07291704410E-07
  8.77724986026E-08
  6.81348311105E-08
  4.85411106865E-08
  2.91507582517E-08
  1.01194377322E-08
 -8.40236236144E-09
 -2.62704062948E-08
 -4.33475797479E-08
 -5.95048312846E-08
 -7.46219441794E-08
 -8.85882371904E-08
 -1.01303079703E-07
 -1.12676517006E-07
 -1.22629586485E-07
 -1.31094651579E-07
 -1.38015693096E-07
 -1.43348600545E-07
 -1.47060902123E-07
 -1.49132375782E-07
 -1.49554566065E-07
 -1.48330968841E-07
 -1.45476960256E-07
 -1.41019455668E-07
 -1.34996923862E-07
 -1.27459145460E-07
 -1.18466900290E-07
 -1.08091711581E-07
 -9.64155688621E-08
 -8.35305016267E-08
 -6.95383945981E-08
 -5.45503802130E-08
 -3.86865082191E-08
 -2.20752802704E-08
 -4.85306550502E-09
  1.28363417673E-08
  3.08424574769E-08
  4.90086513594E-08
  6.71728273005E-08
  8.51683097380E-08
  1.02824508019E-07
  1.19967836554E-07
  1.36422656283E-07
  1.52012219701E-07
  1.66559701142E-07
  1.79889383389E-07
  1.91827638218E-07
  2.02204248012E-07
  2.10853599469E-07
  2.17616019427E-07
  2.22339025413E-07
  2.24878604627E-07
  2.25100677653E-07
  2.22882363232E-07
  2.18113299866E-07
  2.10697081116E-07
  2.00552364049E-07
  1.87614233482E-07
  1.71835267793E-07
  1.53186675789E-07
  1.31659319891E-07
  1.07264533256E-07
  8.00349226893E-08
  5.00250436630E-08
  1.73118515079E-08
 -1.80050765408E-08
 -5.58031949538E-08
 -9.59371035947E-08
 -1.38238817726E-07
 -1.82518036240E-07
 -2.28562953453E-07
 -2.76140610822E-07
 -3.24998723045E-07
 -3.74865976482E-07
 -4.25454061315E-07
 -4.76458978937E-07
 -5.27562747266E-07
 -5.78435958687E-07
 -6.28739144304E-07
 -6.78125161357E-07
 -7.26242376459E-07
 -7.72736086674E-07
 -8.17251759599E-07
 -8.59437875533E-07
 -8.98948030681E-07
 -9.35444575134E-07
 -9.68600147644E-07
 -9.98101882033E-07
 -1.02365333987E-06
 -1.04497667053E-06
 -1.06181630599E-06
 -1.07394043880E-06
 -1.08114375053E-06
 -1.08324934445E-06
 -1.08011113298E-06
 -1.07161463347E-06
 -1.05767901459E-06
 -1.03825834685E-06
 -1.01334273950E-06
 -9.82958340501E-07
 -9.47168359744E-07
 -9.06073069018E-07
 -8.59809233589E-07
 -8.08550169040E-07
 -7.52504774937E-07
 -6.91916056894E-07
 -6.27060160241E-07
 -5.58244551030E-07
 -4.85806253891E-07
 -4.10109294080E-07
 -3.31542509002E-07
 -2.50516876577E-07
 -1.67462602008E-07
 -8.28259416608E-08
  2.93363888737E-09
  8.93472176244E-08
  1.75939575797E-07
  2.62232845216E-07
  3.47749875118E-07
  4.32017799312E-07
  5.14571866006E-07
  5.94958521560E-07
  6.72739076890E-07
  7.47492720166E-07
  8.18820126369E-07
  8.86345787876E-07
  9.49721538746E-07
  1.00862860108E-06
  1.06278002932E-06
  1.11192264285E-06
  1.15583975457E-06
  1.19435117085E-06
  1.22731512420E-06
  1.25462975120E-06
  1.27623263779E-06
  1.29210150135E-06
  1.30225419070E-06
  1.30674811771E-06
  1.30567889300E-06
  1.29918078073E-06
  1.28742362904E-06
  1.27061218791E-06
  1.24898315335E-06
  1.22280425785E-06
  1.19237142826E-06
  1.15800446565E-06
  1.12004636321E-06
  1.07885898615E-06
  1.03481988845E-06
  9.88319470707E-07
  9.39756660046E-07
  8.89536693194E-07
  8.38066171127E-07
  7.85750501109E-07
  7.32990031338E-07
  6.80176412970E-07
  6.27689985322E-07
  5.75895739985E-07
  5.25140819718E-07
  4.75751193107E-07
  4.28029579780E-07
  3.82252380859E-07
  3.38667916822E-07
  2.97494295864E-07
  2.58917907558E-07
  2.23091944918E-07
  1.90135637013E-07
  1.60133296845E-07
  1.33134136604E-07
  1.09152161087E-07
  8.81665087604E-08
  7.01220912447E-08
  5.49305632092E-08
  4.24716048997E-08
  3.25945137547E-08
  2.51200482637E-08
  1.98426999276E-08
  1.65329598900E-08
  1.49400971594E-08
  1.47949155149E-08
  1.58129207506E-08
  1.76973440347E-08
  2.01425951474E-08
  2.28376997313E-08
  2.54696601587E-08
  2.77271077209E-08
  2.93037061283E-08
  2.99016207350E-08
  2.92350197384E-08
  2.70333941899E-08
  2.30445085236E-08
  1.70376406317E-08
  8.80622064159E-09
 -1.82942994087E-09
 -1.50199728211E-08
 -3.08848235875E-08
 -4.95104828246E-08
 -7.09491487783E-08
 -9.52174943336E-08
 -1.22296100358E-07
 -1.52128805553E-07
 -1.84623047517E-07
 -2.19649777478E-07
 -2.57044575847E-07
 -2.96608533290E-07
 -3.38109714448E-07
 -3.81285104822E-07
 -4.25842529239E-07
 -4.71463096119E-07
 -5.17804437550E-07
 -5.64503125133E-07
 -6.11178279541E-07
 -6.57435123230E-07
 -7.02868362623E-07
 -7.47066678741E-07
 -7.89615910435E-07
 -8.30103431326E-07
 -8.68122640441E-07
 -9.03276600184E-07
 -9.35182129069E-07
 -9.63473780757E-07
 -9.87808107311E-07
 -1.00786701296E-06
 -1.02336105101E-06
 -1.03403328922E-06
 -1.03966203824E-06
 -1.04006358015E-06
 -1.03509410110E-06
 -1.02465253349E-06
 -1.00868214759E-06
 -9.87170665212E-07
 -9.60152533480E-07
 -9.27708356357E-07
 -8.89965349415E-07
 -8.47096487178E-07
 -7.99319707312E-07
 -7.46896546389E-07
 -6.90130264047E-07
 -6.29363682947E-07
 -5.64976573969E-07
 -4.97382075082E-07
 -4.27024133387E-07
 -3.54373355549E-07
 -2.79922943491E-07
 -2.04184559038E-07
 -1.27683847495E-07
 -5.09556876693E-08
  2.54605136973E-08
  1.01025726451E-07
  1.75206196218E-07
  2.47478396886E-07
  3.17333729072E-07
  3.84283424637E-07
  4.47863016007E-07
  5.07636684688E-07
  5.63201524528E-07
  6.14191151271E-07
  6.60279283693E-07
  7.01183182628E-07
  7.36665924705E-07
  7.66538732933E-07
  7.90663307271E-07
  8.08952506759E-07
  8.21371713755E-07
  8.27939174997E-07
  8.28725262636E-07
  8.23852474241E-07
  8.13493954865E-07
  7.97871848590E-07
  7.77254967943E-07
  7.51956349632E-07
  7.22330128156E-07
  6.88767784141E-07
  6.51694733733E-07
  6.11565496911E-07
  5.68859547911E-07
  5.24076597230E-07
  4.77731191495E-07
  4.30348052305E-07
  3.82456221359E-07
  3.34584370876E-07
  2.87255005560E-07
  2.40979346700E-07
  1.96252258888E-07
  1.53547134119E-07
  1.13311251937E-07
  7.59610827572E-08
  4.18782200029E-08
  1.14054721223E-08
 -1.51565391349E-08
 -3.75525530671E-08
 -5.55749721798E-08
 -6.90662247393E-08
 -7.79201059231E-08
 -8.20829555437E-08
 -8.15540133203E-08
 -7.63854828278E-08
 -6.66818849027E-08
 -5.25988923528E-08
 -3.43416779458E-08
 -1.21628289662E-08
  1.36405438056E-08
  4.27297024430E-08
  7.47279997881E-08
  1.09224792766E-07
  1.45779594618E-07
  1.83927099329E-07
  2.23181601200E-07
  2.63042181814E-07
  3.02998103052E-07
  3.42534235642E-07
  3.81136175065E-07
  4.18295513782E-07
  4.53515667687E-07
  4.86316650949E-07
  5.16240163506E-07
  5.42854650121E-07
  5.65759364690E-07
  5.84589031405E-07
  5.99017369041E-07
  6.08760842624E-07
  6.13581391917E-07
  6.13289159901E-07
  6.07744539138E-07
  5.96859536017E-07
  5.80599021305E-07
  5.58981469112E-07
  5.32078104243E-07
  5.00013243254E-07
  4.62962674419E-07
  4.21152265062E-07
  3.74855886776E-07
  3.24392544826E-07
  2.70123820201E-07
  2.12450359527E-07
  1.51807654447E-07
  8.86625812768E-08
  2.35085746425E-08
 -4.31389466371E-08
 -1.10747258475E-07
 -1.78771614401E-07
 -2.46659908498E-07
 -3.13858237178E-07
 -3.79815759288E-07
 -4.43989733867E-07
 -5.05850607624E-07
 -5.64886818211E-07
 -6.20609228008E-07
 -6.72555870551E-07
 -7.20295417977E-07
 -7.63431273754E-07
 -8.01605210654E-07
 -8.34500042401E-07
 -8.61842238464E-07
 -8.83404482011E-07
 -8.99006693089E-07
 -9.08518302367E-07
 -9.11858080599E-07
 -9.08995275495E-07
 -8.99949043287E-07
 -8.84788221356E-07
 -8.63629907144E-07
 -8.36638662349E-07
 -8.04024068657E-07
 -7.66039022437E-07
 -7.22976949419E-07
 -6.75169076203E-07
 -6.22980792286E-07
 -5.66809092106E-07
 -5.07078141254E-07
 -4.44235809027E-07
 -3.78749689389E-07
 -3.11103093509E-07
 -2.41790644395E-07
 -1.71314567865E-07
 -1.00180002960E-07
 -2.88914918656E-08
  4.20516101940E-08
  1.12158460297E-07
  1.80950749495E-07
  2.47966482902E-07
  3.12762722388E-07
  3.74919125079E-07
  4.34040856589E-07
  4.89760736855E-07
  5.41741997040E-07
  5.89679984841E-07
  6.33303841369E-07
  6.72378234867E-07
  7.06703758624E-07
  7.36118465738E-07
  7.60497698593E-07
  7.79754373070E-07
  7.93838921709E-07
  8.02738725270E-07
  8.06477714832E-07
  8.05114780178E-07
  7.98743201358E-07
  7.87488886544E-07
  7.71508780417E-07
  7.50989272547E-07
  7.26143923657E-07
  6.97211703482E-07
  6.64454660182E-07
  6.28155305549E-07
  5.88615137076E-07
  5.46151227354E-07
  5.01094291394E-07
  4.53786384469E-07
  4.04578003099E-07
  3.53825981847E-07
  3.01891077470E-07
  2.49135410968E-07
  1.95920591750E-07
  1.42605017572E-07
  8.95423610814E-08
  3.70787702764E-08
 -1.44482275033E-08
 -6.47121538577E-08
 -1.13399110546E-07
 -1.60209282285E-07
 -2.04858551456E-07
 -2.47079753990E-07
 -2.86624185719E-07
 -3.23262497659E-07
 -3.56785761824E-07
 -3.87006508618E-07
 -4.13759352114E-07
 -4.36901927969E-07
 -4.56315348174E-07
 -4.71904456845E-07
 -4.83598569190E-07
 -4.91351443088E-07
 -4.95141534884E-07
 -4.94972141496E-07
 -4.90871059355E-07
 -4.82890754938E-07
 -4.71107739486E-07
 -4.55622569007E-07
 -4.36558906358E-07
 -4.14063350718E-07
 -3.88304329135E-07
 -3.59471840738E-07
 -3.27775723008E-07
 -2.93445310717E-07
 -2.56727958003E-07
 -2.17887759391E-07
 -1.77204441343E-07
 -1.34971330112E-07
 -9.14944280339E-08
 -4.70901291294E-08
 -2.08380623867E-09
  4.31923830035E-08
  8.84011583935E-08
  1.33202490815E-07
  1.77255486733E-07
  2.20220812253E-07
  2.61762835407E-07
  3.01551949633E-07
  3.39266676974E-07
  3.74596424990E-07
  4.07243447853E-07
  4.36925176928E-07
  4.63376750304E-07
  4.86352803364E-07
  5.05629827785E-07
  5.21008303167E-07
  5.32314118118E-07
  5.39401185051E-07
  5.42151951777E-07
  5.40479959454E-07
  5.34330183655E-07
  5.23680569131E-07
  5.08542825628E-07
  4.88962712097E-07
  4.65020804086E-07
  4.36832181094E-07
  4.04546398158E-07
  3.68347002677E-07
  3.28450767029E-07
  2.85106722231E-07
  2.38594594748E-07
  1.89223527514E-07
  1.37330104621E-07
  8.32761060110E-08
  2.74462177430E-08
 -2.97545597050E-08
 -8.79038282164E-08
 -1.46564758552E-07
 -2.05289396149E-07
 -2.63621870999E-07
 -3.21102106682E-07
 -3.77269401497E-07
 -4.31665881706E-07
 -4.83840551624E-07
 -5.33352817911E-07
 -5.79776212817E-07
 -6.22702259534E-07
 -6.61743683850E-07
 -6.96538222655E-07
 -7.26751693492E-07
 -7.52081291466E-07
 -7.72258204051E-07
 -7.87050737472E-07
 -7.96266419911E-07
 -7.99753820502E-07
 -7.97405050434E-07
 -7.89156331393E-07
 -7.74990326136E-07
 -7.54935228997E-07
 -7.29066528038E-07
 -6.97506436609E-07
 -6.60423211229E-07
 -6.18030867372E-07
 -5.70587531001E-07
 -5.18394074334E-07
 -4.61792325268E-07
 -4.01162253638E-07
 -3.36919782740E-07
 -2.69513719786E-07
 -1.99422359515E-07
 -1.27150073581E-07
 -5.32234132322E-08
  2.18127702567E-08
  9.73995781806E-08
  1.72968398715E-07
  2.47945223464E-07
  3.21755322830E-07
  3.93827690459E-07
  4.63599548084E-07
  5.30520935627E-07
  5.94059031300E-07
  6.53702443287E-07
  7.08965785634E-07
  7.59392662530E-07
  8.04560727374E-07
  8.44083842821E-07
  8.77616287198E-07
  9.04855255612E-07
  9.25543190533E-07
  9.39470680805E-07
  9.46477371144E-07
  9.46454463246E-07
  9.39344715789E-07
  9.25143979202E-07
  9.03900854610E-07
  8.75716580140E-07
  8.40744974084E-07
  7.99190615908E-07
  7.51308107283E-07
  6.97399741512E-07
  6.37814025595E-07
  5.72942497001E-07
  5.03217165715E-07
  4.29107586797E-07
  3.51117023456E-07
  2.69779036444E-07
  1.85653334484E-07
  9.93219941847E-08
  1.13848779293E-08
 -7.75445911927E-08
 -1.66844003502E-07
 -2.55886448031E-07
 -3.44045133716E-07
 -4.30697980391E-07
 -5.15232102316E-07
 -5.97048369855E-07
 -6.75565217989E-07
 -7.50223932755E-07
 -8.20491436571E-07
 -8.85864778866E-07
 -9.45874774061E-07
 -1.00008912796E-06
 -1.04811522306E-06
 -1.08960352918E-06
 -1.12424970666E-06
 -1.15179636850E-06
 -1.17203546779E-06
 -1.18480932088E-06
 -1.19001197163E-06
 -1.18758907774E-06
 -1.17753938866E-06
 -1.15991394978E-06
 -1.13481564767E-06
 -1.10239875539E-06
 -1.06286745449E-06
 -1.01647447082E-06
 -9.63519596553E-07
 -9.04346620700E-07
 -8.39341907977E-07
 -7.68931272432E-07
 -6.93576510002E-07
 -6.13773011082E-07
 -5.30045440428E-07
 -4.42944951828E-07
 -3.53044669055E-07
 -2.60935962615E-07
 -1.67224456504E-07
 -7.25258075818E-08
  2.25385861086E-08
  1.17345663853E-07
  2.11275136053E-07
  3.03713704852E-07
  3.94058986330E-07
  4.81723873236E-07
  5.66140499814E-07
  6.46763680834E-07
  7.23075061160E-07
  7.94586469510E-07
  8.60843044848E-07
  9.21426362765E-07
  9.75957277660E-07
  1.02409819647E-06
  1.06555580714E-06
  1.10008249976E-06
  1.12747807179E-06
  1.14759154712E-06
  1.16032128972E-06
  1.16561614050E-06
  1.16347575840E-06
  1.15395005196E-06
  1.13713940664E-06
  1.11319309326E-06
  1.08230915430E-06
  1.04473201645E-06
  1.00075146747E-06
  9.50700041358E-07
  8.94950801467E-07
  8.33914782561E-07
  7.68038148635E-07
  6.97798782312E-07
  6.23703044766E-07
  5.46282080904E-07
  4.66088351914E-07
  3.83691372008E-07
  2.99674013604E-07
  2.14627860373E-07
  1.29149725581E-07
  4.38370726386E-08
 -4.07162232818E-08
 -1.23924039030E-07
 -2.05212018045E-07
 -2.84021638208E-07
 -3.59814265494E-07
 -4.32074784840E-07
 -5.00315252339E-07
 -5.64078277421E-07
 -6.22940206085E-07
 -6.76514275710E-07
 -7.24452718259E-07
 -7.66449772982E-07
 -8.02243107501E-07
 -8.31616318919E-07
 -8.54399559103E-07
 -8.70471126291E-07
 -8.79758033534E-07
 -8.82236065536E-07
 -8.77930347087E-07
 -8.66914263042E-07
 -8.49309572004E-07
 -8.25284132588E-07
 -7.95052017111E-07
 -7.58870498885E-07
 -7.17038346920E-07
 -6.69893893246E-07
 -6.17811622305E-07
 -5.61200181437E-07
 -5.00498401834E-07
 -4.36172513218E-07
 -3.68712278487E-07
 -2.98627639950E-07
 -2.26444669238E-07
 -1.52701730372E-07
 -7.79455291422E-08
 -2.72720490635E-09
  7.24018320852E-08
  1.46893711417E-07
  2.20208150381E-07
  2.91816149911E-07
  3.61203746024E-07
  4.27875647802E-07
  4.91358491672E-07
  5.51204095700E-07
  6.06992387020E-07
  6.58334386117E-07
  7.04874196344E-07
  7.46291789255E-07
  7.82304311997E-07
  8.12668474737E-07
  8.37181232782E-07
  8.55680866607E-07
  8.68048118718E-07
  8.74206079970E-07
  8.74120757999E-07
  8.67800281412E-07
  8.55294956636E-07
  8.36696017359E-07
  8.12134601347E-07
  7.81780897796E-07
  7.45841589378E-07
  7.04558999587E-07
  6.58208364257E-07
  6.07096012573E-07
  5.51556695427E-07
  4.91950913784E-07
  4.28662985996E-07
  3.62097210882E-07
  2.92675679248E-07
  2.20835147502E-07
  1.47024138641E-07
  7.16998584949E-08
 -4.67471306109E-09
 -8.16337433207E-08
 -1.58711500831E-07
 -2.35445128283E-07
 -3.11377391427E-07
 -3.86059440416E-07
 -4.59053183022E-07
 -5.29933686266E-07
 -5.98291705955E-07
 -6.63735761464E-07
 -7.25893471554E-07
 -7.84414396549E-07
 -8.38970834138E-07
 -8.89260093118E-07
 -9.35004891289E-07
 -9.75955231297E-07
 -1.01188902590E-06
 -1.04261312117E-06
 -1.06796358068E-06
 -1.08780648134E-06
 -1.10203859549E-06
 -1.11058625407E-06
 -1.11340716558E-06
 -1.11048871076E-06
 -1.10184885216E-06
 -1.08753488348E-06
 -1.06762388441E-06
 -1.04222101527E-06
 -1.01145985809E-06
 -9.75500938694E-07
 -9.34530987706E-07
 -8.88762087925E-07
 -8.38430423755E-07
 -7.83795087500E-07
 -7.25137169866E-07
 -6.62758111503E-07
 -5.96978168232E-07
 -5.28135615241E-07
 -4.56584416497E-07
 -3.82693286838E-07
 -3.06843702447E-07
 -2.29428280818E-07
 -1.50849004399E-07
 -7.15154442332E-08
  8.15715672786E-09
  8.77497896568E-08
  1.66841743976E-07
  2.45012387268E-07
  3.21843430129E-07
  3.96921052470E-07
  4.69837772243E-07
  5.40194889709E-07
  6.07604306424E-07
  6.71690884246E-07
  7.32094861178E-07
  7.88473471403E-07
  8.40503389554E-07
  8.87882606548E-07
  9.30332703319E-07
  9.67600726653E-07
  9.99460894491E-07
  1.02571664229E-06
  1.04620210095E-06
  1.06078368844E-06
  1.06936170141E-06
  1.07187145204E-06
  1.06828406388E-06
  1.05860749500E-06
  1.04288778857E-06
  1.02120884549E-06
  9.93692651718E-07
  9.60499619396E-07
  9.21828018363E-07
  8.77913976183E-07
  8.29029659144E-07
  7.75483329107E-07
  7.17617069768E-07
  6.55805763472E-07
  5.90454931171E-07
  5.21998401837E-07
  4.50896095572E-07
  3.77631323545E-07
  3.02707690025E-07
  2.26645937573E-07
  1.49980763808E-07
  7.32571265871E-08
 -2.97368796254E-09
 -7.81574556186E-08
 -1.51741389232E-07
 -2.23178133751E-07
 -2.91929751484E-07
 -3.57471890311E-07
 -4.19298089582E-07
 -4.76923560200E-07
 -5.29889518930E-07
 -5.77766570586E-07
 -6.20158914444E-07
 -6.56707811686E-07
 -6.87094484420E-07
 -7.11043526280E-07
 -7.28325687760E-07
 -7.38760206787E-07
 -7.42216911931E-07
 -7.38617757179E-07
 -7.27938925138E-07
 -7.10210599664E-07
 -6.85518671162E-07
 -6.54003940781E-07
 -6.15862177256E-07
 -5.71343207412E-07
 -5.20749551924E-07
 -4.64434918968E-07
 -4.02801873634E-07
 -3.36299194714E-07
 -2.65419117795E-07
 -1.90693754121E-07
 -1.12691395771E-07
 -3.20123980657E-08
  5.07152861928E-08
  1.34840718147E-07
  2.19694967996E-07
  3.04596227352E-07
  3.88855056599E-07
  4.71780055022E-07
  5.52683047772E-07
  6.30884414932E-07
  7.05719685357E-07
  7.76543288339E-07
  8.42735403239E-07
  9.03706052213E-07
  9.58900614023E-07
  1.00780448520E-06
  1.04994728645E-06
  1.08490655748E-06
  1.11231258870E-06
  1.13185069495E-06
  1.14326439871E-06
  1.14635793125E-06
  1.14099759685E-06
  1.12711484235E-06
  1.10470455184E-06
  1.07382788883E-06
  1.03461047729E-06
  9.87242401607E-07
  9.31977353957E-07
  8.69130019510E-07
  7.99074427960E-07
  7.22241054518E-07
  6.39113750367E-07
  5.50225934148E-07
  4.56156470818E-07
  3.57525777872E-07
  2.54990453641E-07
  1.49238644553E-07
  4.09845029026E-08
 -6.90371777523E-08
 -1.80076597189E-07
 -2.91374931294E-07
 -4.02169973768E-07
 -5.11702182848E-07
 -6.19220315912E-07
 -7.23987454876E-07
 -8.25286406325E-07
 -9.22425215322E-07
 -1.01474256553E-06
 -1.10161238354E-06
 -1.18244918212E-06
 -1.25671112983E-06
 -1.32390584895E-06
 -1.38359212087E-06
 -1.43538431985E-06
 -1.47895468672E-06
 -1.51403492055E-06
 -1.54041890710E-06
 -1.55796317358E-06
 -1.56658836659E-06
 -1.56627788783E-06
 -1.55707971317E-06
 -1.53910411882E-06
 -1.51252277192E-06
 -1.47756713886E-06
 -1.43452575685E-06
 -1.38374230119E-06
 -1.32561217470E-06
 -1.26057909711E-06
 -1.18913123970E-06
 -1.11179701889E-06
 -1.02914145828E-06
 -9.41760845308E-07
 -8.50278183862E-07
 -7.55338248837E-07
 -6.57602583942E-07
 -5.57744158414E-07
 -4.56442847963E-07
 -3.54379096734E-07
 -2.52230080378E-07
 -1.50663908016E-07
 -5.03351280656E-08
  4.81203272784E-08
  1.44089298715E-07
  2.36985826518E-07
  3.26255076288E-07
  4.11377385490E-07
  4.91871105623E-07
  5.67296012832E-07
  6.37256050595E-07
  7.01401290826E-07
  7.59430236030E-07
  8.11091240394E-07
  8.56183532960E-07
  8.94557842912E-07
  9.26117138533E-07
  9.50816399836E-07
  9.68661424849E-07
  9.79709170679E-07
  9.84065877674E-07
  9.81884795692E-07
  9.73365786194E-07
  9.58751911639E-07
  9.38327332278E-07
  9.12414122922E-07
  8.81369430772E-07
  8.45582803777E-07
  8.05471415788E-07
  7.61477451761E-07
  7.14063958185E-07
  6.63710977733E-07
  6.10911627064E-07
  5.56168174626E-07
  4.99987947933E-07
  4.42879326101E-07
  3.85347959764E-07
  3.27892678342E-07
  2.71002079444E-07
  2.15150564031E-07
  1.60795082138E-07
  1.08371835950E-07
  5.82931107829E-08
  1.09444986407E-08
 -3.33177361256E-08
 -7.41690584505E-08
 -1.11318676943E-07
 -1.44511474787E-07
 -1.73529429048E-07
 -1.98192836365E-07
 -2.18361307702E-07
 -2.33934343896E-07
 -2.44851577236E-07
 -2.51092870940E-07
 -2.52677949675E-07
 -2.49665760066E-07
 -2.42153703311E-07
 -2.30276285151E-07
 -2.14203851101E-07
 -1.94140753251E-07
 -1.70323446014E-07
 -1.43018326071E-07
 -1.12519273898E-07
 -7.91452450244E-08
 -4.32373603587E-08
 -5.15613418628E-09
  3.47216015939E-08
  7.60057901061E-08
  1.18296334506E-07
  1.61186392234E-07
  2.04265631965E-07
  2.47123466579E-07
  2.89352470872E-07
  3.30551443994E-07
  3.70328763211E-07
  4.08305311339E-07
  4.44117489451E-07
  4.77420144307E-07
  5.07889126311E-07
  5.35223989573E-07
  5.59150009849E-07
  5.79420714075E-07
  5.95819244609E-07
  6.08160860338E-07
  6.16293277744E-07
  6.20098717263E-07
  6.19494301191E-07
  6.14433020019E-07
  6.04903505064E-07
  5.90930767430E-07
  5.72575686419E-07
  5.49933986349E-07
  5.23136634456E-07
  4.92347510317E-07
  4.57763036366E-07
  4.19610159952E-07
  3.78144591195E-07
  3.33648927153E-07
  2.86430235974E-07
  2.36817840005E-07
  1.85160502042E-07
  1.31823753691E-07
  7.71870887206E-08
  2.16407922693E-08
 -3.44171020572E-08
 -9.05837822529E-08
 -1.46455022332E-07
 -2.01628424179E-07
 -2.55706453345E-07
 -3.08299632934E-07
 -3.59029655783E-07
 -4.07532411373E-07
 -4.53460728522E-07
 -4.96487302826E-07
 -5.36307254606E-07
 -5.72640260543E-07
 -6.05233196893E-07
 -6.33861702681E-07
 -6.58332169223E-07
 -6.78483786487E-07
 -6.94188202033E-07
 -7.05352533714E-07
 -7.11918232810E-07
 -7.13862959856E-07
 -7.11199731995E-07
 -7.03977320882E-07
 -6.92279343184E-07
 -6.76223976370E-07
 -6.55962764995E-07
 -6.31678915397E-07
 -6.03586840953E-07
 -5.71928922000E-07
 -5.36974823717E-07
 -4.99018369737E-07
 -4.58375353674E-07
 -4.15381265384E-07
 -3.70387994053E-07
 -3.23761355503E-07
 -2.75877852118E-07
 -2.27121716989E-07
 -1.77881659624E-07
 -1.28547910094E-07
 -7.95087728989E-08
 -3.11477315051E-08
  1.61596958037E-08
  6.20491533709E-08
  1.06170134018E-07
  1.48188775029E-07
  1.87790718087E-07
  2.24683390115E-07
  2.58598191749E-07
  2.89292898970E-07
  3.16553155244E-07
  3.40194191040E-07
  3.60062387017E-07
  3.76036041416E-07
  3.88026251130E-07
  3.95977792778E-07
  3.99868696377E-07
  3.99710927468E-07
  3.95549790255E-07
  3.87463074958E-07
  3.75560915700E-07
  3.59983829412E-07
  3.40902005291E-07
  3.18513457387E-07
  2.93042205612E-07
  2.64736257805E-07
  2.33865520727E-07
  2.00719355803E-07
  1.65603793789E-07
  1.28839474201E-07
  9.07583270759E-08
  5.17011145007E-08
  1.20143139881E-08
 -2.79525718128E-08
 -6.78500668982E-08
 -1.07331544541E-07
 -1.46056024164E-07
 -1.83691170719E-07
 -2.19915634148E-07
 -2.54421820500E-07
 -2.86918350412E-07
 -3.17132247574E-07
 -3.44811098785E-07
 -3.69724943994E-07
 -3.91667953181E-07
 -4.10460245348E-07
 -4.25948684324E-07
 -4.38008328274E-07
 -4.46542969712E-07
 -4.51485988151E-07
 -4.52800406947E-07
 -4.50479149094E-07
 -4.44544838274E-07
 -4.35049344105E-07
 -4.22073071604E-07
 -4.05724335906E-07
 -3.86137941177E-07
 -3.63474129017E-07
 -3.37917128945E-07
 -3.09673225729E-07
 -2.78969167766E-07
 -2.46050007036E-07
 -2.11177109577E-07
 -1.74625824911E-07
 -1.36683297569E-07
 -9.76459659796E-08
 -5.78170862298E-08
 -1.75044458928E-08
  2.29823999831E-08
  6.33344043877E-08
  1.03245589855E-07
  1.42415444770E-07
  1.80551168683E-07
  2.17370185851E-07
  2.52602006867E-07
  2.85990466864E-07
  3.17295558716E-07
  3.46295195186E-07
  3.72786985281E-07
  3.96589371121E-07
  4.17543247977E-07
  4.35512646391E-07
  4.50385982731E-07
  4.62076542362E-07
  4.70522962814E-07
  4.75689688528E-07
  4.77566743484E-07
  4.76169901731E-07
  4.71540232638E-07
  4.63743617729E-07
  4.52869954870E-07
  4.39032362465E-07
  4.22366156272E-07
  4.03027542006E-07
  3.81192307941E-07
  3.57054119604E-07
  3.30823183958E-07
  3.02724174617E-07
  2.72994782335E-07
  2.41883270746E-07
  2.09646898952E-07
  1.76549633579E-07
  1.42860059782E-07
  1.08849370406E-07
  7.47891419905E-08
  4.09494020914E-08
  7.59619478430E-09
 -2.50100651300E-08
 -5.66167521754E-08
 -8.69810179438E-08
 -1.15871358730E-07
 -1.43069584624E-07
 -1.68372267240E-07
 -1.91592235410E-07
 -2.12559967849E-07
 -2.31124744232E-07
 -2.47155696798E-07
 -2.60542691422E-07
 -2.71196938684E-07
 -2.79051874941E-07
 -2.84063048639E-07
 -2.86208631906E-07
 -2.85489505814E-07
 -2.81928663526E-07
 -2.75571494512E-07
 -2.66484846634E-07
 -2.54756429285E-07
 -2.40494017589E-07
 -2.23824656587E-07
 -2.04893183309E-07
 -1.83861388336E-07
 -1.60906196811E-07
 -1.36218474722E-07
 -1.10001487030E-07
 -8.24689578849E-08
 -5.38435820374E-08
 -2.43549074241E-08
  5.76203795788E-09
  3.62691636724E-08
  6.69268658271E-08
  9.74959775135E-08
  1.27739696154E-07
  1.57425290581E-07
  1.86326275298E-07
  2.14223561557E-07
  2.40907581883E-07
  2.66179682740E-07
  2.89853545610E-07
  3.11756480187E-07
  3.31731087044E-07
  3.49635683961E-07
  3.65345613318E-07
  3.78754265284E-07
  3.89773049392E-07
  3.98332730356E-07
  4.04382888064E-07
  4.07892798648E-07
  4.08850951317E-07
  4.07264963087E-07
  4.03161521945E-07
  3.96585306817E-07
  3.87599101259E-07
  3.76282287107E-07
  3.62730276038E-07
  3.47053429550E-07
  3.29375836827E-07
  3.09834064183E-07
  2.88575591867E-07
  2.65757648776E-07
  2.41545563995E-07
  2.16111160967E-07
  1.89631180092E-07
  1.62285701322E-07
  1.34256467277E-07
  1.05725312949E-07
  7.68726025058E-08
  4.78755630695E-08
  1.89070163970E-08
 -9.86624471011E-09
 -3.82845897207E-08
 -6.61968897475E-08
 -9.34616082304E-08
 -1.19947728194E-07
 -1.45535679508E-07
 -1.70117971265E-07
 -1.93599902332E-07
 -2.15899873979E-07
 -2.36949745158E-07
 -2.56694846712E-07
 -2.75094095059E-07
 -2.92119693768E-07
 -3.07756806706E-07
 -3.22003273823E-07
 -3.34868730079E-07
 -3.46373951743E-07
 -3.56550202696E-07
 -3.65438069139E-07
 -3.73086351146E-07
 -3.79551238439E-07
 -3.84894633498E-07
 -3.89183469451E-07
 -3.92487834233E-07
 -3.94880117938E-07
 -3.96433478045E-07
 -3.97220532022E-07
 -3.97312192035E-07
 -3.96776300704E-07
 -3.95676522658E-07
 -3.94071435039E-07
 -3.92013106421E-07
 -3.89546642054E-07
 -3.86709189115E-07
 -3.83529197734E-07
 -3.80026136781E-07
 -3.76209925435E-07
 -3.72080847910E-07
 -3.67629326092E-07
 -3.62836260592E-07
 -3.57673030749E-07
 -3.52101949375E-07
 -3.46076973301E-07
 -3.39544357075E-07
 -3.32443249818E-07
 -3.24707087884E-07
 -3.16264447520E-07
 -3.07040295411E-07
 -2.96957352930E-07
 -2.85937403532E-07
 -2.73902855952E-07
 -2.60778278971E-07
 -2.46491765665E-07
 -2.30976596072E-07
 -2.14172871438E-07
 -1.96028850041E-07
 -1.76502481963E-07
 -1.55562801751E-07
 -1.33191292662E-07
 -1.09382988001E-07
 -8.41475937818E-08
 -5.75104834866E-08
 -2.95133517625E-08
 -2.14957135425E-10
  3.03085307962E-08
  6.19632842813E-08
  9.46376843558E-08
  1.28202657379E-07
  1.62511923918E-07
  1.97402655999E-07
  2.32696194757E-07
  2.68199187303E-07
  3.03704695170E-07
  3.38993771720E-07
  3.73836769541E-07
  4.07995457863E-07
  4.41224671022E-07
  4.73274525348E-07
  5.03892579218E-07
  5.32826277322E-07
  5.59824968605E-07
  5.84642862123E-07
  6.07040817613E-07
  6.26789812941E-07
  6.43672194656E-07
  6.57485315969E-07
  6.68042957841E-07
  6.75177943776E-07
  6.78744584093E-07
  6.78620097005E-07
  6.74706939208E-07
  6.66934056426E-07
  6.55258531879E-07
  6.39666666302E-07
  6.20175171662E-07
  5.96831341682E-07
  5.69713961340E-07
  5.38933306871E-07
  5.04630804699E-07
  4.66978633540E-07
  4.26179013857E-07
  3.82463127835E-07
  3.36089755137E-07
  2.87343709715E-07
  2.36533665543E-07
  1.83990380265E-07
  1.30063966708E-07
  7.51214486172E-08
  1.95438119022E-08
 -3.62769547735E-08
 -9.19410467759E-08
 -1.47044104892E-07
 -2.01180640147E-07
 -2.53947462170E-07
 -3.04947121776E-07
 -3.53791506313E-07
 -4.00105051312E-07
 -4.43528364258E-07
 -4.83721407818E-07
 -5.20366711498E-07
 -5.53171901174E-07
 -5.81873450756E-07
 -6.06238188539E-07
 -6.26066253062E-07
 -6.41192968942E-07
 -6.51490438486E-07
 -6.56869417526E-07
 -6.57279713323E-07
 -6.52711662497E-07
 -6.43196017336E-07
 -6.28804173175E-07
 -6.09648054706E-07
 -5.85878694892E-07
 -5.57686291813E-07
 -5.25297423337E-07
 -4.88974706059E-07
 -4.49013526804E-07
 -4.05740337328E-07
 -3.59509613190E-07
 -3.10701096851E-07
 -2.59716387063E-07
 -2.06975599326E-07
 -1.52913656848E-07
 -9.79767023068E-08
 -4.26180157831E-08
  1.27058807919E-08
  6.75392470839E-08
  1.21431128264E-07
  1.73939412207E-07
  2.24634717938E-07
  2.73104205917E-07
  3.18955244438E-07
  3.61819047612E-07
  4.01353844381E-07
  4.37247763330E-07
  4.69222101174E-07
  4.97033397551E-07
  5.20475680332E-07
  5.39382426723E-07
  5.53627671707E-07
  5.63127798614E-07
  5.67841254906E-07
  5.67769802728E-07
  5.62957893635E-07
  5.53492043309E-07
  5.39500490504E-07
  5.21151434896E-07
  4.98651786529E-07
  4.72244835237E-07
  4.42208062168E-07
  4.08850524991E-07
  3.72509788349E-07
  3.33548882736E-07
  2.92352694942E-07
  2.49324415336E-07
  2.04881743571E-07
  1.59452909543E-07
  1.13472594876E-07
  6.73780178317E-08
  2.16046363022E-08
 -2.34177619518E-08
 -6.72692195280E-08
 -1.09543357496E-07
 -1.49851231868E-07
 -1.87825008879E-07
 -2.23121105591E-07
 -2.55423600493E-07
 -2.84446940668E-07
 -3.09938570808E-07
 -3.31681178523E-07
 -3.49494655438E-07
 -3.63237631973E-07
 -3.72808443672E-07
 -3.78146353341E-07
 -3.79231579473E-07
 -3.76085438347E-07
 -3.68770031400E-07
 -3.57387449412E-07
 -3.42078493532E-07
 -3.23021282611E-07
 -3.00429434219E-07
 -2.74549705637E-07
 -2.45659663278E-07
 -2.14064840520E-07
 -1.80095540259E-07
 -1.44103893263E-07
 -1.06460028348E-07
 -6.75487186186E-08
 -2.77655622938E-08
  1.24869101725E-08
  5.28030348335E-08
  9.27779453264E-08
  1.32011393816E-07
