  7.16405565981E-08
  7.25102893284E-08
  7.32452107854E-08
  7.38374978937E-08
  7.42797752196E-08
  7.45650154954E-08
  7.46866462009E-08
  7.46385779848E-08
  7.44152757193E-08
  7.40117940268E-08
  7.34237772804E-08
  7.26475732904E-08
  7.16802119882E-08
  7.05194693751E-08
  6.91638959438E-08
  6.76128806276E-08
  6.58666294839E-08
  6.39261941160E-08
  6.17935640435E-08
  5.94715885427E-08
  5.69640299375E-08
  5.42755742572E-08
  5.14118703165E-08
  4.83794089234E-08
  4.51856578820E-08
  4.18388914625E-08
  3.83483502731E-08
  3.47240458609E-08
  3.09767926865E-08
  2.71182223344E-08
  2.31606147594E-08
  1.91169569064E-08
  1.50008592215E-08
  1.08264455179E-08
  6.60831522836E-09
  2.36149744204E-09
 -1.89863524902E-09
 -6.15653750202E-09
 -1.03963921916E-08
 -1.46023664271E-08
 -1.87586213229E-08
 -2.28493792775E-08
 -2.68591175967E-08
 -3.07725009918E-08
 -3.45745938546E-08
 -3.82509171004E-08
 -4.17875014591E-08
 -4.51710349125E-08
 -4.83888307201E-08
 -5.14290334763E-08
 -5.42806191106E-08
 -5.69334552836E-08
 -5.93783688885E-08
 -6.16072313164E-08
 -6.36130152998E-08
 -6.53897203051E-08
 -6.69325501690E-08
 -6.82378882289E-08
 -6.93032973231E-08
 -7.01275340020E-08
 -7.07105769493E-08
 -7.10536056658E-08
 -7.11589578373E-08
 -7.10302074935E-08
 -7.06720300059E-08
 -7.00902234030E-08
 -6.92916586331E-08
 -6.82842227206E-08
 -6.70767619226E-08
 -6.56790888343E-08
 -6.41017976477E-08
 -6.23562712576E-08
 -6.04546315230E-08
 -5.84095936063E-08
 -5.62344446564E-08
 -5.39429159119E-08
 -5.15491365150E-08
 -4.90675127196E-08
 -4.65126852589E-08
 -4.38994085528E-08
 -4.12424725482E-08
 -3.85566387706E-08
 -3.58565266367E-08
 -3.31565601641E-08
 -3.04708791532E-08
 -2.78132663567E-08
 -2.51970746490E-08
 -2.26351666299E-08
 -2.01398435706E-08
 -1.77228063336E-08
 -1.53950612258E-08
 -1.31669271042E-08
 -1.10479465576E-08
 -9.04686547898E-09
 -7.17161219299E-09
 -5.42924283309E-09
 -3.82594489423E-09
 -2.36699571055E-09
 -1.05677744333E-09
  1.01231308058E-10
  1.10449616120E-09
  1.95137950243E-09
  2.64112931525E-09
  3.17391690707E-09
  3.55076856806E-09
  3.77356146330E-09
  3.84500165040E-09
  3.76858322326E-09
  3.54858054052E-09
  3.18998449877E-09
  2.69847855172E-09
  2.08038497540E-09
  1.34265054630E-09
  4.92755225512E-10
 -4.61303856225E-10
 -1.51106660518E-09
 -2.64767918701E-09
 -3.86194587421E-09
 -5.14431830467E-09
 -6.48506404133E-09
 -7.87425946669E-09
 -9.30181176528E-09
 -1.07575779396E-08
 -1.22314052220E-08
 -1.37131568323E-08
 -1.51928070125E-08
 -1.66604525731E-08
 -1.81063981586E-08
 -1.95212361831E-08
 -2.08957811054E-08
 -2.22212648282E-08
 -2.34892709727E-08
 -2.46918521185E-08
 -2.58215138160E-08
 -2.68712678775E-08
 -2.78347105365E-08
 -2.87059744863E-08
 -2.94798283562E-08
 -3.01516713819E-08
 -3.07175298531E-08
 -3.11741246151E-08
 -3.15187982380E-08
 -3.17496358093E-08
 -3.18653796683E-08
 -3.18654294063E-08
 -3.17498844993E-08
 -3.15194768064E-08
 -3.11756167548E-08
 -3.07202867589E-08
 -3.01560767468E-08
 -2.94861735028E-08
 -2.87142185584E-08
 -2.78443827995E-08
 -2.68812989646E-08
 -2.58299444056E-08
 -2.46956659566E-08
 -2.34841355251E-08
 -2.22012239703E-08
 -2.08530099854E-08
 -1.94456948321E-08
 -1.79855543792E-08
 -1.64788911405E-08
 -1.49319525633E-08
 -1.33508901712E-08
 -1.17417116030E-08
 -1.01102131111E-08
 -8.46194225801E-09
 -6.80215306303E-09
 -5.13574960337E-09
 -3.46726358735E-09
 -1.80080739209E-09
 -1.40058006859E-10
  1.51177359520E-09
  3.15195802791E-09
  4.77825823353E-09
  6.38893427052E-09
  7.98274335523E-09
  9.55893231236E-09
  1.11172218098E-08
  1.26577903714E-08
  1.41812428467E-08
  1.56885846536E-08
  1.71811755934E-08
  1.86607014285E-08
  2.01291108226E-08
  2.15885851418E-08
  2.30414496372E-08
  2.44901521285E-08
  2.59371848443E-08
  2.73850115917E-08
  2.88360393341E-08
  3.02925116102E-08
  3.17564783359E-08
  3.32297283023E-08
  3.47137216750E-08
  3.62095313733E-08
  3.77178146493E-08
  3.92387171644E-08
  4.07719014106E-08
  4.23164223662E-08
  4.38707772332E-08
  4.54328201727E-08
  4.69997765151E-08
  4.85682214446E-08
  5.01340764458E-08
  5.16926306204E-08
  5.32385016072E-08
  5.47657350580E-08
  5.62677548999E-08
  5.77374699162E-08
  5.91672630890E-08
  6.05490413363E-08
  6.18743598579E-08
  6.31344008184E-08
  6.43201047978E-08
  6.54221921081E-08
  6.64313049015E-08
  6.73380142757E-08
  6.81329765939E-08
  6.88069832222E-08
  6.93510244787E-08
  6.97564317420E-08
  7.00149271893E-08
  7.01187090613E-08
  7.00605582438E-08
  6.98338951111E-08
  6.94328576856E-08
  6.88523869030E-08
  6.80882692450E-08
  6.71372077932E-08
  6.59968719674E-08
  6.46659472636E-08
  6.31441494647E-08
  6.14322885895E-08
  5.95322617869E-08
  5.74470604420E-08
  5.51807843863E-08
  5.27386418980E-08
  5.01269248332E-08
  4.73529730982E-08
  4.44251675447E-08
  4.13528553622E-08
  3.81463571841E-08
  3.48168498476E-08
  3.13763415249E-08
  2.78375953400E-08
  2.42140565376E-08
  2.05197743242E-08
  1.67693148256E-08
  1.29776847047E-08
  9.16024056608E-09
  5.33259525426E-09
  1.51052581554E-09
 -2.29010832520E-09
 -6.05346528459E-09
 -9.76380665207E-09
 -1.34055913037E-08
 -1.69635505642E-08
 -2.04227745826E-08
 -2.37688126958E-08
 -2.69877151737E-08
 -3.00661220365E-08
 -3.29913447672E-08
 -3.57513911808E-08
 -3.83350595712E-08
 -4.07319582507E-08
 -4.29325943685E-08
 -4.49283490411E-08
 -4.67115768288E-08
 -4.82755915243E-08
 -4.96147052331E-08
 -5.07242496894E-08
 -5.16005727036E-08
 -5.22410523729E-08
 -5.26441183979E-08
 -5.28091987917E-08
 -5.27367625125E-08
 -5.24282910419E-08
 -5.18862357524E-08
 -5.11140463288E-08
 -5.01161032673E-08
 -4.88977107693E-08
 -4.74650576621E-08
 -4.58251925295E-08
 -4.39859917378E-08
 -4.19561025922E-08
 -3.97449113620E-08
 -3.73624935435E-08
 -3.48196067534E-08
 -3.21275734905E-08
 -2.92983095562E-08
 -2.63442050397E-08
 -2.32781278697E-08
 -2.01133332212E-08
 -1.68634315401E-08
 -1.35423290359E-08
 -1.01641592920E-08
 -6.74322864214E-09
 -3.29397420451E-09
  1.69097166824E-10
  3.63149510463E-09
  7.07877489958E-09
  1.04966186854E-08
  1.38708875497E-08
  1.71876681776E-08
  2.04333510112E-08
  2.35946888694E-08
  2.66588440212E-08
  2.96134565758E-08
  3.24466746804E-08
  3.51472451143E-08
  3.77045346056E-08
  4.01086026613E-08
  4.23501980151E-08
  4.44208758665E-08
  4.63129623540E-08
  4.80196327146E-08
  4.95349290475E-08
  5.08537780775E-08
  5.19720089187E-08
  5.28863921545E-08
  5.35946149682E-08
  5.40953131178E-08
  5.43880283033E-08
  5.44732436936E-08
  5.43523412944E-08
  5.40275948424E-08
  5.35021165149E-08
  5.27798675876E-08
  5.18655838277E-08
  5.07647470727E-08
  4.94835354914E-08
  4.80287560833E-08
  4.64078446782E-08
  4.46287096167E-08
  4.26997637248E-08
  4.06298106270E-08
  3.84279736920E-08
  3.61036605057E-08
  3.36664847111E-08
  3.11261700858E-08
  2.84925292249E-08
  2.57753818289E-08
  2.29844765443E-08
  2.01294660940E-08
  1.72198326709E-08
  1.42648435286E-08
  1.12735083491E-08
  8.25454193887E-09
  5.21633047867E-09
  2.16690154708E-09
 -8.86095308239E-10
 -3.93539290044E-09
 -6.97413415907E-09
 -9.99585747508E-09
 -1.29944970340E-08
 -1.59643711584E-08
 -1.89001809758E-08
 -2.17969606808E-08
 -2.46500864165E-08
 -2.74552132140E-08
 -3.02082732162E-08
 -3.29054259396E-08
 -3.55430209709E-08
 -3.81175482289E-08
 -4.06256468466E-08
 -4.30640056948E-08
 -4.54293669350E-08
 -4.77184869396E-08
 -4.99280830013E-08
 -5.20548475436E-08
 -5.40953877248E-08
 -5.60461970167E-08
 -5.79037120474E-08
 -5.96642308892E-08
 -6.13239237168E-08
 -6.28788967560E-08
 -6.43250999133E-08
 -6.56584688841E-08
 -6.68748469934E-08
 -6.79700420392E-08
 -6.89399257681E-08
 -6.97803343996E-08
 -7.04872746837E-08
 -7.10568812679E-08
 -7.14854522244E-08
 -7.17695627372E-08
 -7.19061006293E-08
 -7.18922521514E-08
 -7.17257151450E-08
 -7.14045569339E-08
 -7.09273919597E-08
 -7.02934244146E-08
 -6.95024198194E-08
 -6.85547902890E-08
 -6.74516158483E-08
 -6.61946444325E-08
 -6.47863487302E-08
 -6.32298551295E-08
 -6.15290360884E-08
 -5.96884035531E-08
 -5.77131444857E-08
 -5.56090249404E-08
 -5.33824433546E-08
 -5.10402848874E-08
 -4.85899036562E-08
 -4.60390445767E-08
 -4.33957829671E-08
 -4.06683930976E-08
 -3.78653339794E-08
 -3.49951001510E-08
 -3.20661506237E-08
 -2.90868058528E-08
 -2.60651891182E-08
 -2.30090755338E-08
 -1.99258618494E-08
 -1.68224438823E-08
 -1.37051632265E-08
 -1.05797441918E-08
 -7.45122452628E-09
 -4.32391056293E-09
 -1.20136622872E-09
  1.91364635249E-09
  5.01911978645E-09
  8.11383316091E-09
  1.11973186279E-08
  1.42698004524E-08
  1.73321481611E-08
  2.03858210313E-08
  2.34327597326E-08
  2.64752824108E-08
  2.95159985342E-08
  3.25576579030E-08
  3.56030298576E-08
  3.86547576170E-08
  4.17152001830E-08
  4.47863008901E-08
  4.78694062167E-08
  5.09651449931E-08
  5.40732436605E-08
  5.71924196890E-08
  6.03202323646E-08
  6.34529371268E-08
  6.65854287263E-08
  6.97111062209E-08
  7.28218338963E-08
  7.59078417900E-08
  7.89577754290E-08
  8.19586460921E-08
  8.48958094934E-08
  8.77531434185E-08
  9.05129979856E-08
  9.31563874929E-08
  9.56630827886E-08
  9.80118315397E-08
  1.00180464813E-07
  1.02146188397E-07
  1.03885810177E-07
  1.05375960402E-07
  1.06593425642E-07
  1.07515440106E-07
  1.08119934339E-07
  1.08385940223E-07
  1.08293882306E-07
  1.07825883333E-07
  1.06966098201E-07
  1.05701005282E-07
  1.04019790115E-07
  1.01914487516E-07
  9.93803581650E-08
  9.64161017691E-08
  9.30239920649E-08
  8.92100970873E-08
  8.49844283834E-08
  8.03609552236E-08
  7.53576898660E-08
  6.99966946627E-08
  6.43039541615E-08
  5.83093608952E-08
  5.20464524811E-08
  4.55522837228E-08
  3.88670855500E-08
  3.20340269866E-08
  2.50987728379E-08
  1.81091337481E-08
  1.11145883608E-08
  4.16578860296E-09
 -2.68594391173E-09
 -9.38918010007E-09
 -1.58929651661E-08
 -2.21473719364E-08
 -2.81041465655E-08
 -3.37172636478E-08
 -3.89435399484E-08
 -4.37432134959E-08
 -4.80804764891E-08
 -5.19240401786E-08
 -5.52476002724E-08
 -5.80302810249E-08
 -6.02570366937E-08
 -6.19190032580E-08
 -6.30137577673E-08
 -6.35454924236E-08
 -6.35252135339E-08
 -6.29706917721E-08
 -6.19065119167E-08
 -6.03639449537E-08
 -5.83806674115E-08
 -5.60005517514E-08
 -5.32732613578E-08
 -5.02537815805E-08
 -4.70018726162E-08
 -4.35814691002E-08
 -4.00599660111E-08
 -3.65074797060E-08
 -3.29960094803E-08
 -2.95985760346E-08
 -2.63883475071E-08
 -2.34376447139E-08
 -2.08169961269E-08
 -1.85941768649E-08
 -1.68332299211E-08
 -1.55935016011E-08
 -1.49287053830E-08
 -1.48860266336E-08
 -1.55053001549E-08
 -1.68181735205E-08
 -1.88474178486E-08
 -2.16063060776E-08
 -2.50980587424E-08
 -2.93154034381E-08
 -3.42402728393E-08
 -3.98435595628E-08
 -4.60850948514E-08
 -5.29136343630E-08
 -6.02670411354E-08
 -6.80726586211E-08
 -7.62477156968E-08
 -8.46999412829E-08
 -9.33281825155E-08
 -1.02023435034E-07
 -1.10669589048E-07
 -1.19144658584E-07
 -1.27321939658E-07
 -1.35071232421E-07
 -1.42260205394E-07
 -1.48755887608E-07
 -1.54426061272E-07
 -1.59140867595E-07
 -1.62774256296E-07
 -1.65205605640E-07
 -1.66321257211E-07
 -1.66015979630E-07
 -1.64194432273E-07
 -1.60772700042E-07
 -1.55679401814E-07
 -1.48857083104E-07
 -1.40263239246E-07
 -1.29871352783E-07
 -1.17671675071E-07
 -1.03671979446E-07
 -8.78980159769E-08
 -7.03939662117E-08
 -5.12224538340E-08
 -3.04646441407E-08
 -8.21997314659E-09
  1.53942600889E-08
  4.02434849889E-08
  6.61766748067E-08
  9.30273031940E-08
  1.20614572552E-07
  1.48744661033E-07
  1.77212314156E-07
  2.05802422215E-07
  2.34291803736E-07
  2.62451237631E-07
  2.90047097451E-07
  3.16844023018E-07
  3.42606369941E-07
  3.67100938092E-07
  3.90098904290E-07
  4.11378010767E-07
  4.30724696798E-07
  4.47936429282E-07
  4.62823408043E-07
  4.75210669038E-07
  4.84940017031E-07
  4.91871276154E-07
  4.95884421525E-07
  4.96880261380E-07
  4.94782170790E-07
  4.89536773784E-07
  4.81114511786E-07
  4.69510467838E-07
  4.54744480294E-07
  4.36861313347E-07
  4.15930173858E-07
  3.92044597675E-07
  3.65321625395E-07
  3.35900864457E-07
  3.03943465951E-07
  2.69630703542E-07
  2.33162438690E-07
  1.94755642724E-07
  1.54642066263E-07
  1.13066633389E-07
  7.02850400103E-08
  2.65616488804E-08
 -1.78329706557E-08
 -6.26243519264E-08
 -1.07536536120E-07
 -1.52294546751E-07
 -1.96626842808E-07
 -2.40267496565E-07
 -2.82958581010E-07
 -3.24452457789E-07
 -3.64513653039E-07
 -4.02920903753E-07
 -4.39468863078E-07
 -4.73969748782E-07
 -5.06254650645E-07
 -5.36174752597E-07
 -5.63602327475E-07
 -5.88431362303E-07
 -6.10578240412E-07
 -6.29981627753E-07
 -6.46602813958E-07
 -6.60425541810E-07
 -6.71455040901E-07
 -6.79717857111E-07
 -6.85260829414E-07
 -6.88149555117E-07
 -6.88467821419E-07
 -6.86315445364E-07
 -6.81806852754E-07
 -6.75069600220E-07
 -6.66242101488E-07
 -6.55471865230E-07
 -6.42913505544E-07
 -6.28726638752E-07
 -6.13073780187E-07
 -5.96118411522E-07
 -5.78022763875E-07
 -5.58946169349E-07
 -5.39043014669E-07
 -5.18461092724E-07
 -4.97340124639E-07
 -4.75809912359E-07
 -4.53989599691E-07
 -4.31986308058E-07
 -4.09894312270E-07
 -3.87794329981E-07
 -3.65753180631E-07
 -3.43823558069E-07
 -3.22043888445E-07
 -3.00438699696E-07
 -2.79019076288E-07
 -2.57783142388E-07
 -2.36717198732E-07
 -2.15796504222E-07
 -1.94986597535E-07
 -1.74244775053E-07
 -1.53521384050E-07
 -1.32761641680E-07
 -1.11907205280E-07
 -9.08980695158E-08
 -6.96742716855E-08
 -4.81777817640E-08
 -2.63542982992E-08
 -4.15502077189E-09
  1.84616695265E-08
  4.15285938971E-08
  6.50682920877E-08
  8.90916638241E-08
  1.13596890117E-07
  1.38568282182E-07
  1.63975670375E-07
  1.89773757597E-07
  2.15901792444E-07
  2.42283448415E-07
  2.68827164973E-07
  2.95426360708E-07
  3.21960044403E-07
  3.48294065589E-07
  3.74281967197E-07
  3.99766463488E-07
  4.24581003244E-07
  4.48551787713E-07
  4.71499305377E-07
  4.93241088861E-07
  5.13593533924E-07
  5.32374315299E-07
  5.49405342554E-07
  5.64514493817E-07
  5.77538969537E-07
  5.88327168316E-07
  5.96741642767E-07
  6.02661202720E-07
  6.05983018431E-07
  6.06625519595E-07
  6.04529418524E-07
  5.99660154421E-07
  5.92008859712E-07
  5.81594179039E-07
  5.68462667161E-07
  5.52690039513E-07
  5.34380887984E-07
  5.13669363045E-07
  4.90718036872E-07
  4.65718102305E-07
  4.38887781229E-07
  4.10471102441E-07
  3.80736167926E-07
  3.49973248603E-07
  3.18492197948E-07
  2.86620007728E-07
  2.54697710034E-07
  2.23077421424E-07
  1.92118733366E-07
  1.62185344266E-07
  1.33641123057E-07
  1.06846485437E-07
  8.21543437723E-08
  5.99062914830E-08
  4.04285600553E-08
  2.40282709285E-08
  1.09895719191E-08
  1.57007340462E-09
 -4.00263422407E-09
 -5.53413803672E-09
 -2.86624368684E-09
  4.12043954512E-09
  1.55041650629E-08
  3.13200700930E-08
  5.15586648930E-08
  7.61646532510E-08
  1.05036257025E-07
  1.38024972784E-07
  1.74935749442E-07
  2.15527776959E-07
  2.59515587686E-07
  3.06570569819E-07
  3.56323454298E-07
  4.08366361171E-07
  4.62256110723E-07
  5.17517662502E-07
  5.73647525925E-07
  6.30118165645E-07
  6.86382406911E-07
  7.41878295685E-07
  7.96033191364E-07
  8.48270190090E-07
  8.98012331163E-07
  9.44688451909E-07
  9.87738303593E-07
  1.02661806523E-06
  1.06080574369E-06
  1.08980611913E-06
  1.11315569029E-06
  1.13042767680E-06
  1.14123656658E-06
  1.14524198125E-06
  1.14215276881E-06
  1.13173030059E-06
  1.11379154077E-06
  1.08821188860E-06
  1.05492574676E-06
  1.01393038676E-06
  9.65284925769E-07
  9.09111292913E-07
  8.45594513521E-07
  7.74981799623E-07
  6.97580503584E-07
  6.13757435985E-07
  5.23935682395E-07
  4.28592045409E-07
  3.28253634052E-07
  2.23493657359E-07
  1.14927765082E-07
  3.20873705384E-09
 -1.10978184864E-07
 -2.26920803925E-07
 -3.43885432130E-07
 -4.61122908746E-07
 -5.77874345709E-07
 -6.93377558036E-07
 -8.06872606063E-07
 -9.17608417694E-07
 -1.02484887066E-06
 -1.12787813578E-06
 -1.22600704344E-06
 -1.31857837005E-06
 -1.40497218126E-06
 -1.48461060689E-06
 -1.55696250204E-06
 -1.62154765349E-06
 -1.67794098616E-06
 -1.72577483681E-06
 -1.76474225100E-06
 -1.79459959782E-06
 -1.81516793418E-06
 -1.82633357326E-06
 -1.82805013083E-06
 -1.82033750207E-06
 -1.80328117949E-06
 -1.77703236659E-06
 -1.74180536305E-06
 -1.69787608684E-06
 -1.64557900462E-06
 -1.58530451699E-06
 -1.51749566157E-06
 -1.44264390656E-06
 -1.36128471695E-06
 -1.27399357552E-06
 -1.18138154903E-06
 -1.08408937649E-06
 -9.82782125902E-07
 -8.78145613115E-07
 -7.70879069023E-07
 -6.61690819470E-07
 -5.51292544060E-07
 -4.40393989720E-07
 -3.29697570578E-07
 -2.19893721010E-07
 -1.11655637625E-07
 -5.63469715331E-09
  9.75438112505E-08
  1.97284819592E-07
  2.93027312637E-07
  3.84247556440E-07
  4.70462225621E-07
  5.51231039481E-07
  6.26159021522E-07
  6.94897948961E-07
  7.57148200137E-07
  8.12659322946E-07
  8.61231001181E-07
  9.02712429252E-07
  9.37003051149E-07
  9.64050741459E-07
  9.83851691672E-07
  9.96448534352E-07
  1.00192892205E-06
  1.00042302620E-06
  9.92101831798E-07
  9.77173954197E-07
  9.55883592724E-07
  9.28507404296E-07
  8.95350808605E-07
  8.56745771216E-07
  8.13046938219E-07
  7.64628396155E-07
  7.11880602466E-07
  6.55206974898E-07
  5.95020367200E-07
  5.31740511178E-07
  4.65790236603E-07
  3.97593083790E-07
  3.27570234049E-07
  2.56137838051E-07
  1.83704770507E-07
  1.10670185904E-07
  3.74215005650E-08
 -3.56672842372E-08
 -1.08237379948E-07
 -1.79946638923E-07
 -2.50470435503E-07
 -3.19502930779E-07
 -3.86757562865E-07
 -4.51967736126E-07
 -5.14887062764E-07
 -5.75289618610E-07
 -6.32969431535E-07
 -6.87740737249E-07
 -7.39437894026E-07
 -7.87913847944E-07
 -8.33040644466E-07
 -8.74707893672E-07
 -9.12822656574E-07
 -9.47308024024E-07
 -9.78102661975E-07
 -1.00515944723E-06
 -1.02844524008E-06
 -1.04793889477E-06
 -1.06363165742E-06
 -1.07552511963E-06
 -1.08363110485E-06
 -1.08797019038E-06
 -1.08857227588E-06
 -1.08547430955E-06
 -1.07872097033E-06
 -1.06836307623E-06
 -1.05445872123E-06
 -1.03707111521E-06
 -1.01626937976E-06
 -9.92128434518E-07
 -9.64728542385E-07
 -9.34154968490E-07
 -9.00498605461E-07
 -8.63855859734E-07
 -8.24328481031E-07
 -7.82023903412E-07
 -7.37055700029E-07
 -6.89542957844E-07
 -6.39611698716E-07
 -5.87393572005E-07
 -5.33027616711E-07
 -4.76659010928E-07
 -4.18440123440E-07
 -3.58530087397E-07
 -2.97095141377E-07
 -2.34308387803E-07
 -1.70349721884E-07
 -1.05405739248E-07
 -3.96693948801E-08
  2.66602793175E-08
  9.33785671009E-08
  1.60275533290E-07
  2.27136709441E-07
  2.93743624979E-07
  3.59874519518E-07
  4.25305330509E-07
  4.89810304316E-07
  5.53163090444E-07
  6.15137594195E-07
  6.75509397752E-07
  7.34056129659E-07
  7.90559283814E-07
  8.44804787903E-07
  8.96584822385E-07
  9.45697934185E-07
  9.91951310425E-07
  1.03516094896E-06
  1.07515324999E-06
  1.11176632345E-06
  1.14485010272E-06
  1.17426782253E-06
  1.19989726954E-06
  1.22163112337E-06
  1.23937741137E-06
  1.25306064547E-06
  1.26262250433E-06
  1.26802183331E-06
  1.26923521293E-06
  1.26625684516E-06
  1.25909946291E-06
  1.24779398902E-06
  1.23238919514E-06
  1.21295204281E-06
  1.18956677397E-06
  1.16233570679E-06
  1.13137707558E-06
  1.09682616767E-06
  1.05883373180E-06
  1.01756575077E-06
  9.73201736088E-07
  9.25935182750E-07
  8.75971750247E-07
  8.23528466753E-07
  7.68832592257E-07
  7.12121050128E-07
  6.53638437598E-07
  5.93636798385E-07
  5.32373519491E-07
  4.70111018558E-07
  4.07114697509E-07
  3.43652260426E-07
  2.79992349306E-07
  2.16403194031E-07
  1.53151418658E-07
  9.05009898133E-08
  2.87117618569E-08
 -3.19615232058E-08
 -9.12704507527E-08
 -1.48974052649E-07
 -2.04839977869E-07
 -2.58645371787E-07
 -3.10178165819E-07
 -3.59237759540E-07
 -4.05636313872E-07
 -4.49199319519E-07
 -4.89766591727E-07
 -5.27193208200E-07
 -5.61349850159E-07
 -5.92123683418E-07
 -6.19419552095E-07
 -6.43159239644E-07
 -6.63283231006E-07
 -6.79750257859E-07
 -6.92538435487E-07
 -7.01644353285E-07
 -7.07084439000E-07
 -7.08894333457E-07
 -7.07129231614E-07
 -7.01863541508E-07
 -6.93190600032E-07
 -6.81223013999E-07
 -6.66091295898E-07
 -6.47944261800E-07
 -6.26947723958E-07
 -6.03284547651E-07
 -5.77152604819E-07
 -5.48765626718E-07
 -5.18350077527E-07
 -4.86145893319E-07
 -4.52404066209E-07
 -4.17385734863E-07
 -3.81360706569E-07
 -3.44605865621E-07
 -3.07403610122E-07
 -2.70040203532E-07
 -2.32803941458E-07
 -1.95983417939E-07
 -1.59865578553E-07
 -1.24733929852E-07
 -9.08666279997E-08
 -5.85343933324E-08
 -2.79988014995E-08
  4.89778217982E-10
  2.66939892413E-08
  5.03913284433E-08
  7.13759362725E-08
  8.94602720791E-08
  1.04476683305E-07
  1.16278940254E-07
  1.24743635865E-07
  1.29771294155E-07
  1.31287578142E-07
  1.29244199343E-07
  1.23619628312E-07
  1.14419677288E-07
  1.01677890996E-07
  8.54557313801E-08
  6.58424781363E-08
  4.29551647585E-08
  1.69378289172E-08
 -1.20387140257E-08
 -4.37781970675E-08
 -7.80596991490E-08
 -1.14638766036E-07
 -1.53249558821E-07
 -1.93605757204E-07
 -2.35402666249E-07
 -2.78319532754E-07
 -3.22021065813E-07
 -3.66160492149E-07
 -4.10381005622E-07
 -4.54319291521E-07
 -4.97607118177E-07
 -5.39874861261E-07
 -5.80753578561E-07
 -6.19877596364E-07
 -6.56887777950E-07
 -6.91433399425E-07
 -7.23175560324E-07
 -7.51788945763E-07
 -7.76964498073E-07
 -7.98411974756E-07
 -8.15861653791E-07
 -8.29067005270E-07
 -8.37805202991E-07
 -8.41880535063E-07
 -8.41124403905E-07
 -8.35397543142E-07
 -8.24590244974E-07
 -8.08623667581E-07
 -7.87450403550E-07
 -7.61054593568E-07
 -7.29451983261E-07
 -6.92690264259E-07
 -6.50848107853E-07
 -6.04034937624E-07
 -5.52390304165E-07
 -4.96082293466E-07
 -4.35307129010E-07
 -3.70287239093E-07
 -3.01270034697E-07
 -2.28526232604E-07
 -1.52348064830E-07
 -7.30470404164E-08
  9.04688590708E-09
  9.35888948561E-08
  1.80220254720E-07
  2.68570659046E-07
  3.58260592748E-07
  4.48902881089E-07
  5.40105645541E-07
  6.31473028534E-07
  7.22608490378E-07
  8.13115832443E-07
  9.02601129837E-07
  9.90674266177E-07
  1.07695086626E-06
  1.16105366033E-06
  1.24261339352E-06
  1.32127058805E-06
  1.39667577059E-06
  1.46849129123E-06
  1.53639234668E-06
  1.60006595706E-06
  1.65921380813E-06
  1.71355088696E-06
  1.76280741471E-06
  1.80672782335E-06
  1.84507155154E-06
  1.87761395409E-06
  1.90414561985E-06
  1.92447191694E-06
  1.93841492546E-06
  1.94581298274E-06
  1.94651920538E-06
  1.94040376300E-06
  1.92735365090E-06
  1.90727257632E-06
  1.88008095847E-06
  1.84571808859E-06
  1.80414076567E-06
  1.75532545654E-06
  1.69926772742E-06
  1.63598440395E-06
  1.56551345754E-06
  1.48791593801E-06
  1.40327597364E-06
  1.31170281747E-06
  1.21333232528E-06
  1.10832650080E-06
  9.96876906356E-07
  8.79204549165E-07
  7.55561643473E-07
  6.26232349532E-07
  4.91534194680E-07
  3.51819522848E-07
  2.07475352454E-07
  5.89247548533E-08
 -9.33729396024E-08
 -2.48921367074E-07
 -4.07187798146E-07
 -5.67602967294E-07
 -7.29561520529E-07
 -8.92423088317E-07
 -1.05551362140E-06
 -1.21812649923E-06
 -1.37952497425E-06
 -1.53894393407E-06
 -1.69559359620E-06
 -1.84866155450E-06
 -1.99731698558E-06
 -2.14071451410E-06
 -2.27799910135E-06
 -2.40830900111E-06
 -2.53078292189E-06
 -2.64456411969E-06
 -2.74880630968E-06
 -2.84268116957E-06
 -2.92538197755E-06
 -2.99613179777E-06
 -3.05418939206E-06
 -3.09885626848E-06
 -3.12948327519E-06
 -3.14547673952E-06
 -3.14630597131E-06
 -3.13150871989E-06
 -3.10069845000E-06
 -3.05356866193E-06
 -2.98990130432E-06
 -2.90956859317E-06
 -2.81254028778E-06
 -2.69888687399E-06
 -2.56878433902E-06
 -2.42251462623E-06
 -2.26047040996E-06
 -2.08315600503E-06
 -1.89118725302E-06
 -1.68529277289E-06
 -1.46631134612E-06
 -1.23519146200E-06
 -9.92988475446E-07
 -7.40859888992E-07
 -4.80062055885E-07
 -2.11943387285E-07
  6.20611046998E-08
  3.40437395607E-07
  6.21600747763E-07
  9.03904833649E-07
  1.18565094454E-06
  1.46509898968E-06
  1.74047806922E-06
  2.00999897970E-06
  2.27186546908E-06
  2.52428753811E-06
  2.76549303635E-06
  2.99374391943E-06
  3.20734511661E-06
  3.40466135640E-06
  3.58412853529E-06
  3.74426781491E-06
  3.88369699067E-06
  4.00114322474E-06
  4.09545600633E-06
  4.16561579186E-06
  4.21074673795E-06
  4.23012397732E-06
  4.22318407800E-06
  4.18953050030E-06
  4.12894223700E-06
  4.04137608712E-06
  3.92697256757E-06
  3.78605886908E-06
  3.61914794667E-06
  3.42693897437E-06
  3.21031620842E-06
  2.97034603136E-06
  2.70827126769E-06
  2.42550459006E-06
  2.12362374441E-06
  1.80436018127E-06
  1.46958905134E-06
  1.12131885999E-06
  7.61677540595E-07
  3.92899778490E-07
  1.73111605051E-08
 -3.62686591870E-07
 -7.44632984606E-07
 -1.12602560876E-06
 -1.50433731960E-06
 -1.87703551546E-06
 -2.24159884965E-06
 -2.59553780779E-06
 -2.93641073768E-06
 -3.26184385813E-06
 -3.56954797098E-06
 -3.85733619623E-06
 -4.12314011555E-06
 -4.36502614320E-06
 -4.58121076008E-06
 -4.77007233712E-06
 -4.93016523251E-06
 -5.06023025082E-06
 -5.15920601174E-06
 -5.22623440702E-06
 -5.26066742168E-06
 -5.26207531948E-06
 -5.23024664290E-06
 -5.16518912264E-06
 -5.06713377035E-06
 -4.93652441946E-06
 -4.77402272736E-06
 -4.58049862573E-06
 -4.35701804236E-06
 -4.10484335589E-06
 -3.82541429644E-06
 -3.52034180651E-06
 -3.19138871419E-06
 -2.84046086563E-06
 -2.46958711614E-06
 -2.08090364140E-06
 -1.67663790762E-06
 -1.25908775317E-06
 -8.30604733437E-07
 -3.93574566715E-07
  4.96022387608E-08
  4.96528798521E-07
  9.44831072047E-07
  1.39217570450E-06
  1.83628753803E-06
  2.27496639127E-06
  2.70610280495E-06
  3.12769293487E-06
  3.53785117113E-06
  3.93482287109E-06
  4.31699345427E-06
  4.68289863420E-06
  5.03122873852E-06
  5.36083780389E-06
  5.67074221181E-06
  5.96012523602E-06
  6.22833658781E-06
  6.47488604955E-06
  6.69944529363E-06
  6.90183560437E-06
  7.08202469468E-06
  7.24011306374E-06
  7.37632990422E-06
  7.49101081965E-06
  7.58459282224E-06
  7.65759614296E-06
  7.71060786064E-06
  7.74426916905E-06
  7.75925309426E-06
  7.75625449023E-06
  7.73596730141E-06
  7.69907182985E-06
  7.64621472626E-06
  7.57799716666E-06
  7.49495757191E-06
  7.39755751056E-06
  7.28617169443E-06
  7.16107570042E-06
  7.02243369233E-06
  6.87029978508E-06
  6.70459985486E-06
  6.52514063404E-06
  6.33159925201E-06
  6.12353142060E-06
  5.90036961512E-06
  5.66143035030E-06
  5.40592691323E-06
  5.13297163707E-06
  4.84159772896E-06
  4.53076654594E-06
  4.19939078711E-06
  3.84635040973E-06
  3.47051309291E-06
  3.07075993078E-06
  2.64600521405E-06
  2.19522439693E-06
  1.71747683453E-06
  1.21193613722E-06
  6.77912282754E-07
  1.14879945556E-07
 -4.77494950246E-07
 -1.09933159820E-06
 -1.75050877260E-06
 -2.43064073402E-06
 -3.13906298288E-06
 -3.87480440622E-06
 -4.63657488581E-06
 -5.42275347470E-06
 -6.23137248112E-06
 -7.06011451257E-06
 -7.90630383563E-06
 -8.76690864970E-06
 -9.63854290603E-06
 -1.05174704004E-05
 -1.13996211439E-05
 -1.22806013678E-05
 -1.31557153509E-05
 -1.40199827001E-05
 -1.48681783685E-05
 -1.56948444783E-05
 -1.64943357959E-05
 -1.72608633875E-05
 -1.79885173566E-05
 -1.86713295989E-05
 -1.93033083633E-05
 -1.98784891836E-05
 -2.03909876291E-05
 -2.08350502362E-05
 -2.12051090784E-05
 -2.14958272409E-05
 -2.17021661229E-05
 -2.18194218178E-05
 -2.18432905967E-05
 -2.17699107452E-05
 -2.15959244088E-05
 -2.13184976019E-05
 -2.09353838727E-05
 -2.04449661396E-05
 -1.98462657863E-05
 -1.91390045075E-05
 -1.83236134035E-05
 -1.74012511707E-05
 -1.63738295669E-05
 -1.52440115926E-05
 -1.40152233143E-05
 -1.26916447698E-05
 -1.12782045107E-05
 -9.78056050371E-06
 -8.20507557364E-06
 -6.55879784972E-06
 -4.84941210743E-06
 -3.08521020997E-06
 -1.27503642489E-06
  5.71761404444E-07
  2.44539273808E-06
  4.33568584413E-06
  6.23215601081E-06
  8.12407688500E-06
  1.00005527202E-05
  1.18505995488E-05
  1.36632206704E-05
  1.54274912347E-05
  1.71326410054E-05
  1.87681289390E-05
  2.03237286769E-05
  2.17896176764E-05
  2.31564390560E-05
  2.44153816311E-05
  2.55582617683E-05
  2.65775797743E-05
  2.74665799225E-05
  2.82193268504E-05
  2.88307383016E-05
  2.92966306006E-05
  2.96137786790E-05
  2.97799124382E-05
  2.97937840514E-05
  2.96551370411E-05
  2.93647481158E-05
  2.89244144369E-05
  2.83369445242E-05
  2.76061418845E-05
  2.67367813649E-05
  2.57345727732E-05
  2.46061281359E-05
  2.33589071286E-05
  2.20011570491E-05
  2.05418564292E-05
  1.89906622836E-05
  1.73578027898E-05
  1.56540281750E-05
  1.38905188578E-05
  1.20787963169E-05
  1.02306375993E-05
  8.35798527987E-06
  6.47285287414E-06
  4.58723297925E-06
  2.71300996246E-06
  8.61864577928E-07
 -9.54814709075E-07
 -2.72601459983E-06
 -4.44118131782E-06
 -6.09029802945E-06
 -7.66395714891E-06
 -9.15343116503E-06
 -1.05507260741E-05
 -1.18486468637E-05
 -1.30408370751E-05
 -1.41218224599E-05
 -1.50870364450E-05
 -1.59328574227E-05
 -1.66566151165E-05
 -1.72565924004E-05
 -1.77320453076E-05
 -1.80831630132E-05
 -1.83110878424E-05
 -1.84178552445E-05
 -1.84063846973E-05
 -1.82804287761E-05
 -1.80445313163E-05
 -1.77039673872E-05
 -1.72646941792E-05
 -1.67332873389E-05
 -1.61168572959E-05
 -1.54229983309E-05
 -1.46596967170E-05
 -1.38352625072E-05
 -1.29582494992E-05
 -1.20373724712E-05
 -1.10814280561E-05
 -1.00992201624E-05
 -9.09947721084E-06
 -8.09077755548E-06
 -7.08148081685E-06
 -6.07965421295E-06
 -5.09301207785E-06
 -4.12885401602E-06
 -3.19400874105E-06
 -2.29478860092E-06
 -1.43694433064E-06
 -6.25628672424E-07
  1.34632870186E-07
  8.39964968691E-07
  1.48715878368E-06
  2.07368111660E-06
  2.59767671196E-06
  3.05796129396E-06
  3.45401667801E-06
  3.78596359951E-06
  4.05454602515E-06
  4.26109818363E-06
  4.40750818598E-06
  4.49618528364E-06
  4.53000484413E-06
  4.51227060694E-06
  4.44666056865E-06
  4.33717013948E-06
  4.18806484959E-06
  4.00381441068E-06
  3.78904314857E-06
  3.54846861228E-06
  3.28684723172E-06
  3.00891724692E-06
  2.71934663942E-06
  2.42268197326E-06
  2.12330064642E-06
  1.82536359716E-06
  1.53277892423E-06
  1.24916095956E-06
  9.77800596047E-07
  7.21636922663E-07
  4.83235282900E-07
  2.64769852265E-07
  6.80116372109E-08
 -1.05677827378E-07
 -2.55348339806E-07
 -3.80456725679E-07
 -4.80859796426E-07
 -5.56799022888E-07
 -6.08882942288E-07
 -6.38066921965E-07
 -6.45624425033E-07
 -6.33121089777E-07
 -6.02378406711E-07
 -5.55442454697E-07
 -4.94545190577E-07
 -4.22066051442E-07
 -3.40493670592E-07
 -2.52385319754E-07
 -1.60325271281E-07
 -6.68885888899E-08
  2.53991512267E-08
  1.14099364623E-07
  1.96893779503E-07
  2.71617949466E-07
  3.36291435588E-07
  3.89143934854E-07
  4.28639623351E-07
  4.53495715647E-07
  4.62700256776E-07
  4.55521728782E-07
  4.31519310951E-07
  3.90545068285E-07
  3.32744491516E-07
  2.58551494881E-07
  1.68680230672E-07
  6.41130668555E-08
 -5.39156239654E-08
 -1.83938539067E-07
 -3.24277323216E-07
 -4.73067728990E-07
 -6.28288034932E-07
 -7.87785950251E-07
 -9.49312891407E-07
 -1.11055248908E-06
 -1.26915711007E-06
 -1.42277860959E-06
 -1.56910130045E-06
 -1.70587600223E-06
 -1.83095050943E-06
 -1.94230005945E-06
 -2.03805461751E-06
 -2.11652559301E-06
 -2.17622982746E-06
 -2.21590994443E-06
 -2.23455208470E-06
 -2.23140045819E-06
 -2.20596666622E-06
 -2.15804243453E-06
 -2.08769552046E-06
 -1.99527630684E-06
 -1.88141177659E-06
 -1.74699687250E-06
 -1.59318722126E-06
 -1.42138026149E-06
 -1.23320398870E-06
 -1.03049057998E-06
 -8.15256669284E-07
 -5.89678734286E-07
 -3.56063452500E-07
 -1.16820025653E-07
  1.25570650766E-07
  3.68586654531E-07
  6.09697508480E-07
  8.46395494136E-07
  1.07622759060E-06
  1.29682632632E-06
  1.50593916715E-06
  1.70145676748E-06
  1.88143997093E-06
  2.04414300242E-06
  2.18803666030E-06
  2.31182434618E-06
  2.41446264226E-06
  2.49517006523E-06
  2.55343570643E-06
  2.58903082795E-06
  2.60200408775E-06
  2.59268495029E-06
  2.56167686530E-06
  2.50984930972E-06
  2.43832619162E-06
  2.34847016145E-06
  2.24186419473E-06
  2.12029249269E-06
  1.98571501642E-06
  1.84024179362E-06
  1.68610654327E-06
  1.52563507072E-06
  1.36121764172E-06
  1.19527430797E-06
  1.03022568965E-06
  8.68458471359E-07
  7.12296241545E-07
  5.63968058032E-07
  4.25576644147E-07
  2.99073548149E-07
  1.86230352028E-07
  8.86160904656E-08
  7.57463336498E-09
 -5.57930306400E-08
 -1.00645131340E-07
 -1.26411194401E-07
 -1.32801162067E-07
 -1.19810749766E-07
 -8.77233503616E-08
 -3.71080233208E-08
  3.11857597524E-08
  1.16037597309E-07
  2.16068244185E-07
  3.29655961195E-07
  4.54955710438E-07
  5.89921114624E-07
  7.32329169750E-07
  8.79807828369E-07
  1.02986462025E-06
  1.17991862680E-06
  1.32733259761E-06
  1.46944546486E-06
  1.60360809787E-06
  1.72721593117E-06
  1.83774363904E-06
  1.93277787730E-06
  2.01005104827E-06
  2.06747017728E-06
  2.10314669857E-06
  2.11542419493E-06
  2.10290113500E-06
  2.06445315598E-06
  1.99925216293E-06
  1.90678031231E-06
  1.78684194907E-06
  1.63957213317E-06
  1.46543948176E-06
  1.26524798816E-06
  1.04013224700E-06
  7.91550860413E-07
  5.21273648246E-07
  2.31368588288E-07
 -7.58182423510E-08
 -3.97683862730E-07
 -7.31393811293E-07
 -1.07390997073E-06
 -1.42202065945E-06
 -1.77237461685E-06
 -2.12151394408E-06
 -2.46591162067E-06
 -2.80200811176E-06
 -3.12624956678E-06
 -3.43512692780E-06
 -3.72521162717E-06
 -3.99319651478E-06
 -4.23592837251E-06
 -4.45044815933E-06
 -4.63402147943E-06
 -4.78416768601E-06
 -4.89869580633E-06
 -4.97572182212E-06
 -5.01370050188E-06
 -5.01143631482E-06
 -4.96810707773E-06
 -4.88327259518E-06
 -4.75688148072E-06
 -4.58928070657E-06
 -4.38120878243E-06
 -4.13380030295E-06
 -3.84857094105E-06
 -3.52741039933E-06
 -3.17256467497E-06
 -2.78661673292E-06
 -2.37246558754E-06
 -1.93329810827E-06
 -1.47256128002E-06
 -9.93929916149E-07
 -5.01273348164E-07
  1.38183609000E-09
  5.09888707256E-07
  1.02001922642E-06
  1.52750396865E-06
  2.02807291316E-06
  2.51749588642E-06
  2.99162070405E-06
  3.44641603078E-06
  3.87800582757E-06
  4.28270823249E-06
  4.65706989417E-06
  4.99789575770E-06
  5.30228498974E-06
  5.56764962312E-06
  5.79174638915E-06
  5.97269172431E-06
  6.10898132436E-06
  6.19950333203E-06
  6.24354561296E-06
  6.24080666967E-06
  6.19139018454E-06
  6.09580911259E-06
  5.95497658651E-06
  5.77019545744E-06
  5.54314874535E-06
  5.27587735633E-06
  4.97076416650E-06
  4.63050764665E-06
  4.25809912485E-06
  3.85678913517E-06
  3.43006149706E-06
  2.98159625345E-06
  2.51523806583E-06
  2.03495756068E-06
  1.54481733716E-06
  1.04893285879E-06
  5.51434595764E-07
  5.64321105401E-08
 -4.32023824715E-07
 -9.09976790808E-07
 -1.37359972996E-06
 -1.81922780484E-06
 -2.24338987209E-06
 -2.64283858087E-06
 -3.01457589558E-06
 -3.35587810696E-06
 -3.66431822840E-06
 -3.93778327634E-06
 -4.17448973167E-06
 -4.37299695477E-06
 -4.53221582575E-06
 -4.65141374661E-06
 -4.73021782454E-06
 -4.76861305287E-06
 -4.76693821838E-06
 -4.72588089906E-06
 -4.64646063847E-06
 -4.53002530776E-06
 -4.37822427557E-06
 -4.19299840360E-06
 -3.97655367124E-06
 -3.73134002984E-06
 -3.46002570950E-06
 -3.16547198054E-06
 -2.85070200334E-06
 -2.51887490776E-06
 -2.17325350604E-06
 -1.81717575742E-06
 -1.45402168528E-06
 -1.08718541014E-06
 -7.20043146885E-07
 -3.55923901907E-07
  1.91888838152E-09
  3.50335653820E-07
  6.86306520947E-07
  1.00696638583E-06
  1.30962791900E-06
  1.59180240189E-06
  1.85121916729E-06
  2.08584219763E-06
  2.29388456319E-06
  2.47381967711E-06
  2.62439289145E-06
  2.74462649941E-06
  2.83382496491E-06
  2.89157696898E-06
  2.91775518235E-06
  2.91251262752E-06
  2.87627767648E-06
  2.80974609268E-06
  2.71387148132E-06
  2.58985369328E-06
  2.43912404585E-06
  2.26333031605E-06
  2.06431923289E-06
  1.84411919690E-06
  1.60491811130E-06
  1.34904462357E-06
  1.07894493340E-06
  7.97161021637E-07
  5.06308083459E-07
  2.09050853073E-07
 -9.19191691651E-08
 -3.93906759655E-07
 -6.94235552601E-07
 -9.90270791590E-07
 -1.27943940242E-06
 -1.55925226863E-06
 -1.82732242138E-06
 -2.08138453672E-06
 -2.31931153394E-06
 -2.53913026427E-06
 -2.73903606285E-06
 -2.91740616376E-06
 -3.07280879497E-06
 -3.20401477438E-06
 -3.31000387632E-06
 -3.38997006111E-06
 -3.44332784152E-06
 -3.46971091858E-06
 -3.46897581949E-06
 -3.44119916917E-06
 -3.38667427968E-06
 -3.30590728481E-06
 -3.19961077366E-06
 -3.06869424094E-06
 -2.91425726573E-06
 -2.73757677860E-06
 -2.54009705714E-06
 -2.32341426454E-06
 -2.08926508094E-06
 -1.83950999144E-06
 -1.57611725626E-06
 -1.30114824515E-06
 -1.01673902009E-06
 -7.25083907582E-07
 -4.28417308740E-07
 -1.28996873627E-07
  1.70914745468E-07
  4.69066975484E-07
  7.63238460877E-07
  1.05125423033E-06
  1.33100195399E-06
  1.60044601216E-06
  1.85764486105E-06
  2.10076336771E-06
  2.32808588407E-06
  2.53802932093E-06
  2.72915326605E-06
  2.90016964755E-06
  3.04995182887E-06
  3.17754233947E-06
  3.28215719492E-06
  3.36319180860E-06
  3.42022417499E-06
  3.45301623383E-06
  3.46151500707E-06
  3.44585009771E-06
  3.40633346241E-06
  3.34345463671E-06
  3.25787550537E-06
  3.15042507282E-06
  3.02209105030E-06
  2.87401212518E-06
  2.70746818387E-06
  2.52386917055E-06
  2.32474417317E-06
  2.11172846321E-06
  1.88655121747E-06
  1.65102107985E-06
  1.40701217788E-06
  1.15644945708E-06
  9.01293958577E-07
  6.43527187094E-07
  3.85136047498E-07
  1.28097923380E-07
 -1.25634826986E-07
 -3.74149209392E-07
 -6.15586543518E-07
 -8.48156162192E-07
 -1.07014830064E-06
 -1.27994792365E-06
 -1.47604566791E-06
 -1.65704909705E-06
 -1.82169355867E-06
 -1.96885002879E-06
 -2.09753420677E-06
 -2.20691276809E-06
 -2.29630904869E-06
 -2.36520872932E-06
 -2.41326051764E-06
 -2.44028069574E-06
 -2.44625221058E-06
 -2.43132376454E-06
 -2.39580822381E-06
 -2.34018125411E-06
 -2.26507313528E-06
 -2.17126603275E-06
 -2.05968535738E-06
 -1.93139248950E-06
 -1.78757659341E-06
 -1.62954324878E-06
 -1.45870376400E-06
 -1.27656483073E-06
 -1.08471454041E-06
 -8.84810390289E-07
 -6.78565811540E-07
 -4.67735958409E-07
 -2.54103838415E-07
 -3.94658350444E-08
  1.74382151386E-07
  3.85659660651E-07
  5.92614981088E-07
  7.93539584265E-07
  9.86781174106E-07
  1.17075649086E-06
  1.34396452722E-06
  1.50499613483E-06
  1.65254698459E-06
  1.78542609319E-06
  1.90256537280E-06
  2.00302724807E-06
  2.08601181839E-06
  2.15086220123E-06
  2.19706976168E-06
  2.22427684093E-06
  2.23227857532E-06
  2.22102517000E-06
  2.19061985263E-06
  2.14131887333E-06
  2.07352786674E-06
  1.98779730454E-06
  1.88481908481E-06
  1.76541880137E-06
  1.63054926361E-06
  1.48128231103E-06
  1.31879914989E-06
  1.14438114451E-06
  9.59398903433E-07
  7.65300683270E-07
  5.63600622172E-07
  3.55867115331E-07
  1.43709158351E-07
 -7.12358172450E-08
 -2.87315231162E-07
 -5.02874570429E-07
 -7.16270108114E-07
 -9.25881693092E-07
 -1.13012583824E-06
 -1.32746663439E-06
 -1.51642893798E-06
 -1.69560883023E-06
 -1.86368345112E-06
 -2.01942134481E-06
 -2.16169223677E-06
 -2.28947305914E-06
 -2.40185704570E-06
 -2.49805884778E-06
 -2.57741930909E-06
 -2.63941183221E-06
 -2.68364192380E-06
 -2.70985265161E-06
 -2.71792282547E-06
 -2.70786881629E-06
 -2.67984137281E-06
 -2.63412516688E-06
 -2.57113401858E-06
 -2.49140725828E-06
 -2.39560426962E-06
 -2.28449812312E-06
 -2.15896898226E-06
 -2.01999682758E-06
 -1.86865077012E-06
 -1.70608302597E-06
 -1.53351709287E-06
 -1.35223808684E-06
 -1.16358353353E-06
 -9.68930976342E-07
 -7.69688028868E-07
 -5.67281063013E-07
 -3.63144010862E-07
 -1.58707862852E-07
  4.46106938057E-08
  2.45419556677E-07
  4.42361653086E-07
  6.34124603494E-07
  8.19450349354E-07
  9.97143843051E-07
  1.16608111966E-06
  1.32521756768E-06
  1.47359457969E-06
  1.61034415669E-06
  1.73469709353E-06
  1.84598502528E-06
  1.94364542949E-06
  2.02722321774E-06
  2.09637437365E-06
  2.15086561184E-06
  2.19057460527E-06
  2.21548975787E-06
  2.22570815822E-06
  2.22143376050E-06
  2.20297374653E-06
  2.17073466047E-06
  2.12521786125E-06
  2.06701452043E-06
  1.99679880097E-06
  1.91532194549E-06
  1.82340568244E-06
  1.72193381331E-06
  1.61184527769E-06
  1.49412608152E-06
  1.36980042953E-06
  1.23992219869E-06
  1.10556743493E-06
  9.67824803411E-07
  8.27786891477E-07
  6.86543046413E-07
  5.45169598354E-07
  4.04723152769E-07
  2.66232149215E-07
  1.30689798539E-07
 -9.52897538653E-10
 -1.27793342131E-07
 -2.48983639040E-07
 -3.63735836117E-07
 -4.71326586649E-07
 -5.71101793412E-07
 -6.62479692437E-07
 -7.44954320453E-07
 -8.18097362298E-07
 -8.81560083599E-07
 -9.35074183417E-07
 -9.78452476375E-07
 -1.01158764210E-06
 -1.03445302102E-06
 -1.04709874904E-06
 -1.04965192804E-06
 -1.04231264686E-06
 -1.02535102542E-06
 -9.99103804133E-07
 -9.63970364865E-07
 -9.20407615013E-07
 -8.68926122166E-07
 -8.10084316072E-07
 -7.44483259041E-07
 -6.72761586884E-07
 -5.95588915075E-07
 -5.13661007062E-07
 -4.27693635174E-07
 -3.38416384693E-07
 -2.46567481099E-07
 -1.52887565719E-07
 -5.81148533740E-08
  3.70206443279E-08
  1.31802423198E-07
  2.25531636033E-07
  3.17532169447E-07
  4.07154658433E-07
  4.93780419220E-07
  5.76824959353E-07
  6.55740961975E-07
  7.30021440631E-07
  7.99201643531E-07
  8.62860758843E-07
  9.20624302125E-07
  9.72164457380E-07
  1.01720092971E-06
  1.05550179796E-06
  1.08688243472E-06
  1.11120641577E-06
  1.12838392852E-06
  1.13837052140E-06
  1.14116699024E-06
  1.13681630864E-06
  1.12540305963E-06
  1.10705047973E-06
  1.08191943582E-06
  1.05020444607E-06
  1.01213299786E-06
  9.67961568676E-07
  9.17973920878E-07
  8.62478486852E-07
  8.01805185802E-07
  7.36303320537E-07
  6.66338564770E-07
  5.92291314661E-07
  5.14553107678E-07
  4.33525229937E-07
  3.49616300355E-07
  2.63239826381E-07
  1.74812669229E-07
  8.47529122439E-08
 -6.52167120307E-09
 -9.85953008126E-08
 -1.91055420373E-07
 -2.83494188125E-07
 -3.75509813466E-07
 -4.66707263058E-07
 -5.56699262688E-07
 -6.45107718356E-07
 -7.31563886802E-07
 -8.15709086055E-07
 -8.97196343885E-07
 -9.75689431471E-07
 -1.05086496660E-06
 -1.12241252737E-06
 -1.19003448162E-06
 -1.25344786284E-06
 -1.31238357426E-06
 -1.36658900374E-06
 -1.41582620472E-06
 -1.45987485212E-06
 -1.49853167386E-06
 -1.53161170147E-06
 -1.55894849740E-06
 -1.58039631515E-06
 -1.59583032655E-06
 -1.60514639447E-06
 -1.60826414231E-06
 -1.60512604452E-06
 -1.59569970037E-06
 -1.57997772021E-06
 -1.55797931711E-06
 -1.52975030687E-06
 -1.49536469962E-06
 -1.45492504089E-06
 -1.40856195685E-06
 -1.35643665544E-06
 -1.29873819787E-06
 -1.23568634081E-06
 -1.16752960366E-06
 -1.09454572339E-06
 -1.01704040389E-06
 -9.35347372888E-07
 -8.49826449212E-07
 -7.60862974403E-07
 -6.68865595799E-07
 -5.74265072828E-07
 -4.77511775898E-07
 -3.79073810564E-07
 -2.79434118511E-07
 -1.79087706442E-07
 -7.85393794445E-08
  2.17004725300E-08
  1.21118119978E-07
  2.19200600782E-07
  3.15439081078E-07
  4.09332415074E-07
  5.00390740399E-07
  5.88139585034E-07
  6.72122780543E-07
  7.51906952701E-07
  8.27084079447E-07
  8.97276152045E-07
  9.62136596172E-07
  1.02135504676E-06
  1.07465871224E-06
  1.12181555778E-06
  1.16263629479E-06
  1.19697642731E-06
  1.22473704778E-06
  1.24586620132E-06
  1.26035979520E-06
  1.26826137148E-06
  1.26966153857E-06
  1.26469899442E-06
  1.25355677483E-06
  1.23646293559E-06
  1.21368725559E-06
  1.18553896300E-06
  1.15236457532E-06
  1.11454403395E-06
  1.07248695258E-06
  1.02662920654E-06
  9.77428726401E-07
  9.25360780002E-07
  8.70913140716E-07
  8.14582165276E-07
  7.56866825213E-07
  6.98264614130E-07
  6.39266261260E-07
  5.80350729251E-07
  5.21980609847E-07
  4.64597547989E-07
  4.08617609082E-07
  3.54427214688E-07
  3.02379646655E-07
  2.52791096500E-07
  2.05937894293E-07
  1.62053808594E-07
  1.21327829561E-07
  8.39025844357E-08
  4.98731971277E-08
  1.92866895787E-08
 -7.85797826808E-09
 -3.16095025710E-08
 -5.20630365486E-08
 -6.93585775480E-08
 -8.36789340042E-08
 -9.52467331672E-08
 -1.04321472350E-07
 -1.11195710417E-07
 -1.16191195332E-07
 -1.19654217201E-07
 -1.21950861853E-07
 -1.23462044144E-07
 -1.24578193095E-07
 -1.25693631503E-07
 -1.27201332134E-07
 -1.29487105482E-07
 -1.32924157015E-07
 -1.37867502303E-07
 -1.44648808487E-07
 -1.53571249939E-07
 -1.64904733424E-07
 -1.78881336410E-07
 -1.95691512772E-07
 -2.15480213228E-07
 -2.38343986325E-07
 -2.64328406274E-07
 -2.93425927111E-07
 -3.25575001625E-07
 -3.60658674481E-07
 -3.98505193289E-07
 -4.38888179133E-07
 -4.81527990814E-07
 -5.26094027009E-07
 -5.72206602101E-07
 -6.19440811533E-07
 -6.67330141368E-07
 -7.15370788384E-07
 -7.63026264394E-07
 -8.09733876395E-07
 -8.54909046666E-07
 -8.97952816103E-07
 -9.38257585403E-07
 -9.75214106802E-07
 -1.00821830529E-06
 -1.03667844087E-06
 -1.06002210032E-06
 -1.07770244995E-06
 -1.08920664843E-06
 -1.09406073534E-06
 -1.09183713448E-06
 -1.08215988348E-06
 -1.06471065919E-06
 -1.03923412098E-06
 -1.00554109395E-06
 -9.63514253272E-07
 -9.13110000056E-07
 -8.54361815072E-07
 -7.87381395639E-07
 -7.12360474608E-07
 -6.29570422461E-07
 -5.39362304153E-07
 -4.42164946435E-07
 -3.38483374662E-07
 -2.28895714827E-07
 -1.14049250044E-07
  5.34358246540E-09
  1.28510464492E-07
  2.54625007301E-07
  3.82813198030E-07
  5.12159886057E-07
  6.41717122107E-07
  7.70510666825E-07
  8.97549568890E-07
  1.02183355466E-06
  1.14236240734E-06
  1.25814449348E-06
  1.36820517582E-06
  1.47159676089E-06
  1.56740520652E-06
  1.65476046732E-06
  1.73284354332E-06
  1.80089443802E-06
  1.85821954801E-06
  1.90419791579E-06
  1.93828896045E-06
  1.96003520614E-06
  1.96907058125E-06
  1.96512155526E-06
  1.94801236830E-06
  1.91766616808E-06
  1.87410807939E-06
  1.81746509043E-06
  1.74796582542E-06
  1.66593974882E-06
  1.57181636951E-06
  1.46612126173E-06
  1.34947288188E-06
  1.22257870316E-06
  1.08623021333E-06
  9.41296548262E-07
  7.88718693912E-07
  6.29501926142E-07
  4.64708932668E-07
  2.95450917065E-07
  1.22879853848E-07
 -5.18208018718E-08
 -2.27445042356E-07
 -4.02773423502E-07
 -5.76582749545E-07
 -7.47655235500E-07
 -9.14788131468E-07
 -1.07680273231E-06
 -1.23255335893E-06
 -1.38093616897E-06
 -1.52089819494E-06
 -1.65144456332E-06
 -1.77164599791E-06
 -1.88064689155E-06
 -1.97767008103E-06
 -2.06202435038E-06
 -2.13310818253E-06
 -2.19041498895E-06
 -2.23353663387E-06
 -2.26216525334E-06
 -2.27609803005E-06
 -2.27523514695E-06
 -2.25958251576E-06
 -2.22925086746E-06
 -2.18445461542E-06
 -2.12551071854E-06
 -2.05283413379E-06
 -1.96693713406E-06
 -1.86842316907E-06
 -1.75798390956E-06
 -1.63639174389E-06
 -1.50449602643E-06
 -1.36321591526E-06
 -1.21353286886E-06
 -1.05648462068E-06
 -8.93155913673E-07
 -7.24672815977E-07
 -5.52191920633E-07
 -3.76893979137E-07
 -1.99974422799E-07
 -2.26353371602E-08
  1.53923295443E-07
  3.28512328451E-07
  4.99961004152E-07
  6.67126187182E-07
  8.28899146654E-07
  9.84213897937E-07
  1.13205419439E-06
  1.27146040541E-06
  1.40153622397E-06
  1.52145423726E-06
  1.63046127000E-06
  1.72788395503E-06
  1.81313237135E-06
  1.88570379578E-06
  1.94518656826E-06
  1.99126111511E-06
  2.02370324587E-06
  2.04238472179E-06
  2.04727257369E-06
  2.03843023883E-06
  2.01601756089E-06
  1.98028669729E-06
  1.93158166439E-06
  1.87033504062E-06
  1.79706535164E-06
  1.71237218183E-06
  1.61693162681E-06
  1.51149197336E-06
  1.39686801504E-06
  1.27393491312E-06
  1.14362137538E-06
  1.00690408544E-06
  8.64799801548E-07
  7.18358080576E-07
  5.68654229482E-07
  4.16781546164E-07
  2.63843020321E-07
  1.10944121445E-07
 -4.08156033416E-08
 -1.90349879858E-07
 -3.36593842576E-07
 -4.78511196889E-07
 -6.15101896528E-07
 -7.45409408864E-07
 -8.68526797149E-07
 -9.83603968052E-07
 -1.08985318548E-06
 -1.18655520964E-06
 -1.27306384456E-06
 -1.34881054237E-06
 -1.41330917813E-06
 -1.46615877838E-06
 -1.50704647695E-06
 -1.53574956130E-06
 -1.55213774633E-06
 -1.55617328801E-06
 -1.54791121076E-06
 -1.52749885274E-06
 -1.49517484260E-06
 -1.45126728057E-06
 -1.39619055517E-06
 -1.33044250106E-06
 -1.25460087474E-06
 -1.16931846605E-06
 -1.07531775484E-06
 -9.73385567704E-07
 -8.64367336817E-07
 -7.49160449232E-07
 -6.28705947747E-07
 -5.03983301314E-07
 -3.76000997449E-07
 -2.45789323117E-07
 -1.14392626926E-07
  1.71398486515E-08
  1.47761483049E-07
  2.76436821878E-07
  4.02149709089E-07
  5.23911467099E-07
  6.40768575977E-07
  7.51810489419E-07
  8.56176427533E-07
  9.53063079123E-07
  1.04173000182E-06
  1.12150610221E-06
  1.19179492231E-06
  1.25207918700E-06
  1.30192483994E-06
  1.34098490889E-06
  1.36900121106E-06
  1.38580742259E-06
  1.39132930599E-06
  1.38558607432E-06
  1.36868845857E-06
  1.34083938974E-06
  1.30233081563E-06
  1.25354131342E-06
  1.19493267903E-06
  1.12704583444E-06
  1.05049639387E-06
  9.65968524724E-07
  8.74208694768E-07
  7.76020556259E-07
  6.72256476264E-07
  5.63810601761E-07
  4.51611157359E-07
  3.36612203000E-07
  2.19785178501E-07
  1.02110938371E-07
 -1.54294621524E-08
 -1.31862591957E-07
 -2.46231394385E-07
 -3.57603568091E-07
 -4.65079182277E-07
 -5.67798736029E-07
 -6.64950164264E-07
 -7.55776170536E-07
 -8.39580138745E-07
 -9.15732130125E-07
 -9.83674340205E-07
 -1.04292519154E-06
 -1.09308348328E-06
 -1.13383111966E-06
 -1.16493652058E-06
 -1.18625450796E-06
 -1.19772846574E-06
 -1.19939011256E-06
 -1.19135779642E-06
 -1.17383581255E-06
 -1.14711144761E-06
 -1.11155293325E-06
 -1.06760387553E-06
 -1.01577984424E-06
 -9.56663598117E-07
 -8.90898036232E-07
 -8.19181423140E-07
 -7.42259317121E-07
 -6.60918374251E-07
 -5.75978617690E-07
 -4.88285593292E-07
 -3.98702184157E-07
 -3.08101334667E-07
 -2.17357225551E-07
 -1.27337500544E-07
 -3.88953047548E-08
  4.71384460354E-08
  1.29962771211E-07
  2.08813759173E-07
  2.82971171828E-07
  3.51765379492E-07
  4.14582444819E-07
  4.70870304525E-07
  5.20143032645E-07
  5.61984791148E-07
  5.96053780555E-07
  6.22084314728E-07
  6.39889606191E-07
  6.49362277727E-07
  6.50475499242E-07
  6.43282135115E-07
  6.27914630513E-07
  6.04582623964E-07
  5.73570957840E-07
  5.35236551968E-07
  4.90004708809E-07
  4.38364935462E-07
  3.80866168825E-07
  3.18111204933E-07
  2.50751128306E-07
  1.79479144435E-07
  1.05023850949E-07
  2.81426633109E-08
 -5.03853705425E-08
 -1.29766547730E-07
 -2.09199924939E-07
 -2.87884404315E-07
 -3.65026011195E-07
 -4.39845194933E-07
 -5.11583209573E-07
 -5.79509389809E-07
 -6.42926920591E-07
 -7.01179544649E-07
 -7.53656649977E-07
 -7.99798669959E-07
 -8.39101517158E-07
 -8.71121642376E-07
 -8.95477853646E-07
 -9.11856830044E-07
 -9.20013178529E-07
 -9.19772674024E-07
 -9.11033396278E-07
 -8.93765388810E-07
 -8.68011852617E-07
 -8.33887327190E-07
 -7.91577122072E-07
 -7.41335156818E-07
 -6.83481857777E-07
 -6.18400633812E-07
 -5.46535147805E-07
 -4.68384541819E-07
 -3.84499941219E-07
 -2.95479054557E-07
 -2.01961256607E-07
 -1.04622387198E-07
 -4.16891143828E-09
  9.86678614368E-08
  2.03137545896E-07
  3.08477126509E-07
  4.13916723119E-07
  5.18685908446E-07
  6.22019626917E-07
  7.23164077954E-07
  8.21382855065E-07
  9.15961834380E-07
  1.00621514321E-06
  1.09149004857E-06
  1.17117156151E-06
  1.24468681406E-06
  1.31150954985E-06
  1.37116262522E-06
  1.42322244301E-06
  1.46732122630E-06
  1.50314872371E-06
  1.53045459683E-06
  1.54904989813E-06
  1.55880718467E-06
  1.55966154125E-06
  1.55161023940E-06
  1.53471171416E-06
  1.50908545038E-06
  1.47490936797E-06
  1.43241879869E-06
  1.38190364396E-06
  1.32370610118E-06
  1.25821736674E-06
  1.18587388442E-06
  1.10715461688E-06
  1.02257627077E-06
  9.32689829369E-07
  8.38075266074E-07
  7.39338190670E-07
  6.37104676571E-07
  5.32016315447E-07
  4.24726266601E-07
  3.15893572633E-07
  2.06179123552E-07
  9.62407042948E-08
 -1.32714088608E-08
 -1.21719068602E-07
 -2.28480359965E-07
 -3.32953703719E-07
 -4.34561826523E-07
 -5.32755336735E-07
 -6.27016220278E-07
 -7.16860313332E-07
 -8.01840997156E-07
 -8.81551045495E-07
 -9.55624727794E-07
 -1.02373985555E-06
 -1.08561903289E-06
 -1.14103045235E-06
 -1.18978937280E-06
 -1.23175732369E-06
 -1.26684290080E-06
 -1.29500119783E-06
 -1.31623323796E-06
 -1.33058381380E-06
 -1.33814194214E-06
 -1.33903756705E-06
 -1.33344042297E-06
 -1.32155696519E-06
 -1.30362946038E-06
 -1.27993155274E-06
 -1.25076599033E-06
 -1.21646166917E-06
 -1.17737056371E-06
 -1.13386397516E-06
 -1.08632912088E-06
 -1.03516595118E-06
 -9.80783738669E-07
 -9.23597099245E-07
 -8.64022695168E-07
 -8.02476279205E-07
 -7.39369056646E-07
 -6.75104217862E-07
 -6.10074891938E-07
 -5.44660053947E-07
 -4.79223047023E-07
 -4.14108512814E-07
 -3.49640316699E-07
 -2.86119814064E-07
 -2.23823931833E-07
 -1.63004287401E-07
 -1.03885490432E-07
 -4.66648799602E-08
  8.48822967470E-09
  6.14322388515E-08
  1.12053960777E-07
  1.60267319416E-07
  2.06013140769E-07
  2.49257936957E-07
  2.89992925673E-07
  3.28231919866E-07
  3.64010418252E-07
  3.97383047357E-07
  4.28421600418E-07
  4.57212962601E-07
  4.83856524625E-07
  5.08461823756E-07
  5.31145815330E-07
  5.52030542167E-07
  5.71240548197E-07
  5.88899808918E-07
  6.05129855558E-07
  6.20047103439E-07
  6.33760635083E-07
  6.46369699098E-07
  6.57962345940E-07
  6.68613040489E-07
  6.78381525177E-07
  6.87311569436E-07
  6.95429719144E-07
  7.02744387127E-07
  7.09245625785E-07
  7.14905127097E-07
  7.19675881555E-07
  7.23492973975E-07
  7.26274208773E-07
  7.27921189991E-07
  7.28320571852E-07
  7.27345764062E-07
  7.24858693957E-07
  7.20712023394E-07
  7.14751251962E-07
  7.06817729679E-07
  6.96750532825E-07
  6.84390101924E-07
  6.69580572321E-07
  6.52172900573E-07
  6.32028047676E-07
  6.09019650710E-07
  5.83037149227E-07
  5.53988627416E-07
  5.21803428910E-07
  4.86434657887E-07
  4.47861992825E-07
  4.06092823368E-07
  3.61165291451E-07
  3.13149030262E-07
  2.62146528485E-07
  2.08294252957E-07
  1.51763046574E-07
  9.27579790755E-08
  3.15183825705E-08
 -3.16827382107E-08
 -9.65402335851E-08
 -1.62718038155E-07
 -2.29851025324E-07
 -2.97547700256E-07
 -3.65392423873E-07
 -4.32948752405E-07
 -4.99762677464E-07
 -5.65366690353E-07
 -6.29283135822E-07
 -6.91029299560E-07
 -7.50120875637E-07
 -8.06077309790E-07
 -8.58426119521E-07
 -9.06707839476E-07
 -9.50480682604E-07
 -9.89325258161E-07
 -1.02284934655E-06
 -1.05069273104E-06
 -1.07253049464E-06
 -1.08807807919E-06
 -1.09709537810E-06
 -1.09938923742E-06
 -1.09481652544E-06
 -1.08328788428E-06
 -1.06476943529E-06
 -1.03928368844E-06
 -1.00691181615E-06
 -9.67794449025E-07
 -9.22130766412E-07
 -8.70178666901E-07
 -8.12253801996E-07
 -7.48727927657E-07
 -6.80026232658E-07
 -6.06625292221E-07
 -5.29049259512E-07
 -4.47866284503E-07
 -3.63684080185E-07
 -2.77145147720E-07
 -1.88921490007E-07
 -9.97093536625E-08
 -1.02228456811E-08
  7.88119223216E-08
  1.66663397749E-07
  2.52601040529E-07
  3.35902171855E-07
  4.15858465885E-07
  4.91782770951E-07
  5.63015646549E-07
  6.28931559277E-07
  6.88945476668E-07
  7.42518409425E-07
  7.89163038917E-07
  8.28449003620E-07
  8.60007048686E-07
  8.83533687102E-07
  8.98794723980E-07
  9.05627700831E-07
  9.03944851416E-07
  8.93734352303E-07
  8.75061232364E-07
  8.48068054893E-07
  8.12973667053E-07
  7.70072801970E-07
  7.19733520782E-07
  6.62394825213E-07
  5.98563360654E-07
  5.28809039224E-07
  4.53761003882E-07
  3.74101801981E-07
  2.90561729344E-07
  2.03912833285E-07
  1.14961750342E-07
  2.45428619650E-08
 -6.64894059810E-08
 -1.57268090106E-07
 -2.46921615599E-07
 -3.34581869765E-07
 -4.19392279127E-07
 -5.00515568547E-07
 -5.77141975100E-07
 -6.48496325084E-07
 -7.13846191047E-07
 -7.72508599312E-07
 -8.23856396437E-07
 -8.67325070431E-07
 -9.02417639281E-07
 -9.28710335302E-07
 -9.45856868384E-07
 -9.53591666075E-07
 -9.51733568400E-07
 -9.40187646847E-07
 -9.18946795991E-07
 -8.88092188234E-07
 -8.47793387493E-07
 -7.98307041805E-07
 -7.39975689612E-07
 -6.73224349157E-07
 -5.98557960529E-07
 -5.16556724506E-07
 -4.27871611919E-07
 -3.33218679316E-07
 -2.33373157243E-07
 -1.29162714302E-07
 -2.14601953985E-08
  8.88238744778E-08
  2.00749241230E-07
  3.13354490800E-07
  4.25665120929E-07
  5.36702430054E-07
  6.45492718832E-07
  7.51074878735E-07
  8.52510027016E-07
  9.48889748997E-07
  1.03934382878E-06
  1.12304883260E-06
  1.19923515740E-06
  1.26719396576E-06
  1.32628406391E-06
  1.37593769978E-06
  1.41566545153E-06
  1.44506134347E-06
  1.46380648403E-06
  1.47167202158E-06
  1.46852141825E-06
  1.45431204146E-06
  1.42909595979E-06
  1.39301926083E-06
  1.34632114168E-06
  1.28933265842E-06
  1.22247263334E-06
  1.14624640446E-06
  1.06123889054E-06
  9.68111862676E-07
  8.67597293563E-07
  7.60491161600E-07
  6.47646857033E-07
  5.29967962848E-07
  4.08399898788E-07
  2.83922815925E-07
  1.57542046963E-07
  3.02803115915E-08
 -9.68316555827E-08
 -2.22763560487E-07
 -3.46494744008E-07
 -4.67022744033E-07
 -5.83372127494E-07
 -6.94602249496E-07
 -7.99816518793E-07
 -8.98168877939E-07
 -9.88871533991E-07
 -1.07120183657E-06
 -1.14450813271E-06
 -1.20821528071E-06
 -1.26183033444E-06
 -1.30494504447E-06
 -1.33724063289E-06
 -1.35849040817E-06
 -1.36856078825E-06
 -1.36741266488E-06
 -1.35510174459E-06
 -1.33177843509E-06
 -1.29768511670E-06
 -1.25315511923E-06
 -1.19860897030E-06
 -1.13455155315E-06
 -1.06156676338E-06
 -9.80312279353E-07
 -8.91515185231E-07
 -7.95963899236E-07
 -6.94502659826E-07
 -5.88023283399E-07
 -4.77458286241E-07
 -3.63772045375E-07
 -2.47953238386E-07
 -1.31005691628E-07
 -1.39403333321E-08
  1.02233684629E-07
  2.16517605622E-07
  3.27931530819E-07
  4.35522650832E-07
  5.38373512882E-07
  6.35609467281E-07
  7.26406426566E-07
  8.09997231954E-07
  8.85678730356E-07
  9.52817060806E-07
  1.01085311144E-06
  1.05930723748E-06
  1.09778318347E-06
  1.12597092539E-06
  1.14364945603E-06
  1.15068860396E-06
  1.14704914722E-06
  1.13278440494E-06
  1.10803796360E-06
  1.07304322228E-06
  1.02812134628E-06
  9.73677856564E-07
  9.10198764359E-07
  8.38247331103E-07
  7.58458043038E-07
  6.71531836360E-07
  5.78229389703E-07
  4.79364985040E-07
  3.75799402264E-07
  2.68432302164E-07
  1.58194779942E-07
  4.60413431824E-08
 -6.70583730766E-08
 -1.80127656790E-07
 -2.92191174367E-07
 -4.02283319545E-07
 -5.09455844622E-07
 -6.12786607235E-07
 -7.11386690000E-07
 -8.04408387012E-07
 -8.91051797680E-07
 -9.70571932157E-07
 -1.04228456621E-06
 -1.10557209609E-06
 -1.15988893867E-06
 -1.20476499887E-06
 -1.23981078559E-06
 -1.26471991280E-06
 -1.27927148696E-06
 -1.28333135763E-06
 -1.27685450479E-06
 -1.25988401578E-06
 -1.23255097151E-06
 -1.19507308227E-06
 -1.14775309612E-06
 -1.09097584300E-06
 -1.02520471046E-06
 -9.50977380398E-07
 -8.68902702678E-07
 -7.79653532845E-07
 -6.83962070980E-07
 -5.82613836286E-07
 -4.76440078501E-07
 -3.66311923017E-07
 -2.53132185435E-07
 -1.37828379820E-07
 -2.13446877950E-08
  9.53657490754E-08
  2.11348734069E-07
  3.25656912992E-07
  4.37357385863E-07
  5.45539762697E-07
  6.49322771551E-07
  7.47862657136E-07
  8.40358438836E-07
  9.26059783524E-07
  1.00427178040E-06
  1.07436142116E-06
  1.13576197691E-06
  1.18797720461E-06
  1.23058612189E-06
  1.26324459870E-06
  1.28568922264E-06
  1.29773877688E-06
  1.29929469495E-06
  1.29034242491E-06
  1.27095063363E-06
  1.24127063827E-06
  1.20153436001E-06
  1.15205250495E-06
  1.09321149466E-06
  1.02547039660E-06
  9.49355978719E-07
  8.65459128363E-07
  7.74429281591E-07
  6.76969364122E-07
  5.73829311179E-07
  4.65800383154E-07
  3.53708486500E-07
  2.38407480424E-07
  1.20772213563E-07
  1.69175928821E-09
 -1.17937794641E-07
 -2.37220476151E-07
 -3.55267133045E-07
 -4.71202554309E-07
 -5.84171914397E-07
 -6.93347317338E-07
 -7.97933978447E-07
 -8.97175993941E-07
 -9.90361741060E-07
 -1.07682922135E-06
 -1.15597026706E-06
 -1.22723474760E-06
 -1.29013437800E-06
 -1.34424567477E-06
 -1.38921257076E-06
 -1.42474800668E-06
 -1.45063620494E-06
 -1.46673221479E-06
 -1.47296339037E-06
 -1.46932836742E-06
 -1.45589660860E-06
 -1.43280647080E-06
 -1.40026406825E-06
 -1.35854065775E-06
 -1.30796888698E-06
 -1.24894074816E-06
 -1.18190314424E-06
 -1.10735447834E-06
 -1.02583931039E-06
 -9.37944548696E-07
 -8.44294504532E-07
 -7.45545150949E-07
 -6.42379745841E-07
 -5.35502863386E-07
 -4.25635249712E-07
 -3.13508422778E-07
 -1.99859243821E-07
 -8.54246309245E-08
  2.90636830158E-08
  1.42884260868E-07
  2.55330746768E-07
  3.65716658735E-07
  4.73379515142E-07
  5.77685398184E-07
  6.78032506585E-07
  7.73854822000E-07
  8.64625121721E-07
  9.49857962951E-07
  1.02911201338E-06
  1.10199255232E-06
  1.16815226647E-06
  1.22729363738E-06
  1.27916939618E-06
  1.32358240990E-06
  1.36038738674E-06
  1.38948917083E-06
  1.41084353800E-06
  1.42445514939E-06
  1.43037698308E-06
  1.42870942454E-06
  1.41959719713E-06
  1.40322833886E-06
  1.37983204240E-06
  1.34967524446E-06
  1.31306103412E-06
  1.27032535602E-06
  1.22183428175E-06
  1.16798071303E-06
  1.10918097107E-06
  1.04587275018E-06
  9.78510797722E-07
  9.07563844521E-07
  8.33511535347E-07
  7.56841302518E-07
  6.78044955293E-07
  5.97615724018E-07
  5.16045076893E-07
  4.33819963064E-07
  3.51419714661E-07
  2.69313602530E-07
  1.87958008269E-07
  1.07794434712E-07
  2.92466850738E-08
 -4.72807961671E-08
 -1.21405221876E-07
 -1.92766961504E-07
 -2.61031118498E-07
 -3.25889232045E-07
 -3.87060111962E-07
 -4.44291259782E-07
 -4.97359167184E-07
 -5.46070964447E-07
 -5.90263596223E-07
 -6.29805242625E-07
 -6.64594892896E-07
 -6.94562459103E-07
 -7.19668605598E-07
 -7.39904294278E-07
 -7.55290159304E-07
 -7.65875768138E-07
 -7.71739507854E-07
 -7.72986311404E-07
 -7.69747600771E-07
 -7.62179524827E-07
 -7.50461936150E-07
 -7.34796287816E-07
 -7.15404723906E-07
 -6.92527748924E-07
 -6.66422977247E-07
 -6.37362916223E-07
 -6.05632919815E-07
 -5.71529653826E-07
 -5.35358481102E-07
 -4.97431756230E-07
 -4.58066324427E-07
 -4.17581702550E-07
 -3.76297691673E-07
 -3.34532273882E-07
 -2.92599565910E-07
 -2.50807687507E-07
 -2.09456459288E-07
 -1.68835768477E-07
 -1.29223352019E-07
 -9.08831694346E-08
 -5.40635234358E-08
 -1.89954310059E-08
  1.41087843630E-08
  4.50569785926E-08
  7.36783789534E-08
  9.98245681672E-08
  1.23370512028E-07
  1.44215107412E-07
  1.62281978078E-07
  1.77519510203E-07
  1.89901257386E-07
  1.99425741698E-07
  2.06116283152E-07
  2.10020488112E-07
  2.11209638223E-07
  2.09777837767E-07
  2.05841033107E-07
  1.99535620027E-07
  1.91017221596E-07
  1.80459039711E-07
  1.68050164007E-07
  1.53993681806E-07
  1.38504759661E-07
  1.21808497511E-07
  1.04137633627E-07
  8.57306332591E-08
  6.68289601435E-08
  4.76750905420E-08
  2.85099499564E-08
  9.57071932817E-09
 -8.91155416127E-09
 -2.67141206933E-08
 -4.36246985203E-08
 -5.94435647372E-08
 -7.39854044696E-08
 -8.70811689424E-08
 -9.85796475561E-08
 -1.08348942263E-07
 -1.16277725226E-07
 -1.22276219372E-07
 -1.26277129198E-07
 -1.28236109731E-07
 -1.28132228383E-07
 -1.25968043108E-07
 -1.21769417660E-07
 -1.15585294225E-07
 -1.07486911816E-07
 -9.75671028414E-08
 -8.59391207086E-08
 -7.27354318997E-08
 -5.81061208038E-08
 -4.22173371817E-08
 -2.52493883579E-08
 -7.39463246191E-09
  1.11444231621E-08
  3.01576434936E-08
  4.94292571318E-08
  6.87405972144E-08
  8.78721735376E-08
  1.06606286465E-07
  1.24729481854E-07
  1.42034608075E-07
  1.58323345545E-07
  1.73408295723E-07
  1.87114949313E-07
  1.99283746838E-07
  2.09771528148E-07
  2.18453379830E-07
  2.25223743655E-07
  2.29997581869E-07
  2.32711215631E-07
  2.33322992926E-07
  2.31813643836E-07
  2.28186365803E-07
  2.22466610467E-07
  2.14701813661E-07
  2.04960684869E-07
  1.93332226672E-07
  1.79924683152E-07
  1.64864104590E-07
  1.48292940594E-07
  1.30368050577E-07
  1.11259019775E-07
  9.11459565600E-08
  7.02174176581E-08
  4.86680811207E-08
  2.66964956808E-08
  4.50265069674E-09
 -1.77143615332E-08
 -3.97586141787E-08
 -6.14397279719E-08
 -8.25750703370E-08
 -1.02991705830E-07
 -1.22528547308E-07
 -1.41038100310E-07
 -1.58388004934E-07
 -1.74462599034E-07
 -1.89163998243E-07
 -2.02413076522E-07
 -2.14150333022E-07
 -2.24336233146E-07
 -2.32951421708E-07
 -2.39996694518E-07
 -2.45492685735E-07
 -2.49479342074E-07
 -2.52014928037E-07
 -2.53175244325E-07
 -2.53051979371E-07
 -2.51751401947E-07
 -2.49392712703E-07
 -2.46106054647E-07
 -2.42030523623E-07
 -2.37311965634E-07
 -2.32100958897E-07
 -2.26550284310E-07
 -2.20812722773E-07
 -2.15038710394E-07
 -2.09374050542E-07
 -2.03957611689E-07
 -1.98919281047E-07
 -1.94377861362E-07
 -1.90439237713E-07
 -1.87194558521E-07
 -1.84718942364E-07
 -1.83069943205E-07
 -1.82286711947E-07
 -1.82388959047E-07
 -1.83376684504E-07
 -1.85229737326E-07
 -1.87907872373E-07
 -1.91351119838E-07
 -1.95480367893E-07
 -2.00198186917E-07
 -2.05390009000E-07
 -2.10925549027E-07
 -2.16660367869E-07
 -2.22437876118E-07
 -2.28091252552E-07
 -2.33445888398E-07
 -2.38321590018E-07
 -2.42535151074E-07
 -2.45903066798E-07
 -2.48244049317E-07
 -2.49381827189E-07
 -2.49147745990E-07
 -2.47383439955E-07
 -2.43943389933E-07
 -2.38697253963E-07
 -2.31532197859E-07
 -2.22355126311E-07
 -2.11094359770E-07
 -1.97701396587E-07
 -1.82152319894E-07
 -1.64448806572E-07
 -1.44619036746E-07
 -1.22718120110E-07
 -9.88282806702E-08
 -7.30586435793E-08
 -4.55447874970E-08
 -1.64477942377E-08
  1.40468570109E-08
  4.57308360069E-08
  7.83747609034E-08
  1.11730344088E-07
  1.45532709439E-07
  1.79503103936E-07
  2.13351697198E-07
  2.46780587077E-07
  2.79487153421E-07
  3.11167013933E-07
  3.41517903735E-07
  3.70242673853E-07
  3.97052957624E-07
  4.21672524453E-07
  4.43840605158E-07
  4.63315018351E-07
  4.79875211568E-07
  4.93325330808E-07
  5.03496437432E-07
  5.10249265062E-07
  5.13475981734E-07
  5.13102179411E-07
  5.09087783485E-07
  5.01428701227E-07
  4.90157162858E-07
  4.75341664696E-07
  4.57087338646E-07
  4.35535042698E-07
  4.10860451439E-07
  3.83272947602E-07
  3.53013291488E-07
  3.20352000927E-07
  2.85586907012E-07
  2.49039857181E-07
  2.11054128840E-07
  1.71990919284E-07
  1.32225537186E-07
  9.21438783053E-08
  5.21383221042E-08
  1.26038743886E-08
 -2.60662744722E-08
 -6.34845207514E-08
 -9.92732438476E-08
 -1.33068823516E-07
 -1.64525459923E-07
 -1.93318882680E-07
 -2.19150223302E-07
 -2.41749148699E-07
 -2.60876902303E-07
 -2.76329245708E-07
 -2.87938547672E-07
 -2.95576057852E-07
 -2.99153498418E-07
 -2.98624229345E-07
 -2.93983987376E-07
 -2.85271397615E-07
 -2.72567632464E-07
 -2.55996013721E-07
 -2.35720889918E-07
 -2.11946371564E-07
 -1.84914256351E-07
 -1.54901854899E-07
 -1.22219333321E-07
 -8.72067147384E-08
 -5.02305681493E-08
 -1.16803073880E-08
  2.80356626803E-08
  6.84938825657E-08
  1.09260291481E-07
  1.49894432866E-07
  1.89954135976E-07
  2.28999610385E-07
  2.66598277676E-07
  3.02329027591E-07
  3.35786438654E-07
  3.66584885114E-07
  3.94362842826E-07
  4.18786072487E-07
  4.39551399722E-07
  4.56389642522E-07
  4.69068339726E-07
  4.77394394238E-07
  4.81215749915E-07
  4.80423182125E-07
  4.74951434626E-07
  4.64779532194E-07
  4.49931775393E-07
  4.30477058444E-07
  4.06527902896E-07
  3.78240258669E-07
  3.45811258740E-07
  3.09477542260E-07
  2.69512980822E-07
  2.26226262612E-07
  1.79957311275E-07
  1.31074585852E-07
  7.99712438493E-08
  2.70614570752E-08
 -2.72236242438E-08
 -8.24398327381E-08
 -1.38134325312E-07
 -1.93849643892E-07
 -2.49128305541E-07
 -3.03516770828E-07
 -3.56569557880E-07
 -4.07853548268E-07
 -4.56951823935E-07
 -5.03467163071E-07
 -5.47025820197E-07
 -5.87280510445E-07
 -6.23913308573E-07
 -6.56638917462E-07
 -6.85205804984E-07
 -7.09399159859E-07
 -7.29042085368E-07
 -7.43996565689E-07
 -7.54164716454E-07
 -7.59488671065E-07
 -7.59951205964E-07
 -7.55574660616E-07
 -7.46421164877E-07
 -7.32590422103E-07
 -7.14219254405E-07
 -6.91479272064E-07
 -6.64575168230E-07
 -6.33742217815E-07
 -5.99243719535E-07
 -5.61368267427E-07
 -5.20426965522E-07
 -4.76750017242E-07
 -4.30683712693E-07
 -3.82587188597E-07
 -3.32828875571E-07
 -2.81783371747E-07
 -2.29827989529E-07
 -1.77339501306E-07
 -1.24690984649E-07
 -7.22487456528E-08
 -2.03693755196E-08
  3.06030045749E-08
  8.03393120918E-08
  1.28527872789E-07
  1.74876547021E-07
  2.19114596689E-07
  2.60994426071E-07
  3.00292754218E-07
  3.36811950774E-07
  3.70380774939E-07
  4.00854929694E-07
  4.28117431284E-07
  4.52078495528E-07
  4.72675679930E-07
  4.89873116294E-07
  5.03660885443E-07
  5.14054477208E-07
  5.21093170391E-07
  5.24839379068E-07
  5.25376890437E-07
  5.22809443737E-07
  5.17259081789E-07
  5.08864616222E-07
  4.97779410580E-07
  4.84169902393E-07
  4.68213841032E-07
  4.50098042393E-07
  4.30016626751E-07
  4.08169569255E-07
  3.84760426186E-07
  3.59995055987E-07
  3.34079459208E-07
  3.07218982698E-07
  2.79616244825E-07
  2.51470112289E-07
  2.22974449571E-07
  1.94317024693E-07
  1.65678571307E-07
  1.37231793929E-07
  1.09141097937E-07
  8.15613958594E-08
  5.46382175060E-08
  2.85068590955E-08
  3.29268390331E-09
 -2.08896171472E-08
 -4.39355467563E-08
 -6.57510739188E-08
 -8.62524558443E-08
 -1.05366055436E-07
 -1.23028030430E-07
 -1.39184237469E-07
 -1.53789770252E-07
 -1.66808732160E-07
 -1.78213838353E-07
 -1.87986074707E-07
 -1.96114370965E-07
 -2.02595245469E-07
 -2.07432478305E-07
 -2.10636756037E-07
 -2.12225486962E-07
 -2.12222417417E-07
 -2.10657503885E-07
 -2.07566600352E-07
 -2.02991316200E-07
 -1.96978831468E-07
 -1.89581825794E-07
 -1.80858265253E-07
 -1.70871302885E-07
 -1.59689165002E-07
 -1.47385108562E-07
 -1.34037236421E-07
 -1.19728412074E-07
 -1.04546103330E-07
 -8.85822828423E-08
 -7.19331367804E-08
 -5.46989440409E-08
 -3.69837565017E-08
 -1.88950917135E-08
 -5.43609102177E-10
  1.79573174108E-08
  3.64920538232E-08
  5.49432286334E-08
  7.31922824571E-08
  9.11201141207E-08
  1.08607750349E-07
  1.25537056306E-07
  1.41791517194E-07
  1.57257005640E-07
  1.71822676975E-07
  1.85381836104E-07
  1.97832747517E-07
  2.09079473734E-07
  2.19033012172E-07
  2.27611792525E-07
  2.34742785210E-07
  2.40362226123E-07
  2.44416412443E-07
  2.46862185804E-07
  2.47667884423E-07
  2.46813641525E-07
  2.44291925355E-07
  2.40108022354E-07
  2.34279966094E-07
  2.26839020456E-07
  2.17829352778E-07
  2.07308261224E-07
  1.95345776888E-07
  1.82024180617E-07
  1.67437605114E-07
  1.51691523342E-07
  1.34901682713E-07
  1.17193515337E-07
  9.87009656228E-08
  7.95654955255E-08
  5.99347700359E-08
  3.99614243918E-08
  1.98016909536E-08
 -3.86046805634E-10
 -2.04427248462E-08
 -4.02100930330E-08
 -5.95322902086E-08
 -7.82573152946E-08
 -9.62385513503E-08
 -1.13336341201E-07
 -1.29419177597E-07
 -1.44365316146E-07
 -1.58063897970E-07
 -1.70416143419E-07
 -1.81336403671E-07
 -1.90753155493E-07
 -1.98609612312E-07
 -2.04864633702E-07
 -2.09492839076E-07
 -2.12485218753E-07
 -2.13849233432E-07
 -2.13608416288E-07
 -2.11802728245E-07
 -2.08487506370E-07
 -2.03733364401E-07
 -1.97625254827E-07
 -1.90261488342E-07
 -1.81752739081E-07
 -1.72220808281E-07
 -1.61797302667E-07
 -1.50621957573E-07
 -1.38841329544E-07
 -1.26607062612E-07
 -1.14073777979E-07
 -1.01398008212E-07
 -8.87358027057E-08
 -7.62409868571E-08
 -6.40637694005E-08
 -5.23483905113E-08
 -4.12317859855E-08
 -3.08419529915E-08
 -2.12963175983E-08
 -1.27002399708E-08
 -5.14580777988E-09
  1.28914323660E-09
  6.54235110531E-09
  1.05676267736E-08
  1.33355779752E-08
  1.48340735251E-08
  1.50683590050E-08
  1.40611335908E-08
  1.18523173498E-08
  8.49865688934E-09
  4.07309652672E-09
 -1.33602862107E-09
 -7.62598517667E-09
 -1.46808432078E-08
 -2.23728484627E-08
 -3.05638501175E-08
 -3.91070535954E-08
 -4.78486832378E-08
 -5.66299682703E-08
 -6.52889227126E-08
 -7.36625196396E-08
 -8.15885812244E-08
 -8.89078606292E-08
 -9.54660848151E-08
 -1.01116050644E-07
 -1.05719237808E-07
 -1.09148054150E-07
 -1.11287235427E-07
 -1.12035650091E-07
 -1.11307642214E-07
 -1.09034445472E-07
 -1.05165170794E-07
 -9.96677371745E-08
 -9.25296248511E-08
 -8.37583726820E-08
 -7.33817131504E-08
 -6.14476931560E-08
 -4.80244111145E-08
 -3.31997043190E-08
 -1.70801719435E-08
  2.09445891186E-10
  1.85275030873E-08
  3.77167914678E-08
  5.76060728008E-08
  7.80116806709E-08
  9.87395338825E-08
  1.19586985647E-07
  1.40345079558E-07
  1.60800610161E-07
  1.80738581435E-07
  1.99944437895E-07
  2.18206366753E-07
  2.35317813235E-07
  2.51079541158E-07
  2.65302219304E-07
  2.77808283045E-07
  2.88434137019E-07
  2.97032158869E-07
  3.03472319274E-07
  3.07643944097E-07
  3.09456936520E-07
  3.08843169705E-07
  3.05757254182E-07
  3.00177504187E-07
  2.92106335564E-07
  2.81570265770E-07
  2.68620311772E-07
  2.53331421618E-07
  2.35801920212E-07
  2.16152955090E-07
  1.94527160602E-07
  1.71087620515E-07
  1.46016233771E-07
  1.19512080232E-07
  9.17895590646E-08
  6.30762357900E-08
  3.36106609211E-08
  3.64013286180E-09
 -2.65818353995E-08
 -5.67980329436E-08
 -8.67499991841E-08
 -1.16180693510E-07
 -1.44836960203E-07
 -1.72472169879E-07
 -1.98848610466E-07
 -2.23739888838E-07
 -2.46933154813E-07
 -2.68231161726E-07
 -2.87454525960E-07
 -3.04442977495E-07
 -3.19057477327E-07
 -3.31181155389E-07
 -3.40720646363E-07
 -3.47606800233E-07
 -3.51795563347E-07
 -3.53268006847E-07
 -3.52030610884E-07
 -3.48115037241E-07
 -3.41577731433E-07
 -3.32499041633E-07
 -3.20982650237E-07
 -3.07153953827E-07
 -2.91158841037E-07
 -2.73162186204E-07
 -2.53345859846E-07
 -2.31906767567E-07
 -2.09054874745E-07
 -1.85010776477E-07
 -1.60003338578E-07
 -1.34267480689E-07
 -1.08041483315E-07
 -8.15645933017E-08
 -5.50745049566E-08
 -2.88049388786E-08
 -2.98330049553E-09
  2.21717062487E-08
  4.64521860977E-08
  6.96630664265E-08
  9.16240949778E-08
  1.12171441913E-07
  1.31159183070E-07
  1.48460642890E-07
  1.63969417599E-07
  1.77600213647E-07
  1.89289465879E-07
  1.98995522283E-07
  2.06698828720E-07
  2.12401744193E-07
  2.16128015040E-07
  2.17922220713E-07
  2.17848793227E-07
  2.15990866081E-07
  2.12449009496E-07
  2.07339709846E-07
  2.00793564886E-07
  1.92953464762E-07
  1.83972829859E-07
  1.74013223386E-07
  1.63242418694E-07
  1.51832054485E-07
  1.39955602663E-07
  1.27785853010E-07
  1.15492987618E-07
  1.03242271621E-07
  9.11920778890E-08
  7.94918832980E-08
  6.82804568441E-08
  5.76842040800E-08
  4.78156110262E-08
  3.87720007211E-08
  3.06343643786E-08
  2.34665051835E-08
  1.73143384075E-08
  1.22055041629E-08
  8.14920042558E-09
  5.13615683317E-09
  3.13902259741E-09
  2.11291184549E-09
  1.99610417084E-09
  2.71111622041E-09
  4.16593159969E-09
  6.25528384646E-09
  8.86241924292E-09
  1.18607221822E-08
  1.51156900330E-08
  1.84868049757E-08
  2.18297984134E-08
  2.49987373024E-08
  2.78481522287E-08
  3.02353626580E-08
  3.20226263284E-08
  3.30792673253E-08
  3.32838006045E-08
  3.25258824319E-08
  3.07081471362E-08
  2.77479941246E-08
  2.35790285075E-08
  1.81524697496E-08
  1.14383116312E-08
  3.42614647764E-09
 -5.87406656649E-09
 -1.64316471540E-08
 -2.81949894543E-08
 -4.10916989324E-08
 -5.50289236401E-08
 -6.98940070265E-08
 -8.55553921042E-08
 -1.01863719237E-07
 -1.18653261438E-07
 -1.35743519536E-07
 -1.52941069587E-07
 -1.70041531078E-07
 -1.86831840665E-07
 -2.03092540119E-07
 -2.18600263224E-07
 -2.33130279526E-07
 -2.46459165965E-07
 -2.58367492734E-07
 -2.68642395440E-07
 -2.77080317801E-07
 -2.83489640651E-07
 -2.87693097789E-07
 -2.89530277087E-07
 -2.88859752118E-07
 -2.85561384317E-07
 -2.79537914594E-07
 -2.70716981277E-07
 -2.59052143292E-07
 -2.44524443360E-07
 -2.27143004849E-07
 -2.06945813375E-07
 -1.83999887327E-07
 -1.58401249450E-07
 -1.30274742105E-07
 -9.97731959274E-08
 -6.70765913924E-08
 -3.23907372035E-08
  4.05424360750E-09
  4.20057446604E-08
  8.11908549281E-08
  1.21318649349E-07
  1.62082727684E-07
  2.03164006507E-07
  2.44233746116E-07
  2.84956485075E-07
  3.24993351342E-07
  3.64005103393E-07
  4.01655825044E-07
  4.37615909732E-07
  4.71565414273E-07
  5.03197327362E-07
  5.32220894911E-07
  5.58363979053E-07
  5.81376923492E-07
  6.01034116698E-07
  6.17137175141E-07
  6.29516819117E-07
  6.38034691747E-07
  6.42585291644E-07
  6.43096825570E-07
  6.39532515834E-07
  6.31891111880E-07
  6.20207060820E-07
  6.04550507433E-07
  5.85027066791E-07
  5.61776346331E-07
  5.34971775323E-07
  5.04818331137E-07
  4.71551089731E-07
  4.35433037183E-07
  3.96752739107E-07
  3.55821526909E-07
  3.12970882987E-07
  2.68549030125E-07
  2.22917989845E-07
  1.76449887590E-07
  1.29523570536E-07
  8.25209909294E-08
  3.58236285081E-08
 -1.01911892258E-08
 -5.51538761329E-08
 -9.87060033708E-08
 -1.40503757962E-07
 -1.80221249479E-07
 -2.17553363768E-07
 -2.52218825381E-07
 -2.83962720005E-07
 -3.12558853466E-07
 -3.37811798090E-07
 -3.59558555374E-07
 -3.77670090757E-07
 -3.92052356801E-07
 -4.02647003739E-07
 -4.09431606840E-07
 -4.12419979057E-07
 -4.11661375210E-07
 -4.07240179356E-07
 -3.99274597385E-07
 -3.87915264355E-07
 -3.73343624460E-07
 -3.55769799398E-07
 -3.35430428322E-07
 -3.12585967777E-07
 -2.87518076902E-07
 -2.60526547891E-07
 -2.31926179595E-07
 -2.02043693776E-07
 -1.71214196598E-07
 -1.39777895924E-07
 -1.08076676497E-07
 -7.64506893347E-08
 -4.52350015223E-08
 -1.47563641306E-08
  1.46699150605E-08
  4.27430109085E-08
  6.91793076157E-08
  9.37150517188E-08
  1.16108701320E-07
  1.36142958240E-07
  1.53626615429E-07
  1.68396098843E-07
  1.80316646947E-07
  1.89283284158E-07
  1.95221232957E-07
  1.98086283376E-07
  1.97864693519E-07
  1.94572749024E-07
  1.88256080946E-07
  1.78988614152E-07
  1.66871387819E-07
  1.52030807499E-07
  1.34616968239E-07
  1.14801657958E-07
  9.27760197555E-08
  6.87482497597E-08
  4.29410533798E-08
  1.55890056419E-08
 -1.30641621965E-08
 -4.27682778081E-08
 -7.32695184524E-08
 -1.04313102156E-07
 -1.35646047283E-07
 -1.67019678088E-07
 -1.98192154244E-07
 -2.28930829849E-07
 -2.59014342419E-07
 -2.88234787149E-07
 -3.16399251687E-07
 -3.43331493013E-07
 -3.68873344314E-07
 -3.92885425526E-07
 -4.15248365471E-07
 -4.35862972381E-07
 -4.54650660231E-07
 -4.71553420311E-07
 -4.86533394906E-07
 -4.99572593071E-07
 -5.10671668508E-07
 -5.19849493230E-07
 -5.27141423845E-07
 -5.32598107839E-07
 -5.36284119335E-07
 -5.38275571671E-07
 -5.38658810001E-07
 -5.37528421773E-07
 -5.34985076683E-07
 -5.31133480308E-07
 -5.26080157215E-07
 -5.19931916187E-07
 -5.12793405960E-07
 -5.04765239384E-07
 -4.95942458656E-07
 -4.86412659484E-07
 -4.76254399473E-07
 -4.65536203365E-07
 -4.54315028264E-07
 -4.42635496256E-07
 -4.30529127016E-07
 -4.18014167280E-07
 -4.05094795042E-07
 -3.91761687979E-07
 -3.77991710820E-07
 -3.63749222743E-07
 -3.48985963683E-07
 -3.33642589112E-07
 -3.17649750059E-07
 -3.00929343666E-07
 -2.83396360601E-07
 -2.64960306140E-07
 -2.45527530751E-07
 -2.25002779075E-07
 -2.03291648404E-07
 -1.80302606623E-07
 -1.55949209102E-07
 -1.30152386646E-07
 -1.02842449223E-07
 -7.39614236522E-08
 -4.34649187753E-08
 -1.13241549471E-08
  2.24723315512E-08
  5.79170560400E-08
  9.49821767904E-08
  1.33618314635E-07
  1.73753633703E-07
  2.15293141537E-07
  2.58118234342E-07
  3.02086647253E-07
  3.47032624859E-07
  3.92767191215E-07
  4.39079144599E-07
  4.85736165956E-07
  5.32485785243E-07
  5.79057541472E-07
  6.25164545909E-07
  6.70505585276E-07
  7.14767850241E-07
  7.57629379677E-07
  7.98761675469E-07
  8.37832942580E-07
  8.74511044913E-07
  9.08466631699E-07
  9.39376661790E-07
  9.66927473200E-07
  9.90817738966E-07
  1.01076273040E-06
  1.02649607925E-06
  1.03777415461E-06
  1.04437833670E-06
  1.04611763163E-06
  1.04283128621E-06
  1.03439185750E-06
  1.02070544017E-06
  1.00171575923E-06
  9.77403487923E-07
  9.47788521444E-07
  9.12930602226E-07
  8.72928922035E-07
  8.27923315683E-07
  7.78092726250E-07
  7.23655602997E-07
  6.64867684463E-07
  6.02021032137E-07
  5.35442779892E-07
  4.65491780233E-07
  3.92556984252E-07
  3.17054457355E-07
  2.39424025494E-07
  1.60126461424E-07
  7.96394985514E-08
 -1.54560109156E-09
 -8.29280324410E-08
 -1.64001335179E-07
 -2.44257563509E-07
 -3.23191187590E-07
 -4.00303406423E-07
 -4.75105963460E-07
 -5.47125353023E-07
 -6.15906287749E-07
 -6.81016047110E-07
 -7.42047177482E-07
 -7.98621442755E-07
 -8.50392382290E-07
 -8.97048607840E-07
 -9.38315622534E-07
 -9.73958435679E-07
 -1.00378292700E-06
 -1.02763783616E-06
 -1.04541493329E-06
 -1.05705055375E-06
 -1.06252537080E-06
 -1.06186428184E-06
 -1.05513572635E-06
 -1.04245191324E-06
 -1.02396563761E-06
 -9.99870280793E-07
 -9.70397536548E-07
 -9.35814114200E-07
 -8.96420715435E-07
 -8.52548112107E-07
 -8.04554531442E-07
 -7.52822415961E-07
 -6.97754785506E-07
 -6.39771883471E-07
 -5.79307311455E-07
 -5.16804504969E-07
 -4.52712640708E-07
 -3.87483538589E-07
 -3.21567085848E-07
 -2.55408139083E-07
 -1.89442957321E-07
 -1.24095549836E-07
 -5.97747771280E-08
  3.12888337461E-09
  6.42460449285E-08
  1.23231032489E-07
  1.79764015229E-07
  2.33553166140E-07
  2.84336294953E-07
  3.31882034743E-07
  3.75991248802E-07
  4.16497641709E-07
  4.53267972489E-07
  4.86202395678E-07
  5.15234262366E-07
  5.40329210708E-07
  5.61485137496E-07
  5.78730123380E-07
  5.92121978116E-07
  6.01745909989E-07
  6.07713218415E-07
  6.10159247572E-07
  6.09240714766E-07
  6.05134005127E-07
  5.98032556809E-07
  5.88143961977E-07
  5.75687977289E-07
  5.60893340662E-07
  5.43995724911E-07
  5.25234668203E-07
  5.04851072947E-07
  4.83085329961E-07
  4.60174248929E-07
  4.36348926769E-07
  4.11833269709E-07
  3.86841406907E-07
  3.61576326213E-07
  3.36228083597E-07
  3.10972694706E-07
  2.85970969571E-07
  2.61367546273E-07
  2.37290166183E-07
  2.13849546071E-07
  1.91138752825E-07
  1.69233501879E-07
  1.48192228266E-07
  1.28056626636E-07
  1.08852205472E-07
  9.05890331637E-08
  7.32629104050E-08
  5.68562121828E-08
  4.13393976828E-08
  2.66721666975E-08
  1.28050583470E-08
 -3.19083010014E-10
 -1.27635502167E-08
 -2.45961278011E-08
 -3.58875240636E-08
 -4.67097329704E-08
 -5.71345033507E-08
 -6.72318378747E-08
 -7.70685275597E-08
 -8.67068621346E-08
 -9.62033226415E-08
 -1.05607540490E-07
 -1.14961260067E-07
 -1.24297571347E-07
 -1.33640114086E-07
 -1.43002750974E-07
 -1.52388992092E-07
 -1.61791902542E-07
 -1.71194159293E-07
 -1.80568079600E-07
 -1.89876033119E-07
 -1.99070811391E-07
 -2.08096352594E-07
 -2.16888423665E-07
 -2.25375544005E-07
 -2.33480008660E-07
 -2.41118982558E-07
 -2.48205736852E-07
 -2.54650927900E-07
 -2.60363719917E-07
 -2.65253646603E-07
 -2.69231492211E-07
 -2.72210940011E-07
 -2.74109908105E-07
 -2.74851970516E-07
 -2.74367550901E-07
 -2.72595144679E-07
 -2.69482683279E-07
 -2.64988301524E-07
 -2.59081588183E-07
 -2.51744097568E-07
 -2.42970315867E-07
 -2.32768144315E-07
 -2.21159169200E-07
 -2.08179130823E-07
 -1.93877852439E-07
 -1.78319240263E-07
 -1.61581112934E-07
