 -3.10935170944E-08
 -3.48813777862E-08
 -3.86485581316E-08
 -4.23902228874E-08
 -4.61013698327E-08
 -4.97768546381E-08
 -5.34113233641E-08
 -5.69991946975E-08
 -6.05346670568E-08
 -6.40116653017E-08
 -6.74238194165E-08
 -7.07644858267E-08
 -7.40266798971E-08
 -7.72031469864E-08
 -8.02862629712E-08
 -8.32681052998E-08
 -8.61403961494E-08
 -8.88945947963E-08
 -9.15218336672E-08
 -9.40129609717E-08
 -9.63585762292E-08
 -9.85490586913E-08
 -1.00574567341E-07
 -1.02425133264E-07
 -1.04090645436E-07
 -1.05560935992E-07
 -1.06825858381E-07
 -1.07875273159E-07
 -1.08699147461E-07
 -1.09287647376E-07
 -1.09631137946E-07
 -1.09720311059E-07
 -1.09546256510E-07
 -1.09100483314E-07
 -1.08375040497E-07
 -1.07362581048E-07
 -1.06056447180E-07
 -1.04450727179E-07
 -1.02540319347E-07
 -1.00321038587E-07
 -9.77896732479E-08
 -9.49440135400E-08
 -9.17829865443E-08
 -8.83066491042E-08
 -8.45162304586E-08
 -8.04142956667E-08
 -7.60046461323E-08
 -7.12924190793E-08
 -6.62841372900E-08
 -6.09877019997E-08
 -5.54123857910E-08
 -4.95689143065E-08
 -4.34693845364E-08
 -3.71273074506E-08
 -3.05575653670E-08
 -2.37764048450E-08
 -1.68013940538E-08
 -9.65138102771E-09
 -2.34644415009E-09
  5.09215336564E-09
  1.26420536262E-08
  2.02798453586E-08
  2.79811640524E-08
  3.57207845525E-08
  4.34726921128E-08
  5.12101898664E-08
  5.89060071832E-08
  6.65324151328E-08
  7.40613188555E-08
  8.14643996705E-08
  8.87132074467E-08
  9.57793346856E-08
  1.02634452048E-07
  1.09250521518E-07
  1.15599895878E-07
  1.21655432395E-07
  1.27390634930E-07
  1.32779703677E-07
  1.37797812272E-07
  1.42421072269E-07
  1.46626774722E-07
  1.50393347553E-07
  1.53700639771E-07
  1.56529878836E-07
  1.58863855404E-07
  1.60686994377E-07
  1.61985411751E-07
  1.62746985666E-07
  1.62961484307E-07
  1.62620509059E-07
  1.61717707670E-07
  1.60248731618E-07
  1.58211207690E-07
  1.55604894303E-07
  1.52431610445E-07
  1.48695249891E-07
  1.44401838043E-07
  1.39559489298E-07
  1.34178350208E-07
  1.28270656319E-07
  1.21850575852E-07
  1.14934337603E-07
  1.07539996463E-07
  9.96875044734E-08
  9.13985829243E-08
  8.26966655154E-08
  7.36067988782E-08
  6.41556070491E-08
  5.43711031753E-08
  4.42826859626E-08
  3.39209904610E-08
  2.33177566145E-08
  1.25057519895E-08
  1.51864354425E-09
 -9.60913038028E-09
 -2.08424904002E-08
 -3.21458273334E-08
 -4.34831335383E-08
 -5.48181482429E-08
 -6.61144667902E-08
 -7.73356916284E-08
 -8.84455531036E-08
 -9.94080338046E-08
 -1.10187507119E-07
 -1.20748850918E-07
 -1.31057589670E-07
 -1.41080022331E-07
 -1.50783307618E-07
 -1.60135599003E-07
 -1.69106172621E-07
 -1.77665498313E-07
 -1.85785353324E-07
 -1.93438992824E-07
 -2.00601093070E-07
 -2.07247964568E-07
 -2.13357608914E-07
 -2.18909718797E-07
 -2.23885862738E-07
 -2.28269442459E-07
 -2.32045820781E-07
 -2.35202293197E-07
 -2.37728215779E-07
 -2.39614962538E-07
 -2.40855968059E-07
 -2.41446826976E-07
 -2.41385208710E-07
 -2.40670743779E-07
 -2.39305364858E-07
 -2.37292979932E-07
 -2.34639571772E-07
 -2.31353112667E-07
 -2.27443649692E-07
 -2.22923119964E-07
 -2.17805379066E-07
 -2.12106101571E-07
 -2.05842781043E-07
 -1.99034559500E-07
 -1.91702270058E-07
 -1.83868209547E-07
 -1.75556195359E-07
 -1.66791352285E-07
 -1.57600112516E-07
 -1.48009959844E-07
 -1.38049585985E-07
 -1.27748492673E-07
 -1.17136998767E-07
 -1.06246169196E-07
 -9.51076088995E-08
 -8.37534201992E-08
 -7.22160109490E-08
 -6.05279737442E-08
 -4.87220255252E-08
 -3.68308405996E-08
 -2.48869032049E-08
 -1.29224533296E-08
 -9.69311853005E-10
  1.09412097160E-08
  2.27784173745E-08
  3.45123538636E-08
  4.61138967012E-08
  5.75548568804E-08
  6.88080632472E-08
  7.98474530939E-08
  9.06481645302E-08
  1.01186593326E-07
  1.11440442652E-07
  1.21388836760E-07
  1.31012299676E-07
  1.40292868878E-07
  1.49214045564E-07
  1.57760908337E-07
  1.65920084783E-07
  1.73679737259E-07
  1.81029648161E-07
  1.87961106235E-07
  1.94466906578E-07
  2.00541450113E-07
  2.06180544637E-07
  2.11381504300E-07
  2.16142993281E-07
  2.20465054213E-07
  2.24348980282E-07
  2.27797357866E-07
  2.30813839153E-07
  2.33403241623E-07
  2.35571349094E-07
  2.37324883301E-07
  2.38671418629E-07
  2.39619282638E-07
  2.40177428168E-07
  2.40355518599E-07
  2.40163615217E-07
  2.39612262476E-07
  2.38712317469E-07
  2.37474878872E-07
  2.35911272739E-07
  2.34032938806E-07
  2.31851302601E-07
  2.29377803862E-07
  2.26623839694E-07
  2.23600551408E-07
  2.20319009259E-07
  2.16789985075E-07
  2.13024037521E-07
  2.09031412624E-07
  2.04822029559E-07
  2.00405494866E-07
  1.95791031388E-07
  1.90987549331E-07
  1.86003617841E-07
  1.80847422371E-07
  1.75526920998E-07
  1.70049688109E-07
  1.64423056503E-07
  1.58654074767E-07
  1.52749635163E-07
  1.46716374161E-07
  1.40560842965E-07
  1.34289507514E-07
  1.27908677428E-07
  1.21424719168E-07
  1.14844034727E-07
  1.08173047408E-07
  1.01418301313E-07
  9.45864897517E-08
  8.76844978848E-08
  8.07193956120E-08
  7.36985370509E-08
  6.66295036922E-08
  5.95201967712E-08
  5.23788230566E-08
  4.52138912976E-08
  3.80342441986E-08
  3.08490335499E-08
  2.36677504262E-08
  1.65001630137E-08
  9.35634503207E-09
  2.24662533022E-09
 -4.81844297795E-09
 -1.18280931716E-08
 -1.87714164213E-08
 -2.56373819951E-08
 -3.24148921038E-08
 -3.90928427407E-08
 -4.56601654264E-08
 -5.21059106973E-08
 -5.84192605402E-08
 -6.45896420792E-08
 -7.06067666556E-08
 -7.64606724601E-08
 -8.21418382202E-08
 -8.76411618833E-08
 -9.29501169367E-08
 -9.80607168799E-08
 -1.02965621807E-07
 -1.07658152615E-07
 -1.12132376273E-07
 -1.16383091608E-07
 -1.20405900361E-07
 -1.24197171658E-07
 -1.27754191226E-07
 -1.31074997967E-07
 -1.34158483434E-07
 -1.37004491307E-07
 -1.39613575811E-07
 -1.41987172242E-07
 -1.44127511703E-07
 -1.46037550053E-07
 -1.47721010535E-07
 -1.49182312725E-07
 -1.50426487266E-07
 -1.51459218500E-07
 -1.52286645516E-07
 -1.52915390572E-07
 -1.53352530674E-07
 -1.53605427045E-07
 -1.53681781967E-07
 -1.53589411411E-07
 -1.53336301878E-07
 -1.52930525132E-07
 -1.52380081886E-07
 -1.51692901795E-07
 -1.50876857674E-07
 -1.49939523908E-07
 -1.48888219087E-07
 -1.47729991795E-07
 -1.46471478502E-07
 -1.45118960404E-07
 -1.43678164477E-07
 -1.42154505056E-07
 -1.40552742778E-07
 -1.38877183531E-07
 -1.37131635825E-07
 -1.35319268679E-07
 -1.33442824790E-07
 -1.31504478418E-07
 -1.29505878022E-07
 -1.27448217313E-07
 -1.25332206835E-07
 -1.23158116594E-07
 -1.20925903957E-07
 -1.18635071544E-07
 -1.16284901708E-07
 -1.13874392582E-07
 -1.11402336245E-07
 -1.08867389770E-07
 -1.06268124966E-07
 -1.03603049695E-07
 -1.00870700237E-07
 -9.80697052455E-08
 -9.51987857434E-08
 -9.22568474948E-08
 -8.92430307431E-08
 -8.61567102106E-08
 -8.29976016803E-08
 -7.97657193630E-08
 -7.64614966897E-08
 -7.30857294684E-08
 -6.96396398325E-08
 -6.61248904521E-08
 -6.25435987445E-08
 -5.88983120053E-08
 -5.51920287251E-08
 -5.14282056940E-08
 -4.76107118175E-08
 -4.37438352208E-08
 -3.98322583806E-08
 -3.58810225976E-08
 -3.18955173384E-08
 -2.78814216159E-08
 -2.38446862255E-08
 -1.97914911126E-08
 -1.57282009638E-08
 -1.16613216861E-08
 -7.59746399126E-09
 -3.54329277030E-09
  4.94514373894E-10
  4.50930714990E-09
  8.49450909612E-09
  1.24436523308E-08
  1.63504196848E-08
  2.02086791745E-08
  2.40125128670E-08
  2.77562559603E-08
  3.14345101060E-08
  3.50421700546E-08
  3.85744449716E-08
  4.20268833068E-08
  4.53953674651E-08
  4.86761209118E-08
  5.18657223836E-08
  5.49610987832E-08
  5.79595393901E-08
  6.08586461226E-08
  6.36563868284E-08
  6.63510277832E-08
  6.89411479016E-08
  7.14256245260E-08
  7.38035836889E-08
  7.60744498507E-08
  7.82378322128E-08
  8.02935744559E-08
  8.22417476343E-08
  8.40825506998E-08
  8.58163531348E-08
  8.74436523191E-08
  8.89650948466E-08
  9.03813912601E-08
  9.16933728945E-08
  9.29018995066E-08
  9.40079303291E-08
  9.50124743326E-08
  9.59165546988E-08
  9.67212372416E-08
  9.74276233023E-08
  9.80368497494E-08
  9.85500392403E-08
  9.89683641706E-08
  9.92930182520E-08
  9.95251738800E-08
  9.96660602937E-08
  9.97169280481E-08
  9.96790063823E-08
  9.95536026949E-08
  9.93420172790E-08
  9.90455504279E-08
  9.86655734891E-08
  9.82034507047E-08
  9.76605605274E-08
  9.70383098320E-08
  9.63381268093E-08
  9.55614041231E-08
  9.47095841752E-08
  9.37840951565E-08
  9.27863155198E-08
  9.17176308235E-08
  9.05794124151E-08
  8.93729676932E-08
  8.80995614239E-08
  8.67604228461E-08
  8.53566888281E-08
  8.38894607114E-08
  8.23597545718E-08
  8.07685225368E-08
  7.91166172576E-08
  7.74048558583E-08
  7.56339630925E-08
  7.38045997650E-08
  7.19173769426E-08
  6.99729056919E-08
  6.79717189200E-08
  6.59143566395E-08
  6.38014370224E-08
  6.16335569248E-08
  5.94114197838E-08
  5.71358462764E-08
  5.48077707663E-08
  5.24283230163E-08
  4.99988672686E-08
  4.75209702699E-08
  4.49965398275E-08
  4.24277786237E-08
  3.98172801397E-08
  3.71680286548E-08
  3.44834312216E-08
  3.17673816141E-08
  2.90242443413E-08
  2.62588972788E-08
  2.34767494334E-08
  2.06837302841E-08
  1.78863039935E-08
  1.50914658548E-08
  1.23067165347E-08
  9.54004963916E-09
  6.79991352115E-09
  4.09517175726E-09
  1.43505940464E-09
 -1.17088616580E-09
 -3.71288355616E-09
 -6.18098994210E-09
 -8.56517612391E-09
 -1.08554258915E-08
 -1.30418236211E-08
 -1.51146721805E-08
 -1.70645790831E-08
 -1.88825755032E-08
 -2.05602379566E-08
 -2.20897788950E-08
 -2.34641710506E-08
 -2.46772557944E-08
 -2.57238355061E-08
 -2.65997854854E-08
 -2.73021232289E-08
 -2.78291150124E-08
 -2.81803096414E-08
 -2.83566290449E-08
 -2.83603984741E-08
 -2.81953642656E-08
 -2.78667098286E-08
 -2.73810609741E-08
 -2.67464521642E-08
 -2.59722821028E-08
 -2.50692533399E-08
 -2.40493100989E-08
 -2.29255014972E-08
 -2.17119140444E-08
 -2.04234833490E-08
 -1.90758981944E-08
 -1.76853891531E-08
 -1.62685616090E-08
 -1.48422403257E-08
 -1.34231932236E-08
 -1.20280132521E-08
 -1.06728368365E-08
 -9.37314847960E-09
 -8.14357736800E-09
 -6.99767177537E-09
 -5.94770144247E-09
 -5.00446262208E-09
 -4.17708090339E-09
 -3.47286999158E-09
 -2.89714874313E-09
 -2.45314168978E-09
 -2.14187156899E-09
 -1.96205895975E-09
 -1.91009918993E-09
 -1.98001348650E-09
 -2.16350848348E-09
 -2.44997289123E-09
 -2.82658052519E-09
 -3.27839311254E-09
 -3.78851572336E-09
 -4.33827018753E-09
 -4.90741003389E-09
 -5.47435563547E-09
 -6.01646421572E-09
 -6.51034604005E-09
 -6.93214641245E-09
 -7.25792137501E-09
 -7.46397788021E-09
 -7.52722595365E-09
 -7.42556816036E-09
 -7.13828951504E-09
 -6.64639898673E-09
 -5.93301896501E-09
 -4.98372676461E-09
 -3.78691566993E-09
 -2.33405672567E-09
 -6.20045570443E-10
  1.35659639078E-09
  3.59348306667E-09
  6.08419847836E-09
  8.81817729947E-09
  1.17806218114E-08
  1.49524836957E-08
  1.83105086649E-08
  2.18273150665E-08
  2.54715342152E-08
  2.92080493125E-08
  3.29982405844E-08
  3.68002979201E-08
  4.05696596317E-08
  4.42593552918E-08
  4.78205812726E-08
  5.12031590461E-08
  5.43561569089E-08
  5.72284619693E-08
  5.97694196358E-08
  6.19295050797E-08
  6.36609769344E-08
  6.49185665225E-08
  6.56601528704E-08
  6.58474021975E-08
  6.54464287209E-08
  6.44284696705E-08
  6.27703755640E-08
  6.04551928518E-08
  5.74726506386E-08
  5.38196012201E-08
  4.95003185108E-08
  4.45268462101E-08
  3.89191221473E-08
  3.27051559168E-08
  2.59209986808E-08
  1.86106756672E-08
  1.08260262977E-08
  2.62640309501E-09
 -5.92169513425E-09
 -1.47450940347E-08
 -2.37645298995E-08
 -3.28953220219E-08
 -4.20480965602E-08
 -5.11296853745E-08
 -6.00439662435E-08
 -6.86929411131E-08
 -7.69776775655E-08
 -8.47994954256E-08
 -9.20610645494E-08
 -9.86675203762E-08
 -1.04527721589E-07
 -1.09555315930E-07
 -1.13670012070E-07
 -1.16798617000E-07
 -1.18876187116E-07
 -1.19847001656E-07
 -1.19665600096E-07
 -1.18297649010E-07
 -1.15720645510E-07
 -1.11924777002E-07
 -1.06913304876E-07
 -1.00703111627E-07
 -9.33249779678E-08
 -8.48237817763E-08
 -7.52583986241E-08
 -6.47017088795E-08
 -5.32401784881E-08
 -4.09734575157E-08
 -2.80137264497E-08
 -1.44849989780E-08
 -5.22123400071E-10
  1.37302587078E-08
  2.81188921036E-08
  4.24832755641E-08
  5.66570648175E-08
  7.04696745402E-08
  8.37478566496E-08
  9.63174571211E-08
  1.08005167476E-07
  1.18640329561E-07
  1.28056768745E-07
  1.36094570280E-07
  1.42602019082E-07
  1.47437148712E-07
  1.50469659843E-07
  1.51582455032E-07
  1.50673159283E-07
  1.47655541127E-07
  1.42460862662E-07
  1.35038831672E-07
  1.25358724290E-07
  1.13410187907E-07
  9.92036319758E-08
  8.27708390716E-08
  6.41649720023E-08
  4.34606270971E-08
  2.07535748586E-08
 -3.83975962137E-09
 -3.01829707894E-08
 -5.81205803485E-08
 -8.74791510341E-08
 -1.18068662402E-07
 -1.49683899053E-07
 -1.82106319357E-07
 -2.15105686152E-07
 -2.48442290740E-07
 -2.81868864249E-07
 -3.15132922424E-07
 -3.47978954096E-07
 -3.80151050194E-07
 -4.11394893263E-07
 -4.41460485945E-07
 -4.70104367878E-07
 -4.97092059959E-07
 -5.22200195974E-07
 -5.45219052128E-07
 -5.65953996556E-07
 -5.84228189382E-07
 -5.99883549057E-07
 -6.12783139786E-07
 -6.22811626272E-07
 -6.29877490610E-07
 -6.33913032289E-07
 -6.34875618744E-07
 -6.32748083262E-07
 -6.27538383924E-07
 -6.19280399405E-07
 -6.08032451055E-07
 -5.93878098698E-07
 -5.76923810058E-07
 -5.57299017601E-07
 -5.35153844794E-07
 -5.10658423991E-07
 -4.84000452161E-07
 -4.55383400322E-07
 -4.25024524020E-07
 -3.93152419065E-07
 -3.60004747790E-07
 -3.25825652681E-07
 -2.90863255259E-07
 -2.55367098134E-07
 -2.19585558625E-07
 -1.83763177120E-07
 -1.48138241229E-07
 -1.12940327313E-07
 -7.83879841038E-08
 -4.46865193737E-08
 -1.20260166270E-08
  1.94205362902E-08
  4.94988583455E-08
  7.80747910767E-08
  1.05035432796E-07
  1.30290075617E-07
  1.53770798761E-07
  1.75432788296E-07
  1.95254557411E-07
  2.13237555613E-07
  2.29405756613E-07
  2.43804862521E-07
  2.56501266449E-07
  2.67580873015E-07
  2.77147307770E-07
  2.85320368221E-07
  2.92234034305E-07
  2.98034279922E-07
  3.02876827618E-07
  3.06924647475E-07
  3.10345541266E-07
  3.13309584499E-07
  3.15986341093E-07
  3.18542561217E-07
  3.21139310699E-07
  3.23929668866E-07
  3.27056199012E-07
  3.30648674662E-07
  3.34822090053E-07
  3.39674556926E-07
  3.45285656067E-07
  3.51714959379E-07
  3.59000836170E-07
  3.67159429970E-07
  3.76184004836E-07
  3.86044661127E-07
  3.96688221826E-07
  4.08038459909E-07
  4.19996894152E-07
  4.32443499676E-07
  4.45237844815E-07
  4.58220739574E-07
  4.71216111464E-07
  4.84032682380E-07
  4.96466725508E-07
  5.08304140112E-07
  5.19323293702E-07
  5.29298006313E-07
  5.38000222150E-07
  5.45203533875E-07
  5.50685626877E-07
  5.54232201466E-07
  5.55639530830E-07
  5.54717473733E-07
  5.51293055651E-07
  5.45212742509E-07
  5.36345339697E-07
  5.24584265804E-07
  5.09850167418E-07
  4.92092738114E-07
  4.71292139537E-07
  4.47460735131E-07
  4.20644056476E-07
  3.90921371718E-07
  3.58406083478E-07
  3.23245643585E-07
  2.85621212015E-07
  2.45746633709E-07
  2.03867472237E-07
  1.60259304494E-07
  1.15225759600E-07
  6.90963375405E-08
  2.22237339642E-08
 -2.50190819173E-08
 -7.22420097077E-08
 -1.19041267510E-07
 -1.65003015695E-07
 -2.09707209819E-07
 -2.52731524597E-07
 -2.93655403993E-07
 -3.32064132635E-07
 -3.67553070646E-07
 -3.99731476364E-07
 -4.28226883287E-07
 -4.52688681207E-07
 -4.72792038408E-07
 -4.88241312269E-07
 -4.98773374602E-07
 -5.04160709625E-07
 -5.04214142438E-07
 -4.98785084346E-07
 -4.87767636059E-07
 -4.71100264576E-07
 -4.48767025318E-07
 -4.20798244249E-07
 -3.87271057889E-07
 -3.48309299625E-07
 -3.04082931279E-07
 -2.54807218880E-07
 -2.00741339995E-07
 -1.42186550534E-07
 -7.94840673279E-08
 -1.30124861997E-08
  5.68150788638E-08
  1.29554265982E-07
  2.04733012765E-07
  2.81855221829E-07
  3.60404982302E-07
  4.39850538214E-07
  5.19648835962E-07
  5.99249744937E-07
  6.78100491314E-07
  7.55650660267E-07
  8.31355919217E-07
  9.04683247427E-07
  9.75114289758E-07
  1.04215007468E-06
  1.10531516384E-06
  1.16416060791E-06
  1.21826781196E-06
  1.26725183236E-06
  1.31076342313E-06
  1.34849256028E-06
  1.38016969231E-06
  1.40556824135E-06
  1.42450437579E-06
  1.43683996612E-06
  1.44248156175E-06
  1.44138141422E-06
  1.43353622661E-06
  1.41898726724E-06
  1.39781934649E-06
  1.37015854307E-06
  1.33617163556E-06
  1.29606257815E-06
  1.25007215956E-06
  1.19847300084E-06
  1.14156864583E-06
  1.07968958218E-06
  1.01319039914E-06
  9.42446320096E-07
  8.67849905717E-07
  7.89807359070E-07
  7.08735683475E-07
  6.25058703463E-07
  5.39203824701E-07
  4.51599078133E-07
  3.62669453580E-07
  2.72834370207E-07
  1.82504649615E-07
  9.20798584048E-08
  1.94612193027E-09
 -8.75262458067E-08
 -1.75984482098E-07
 -2.63095046193E-07
 -3.48545057705E-07
 -4.32043265164E-07
 -5.13320799200E-07
 -5.92131925714E-07
 -6.68254244829E-07
 -7.41488577205E-07
 -8.11658708244E-07
 -8.78611217559E-07
 -9.42214626320E-07
 -1.00235831724E-06
 -1.05895230718E-06
 -1.11192468921E-06
 -1.16122191685E-06
 -1.20680647342E-06
 -1.24865607631E-06
 -1.28676083477E-06
 -1.32112381834E-06
 -1.35175798732E-06
 -1.37868539696E-06
 -1.40193537845E-06
 -1.42154419791E-06
 -1.43755255522E-06
 -1.45000603879E-06
 -1.45895228343E-06
 -1.46444165239E-06
 -1.46652644162E-06
 -1.46525985656E-06
 -1.46069589846E-06
 -1.45288913700E-06
 -1.44189505136E-06
 -1.42776980283E-06
 -1.41057137171E-06
 -1.39035796565E-06
 -1.36719177135E-06
 -1.34113679451E-06
 -1.31226147460E-06
 -1.28063823013E-06
 -1.24634595977E-06
 -1.20946924653E-06
 -1.17010108625E-06
 -1.12834288757E-06
 -1.08430492674E-06
 -1.03810884866E-06
 -9.89886984826E-07
 -9.39783774356E-07
 -8.87956389306E-07
 -8.34574791497E-07
 -7.79822471486E-07
 -7.23896221189E-07
 -6.67006133881E-07
 -6.09375774729E-07
 -5.51240930236E-07
 -4.92849721923E-07
 -4.34461071563E-07
 -3.76344019060E-07
 -3.18776130825E-07
 -2.62042391341E-07
 -2.06432829941E-07
 -1.52241256046E-07
 -9.97629570065E-08
 -4.92924492335E-08
 -1.12123954565E-09
  4.44645884556E-08
  8.71869048069E-08
  1.26778033405E-07
  1.62983383234E-07
  1.95563913508E-07
  2.24298744911E-07
  2.48987532814E-07
  2.69452812063E-07
  2.85542313350E-07
  2.97131037996E-07
  3.04122892203E-07
  3.06452619725E-07
  3.04087251379E-07
  2.97026957696E-07
  2.85306441583E-07
  2.68995222541E-07
  2.48197949304E-07
  2.23054485105E-07
  1.93739609244E-07
  1.60462249710E-07
  1.23464602098E-07
  8.30207440572E-08
  3.94350330168E-08
 -6.95984958554E-09
 -5.58050494703E-08
 -1.06718118786E-07
 -1.59295737490E-07
 -2.13116663872E-07
 -2.67745008387E-07
 -3.22733512803E-07
 -3.77626975023E-07
 -4.31966185488E-07
 -4.85291195673E-07
 -5.37145410817E-07
 -5.87079171055E-07
 -6.34653304132E-07
 -6.79443076024E-07
 -7.21041658380E-07
 -7.59063482292E-07
 -7.93147080458E-07
 -8.22958895697E-07
 -8.48195611525E-07
 -8.68586653269E-07
 -8.83896518644E-07
 -8.93926767276E-07
 -8.98517669157E-07
 -8.97549455203E-07
 -8.90942885690E-07
 -8.78660614489E-07
 -8.60706506955E-07
 -8.37126151509E-07
 -8.08005836461E-07
 -7.73472038418E-07
 -7.33689887511E-07
 -6.88861689468E-07
 -6.39225277155E-07
 -5.85051452617E-07
 -5.26641883880E-07
 -4.64326120664E-07
 -3.98458979589E-07
 -3.29417190414E-07
 -2.57596468600E-07
 -1.83407706800E-07
 -1.07274090055E-07
 -2.96271416289E-08
  4.90965241795E-08
  1.28458779614E-07
  2.08023323012E-07
  2.87359085860E-07
  3.66043479971E-07
  4.43665300054E-07
  5.19827722201E-07
  5.94151003952E-07
  6.66274900141E-07
  7.35860567147E-07
  8.02593319804E-07
  8.66183142989E-07
  9.26366794829E-07
  9.82909114100E-07
  1.03560262232E-06
  1.08426934275E-06
  1.12876045932E-06
  1.16895512292E-06
  1.20476215670E-06
  1.23611766867E-06
  1.26298459691E-06
  1.28535145905E-06
  1.30323167014E-06
  1.31666126890E-06
  1.32569698508E-06
  1.33041532990E-06
  1.33090952659E-06
  1.32728825974E-06
  1.31967328798E-06
  1.30819751121E-06
  1.29300178742E-06
  1.27423504637E-06
  1.25204996948E-06
  1.22660264879E-06
  1.19804963106E-06
  1.16654723570E-06
  1.13224950837E-06
  1.09530662940E-06
  1.05586445898E-06
  1.01406317299E-06
  9.70036467152E-07
  9.23910931760E-07
  8.75806222211E-07
  8.25834831630E-07
  7.74101522438E-07
  7.20704974810E-07
  6.65736934025E-07
  6.09284086295E-07
  5.51428399831E-07
  4.92248148021E-07
  4.31819614732E-07
  3.70217975387E-07
  3.07518718046E-07
  2.43799547661E-07
  1.79141366630E-07
  1.13630392207E-07
  4.73592578487E-08
 -1.95712690498E-08
 -8.70508856110E-08
 -1.54958485155E-07
 -2.23160796509E-07
 -2.91511469186E-07
 -3.59850076848E-07
 -4.28001357022E-07
 -4.95774770570E-07
 -5.62964260098E-07
 -6.29348051007E-07
 -6.94688822023E-07
 -7.58734586270E-07
 -8.21218691271E-07
 -8.81861467406E-07
 -9.40371080560E-07
 -9.96445237433E-07
 -1.04977254978E-06
 -1.10003531972E-06
 -1.14691101771E-06
 -1.19007472676E-06
 -1.22920221202E-06
 -1.26397264921E-06
 -1.29407078475E-06
 -1.31919080104E-06
 -1.33903938604E-06
 -1.35333823437E-06
 -1.36182734423E-06
 -1.36426933750E-06
 -1.36045082400E-06
 -1.35018649416E-06
 -1.33332207497E-06
 -1.30973603518E-06
 -1.27934367811E-06
 -1.24209839214E-06
 -1.19799415188E-06
 -1.14706699605E-06
 -1.08939718757E-06
 -1.02511000932E-06
 -9.54376446316E-07
 -8.77414549905E-07
 -7.94488357769E-07
 -7.05908632881E-07
 -6.12031726632E-07
 -5.13258441970E-07
 -4.10033294429E-07
 -3.02841556277E-07
 -1.92207906480E-07
 -7.86936169561E-08
  3.71067478966E-08
  1.54568340349E-07
  2.73039859167E-07
  3.91847379433E-07
  5.10298775680E-07
  6.27688109489E-07
  7.43300176964E-07
  8.56415681483E-07
  9.66316065387E-07
  1.07228868274E-06
  1.17363231311E-06
  1.26966142489E-06
  1.35971220061E-06
  1.44314822137E-06
  1.51936376369E-06
  1.58779027970E-06
  1.64789946666E-06
  1.69921042925E-06
  1.74129081643E-06
  1.77376273314E-06
  1.79630569619E-06
  1.80865924904E-06
  1.81062728188E-06
  1.80207882750E-06
  1.78295078967E-06
  1.75324919383E-06
  1.71305100594E-06
  1.66250242728E-06
  1.60182150921E-06
  1.53129565206E-06
  1.45128160511E-06
  1.36220342029E-06
  1.26455051941E-06
  1.15887462471E-06
  1.04578759874E-06
  9.25957294839E-07
  8.00103407528E-07
  6.68993152431E-07
  5.33436832484E-07
  3.94282182015E-07
  2.52409080304E-07
  1.08723554604E-07
 -3.58481386797E-08
 -1.80365958613E-07
 -3.23882517250E-07
 -4.65449545572E-07
 -6.04124522852E-07
 -7.38977746551E-07
 -8.69098926159E-07
 -9.93603066490E-07
 -1.11163842575E-06
 -1.22239100619E-06
 -1.32509251216E-06
 -1.41902478390E-06
 -1.50352627770E-06
 -1.57799740919E-06
 -1.64190362284E-06
 -1.69478244061E-06
 -1.73624528088E-06
 -1.76598200596E-06
 -1.78376308213E-06
 -1.78944242180E-06
 -1.78295897513E-06
 -1.76433786692E-06
 -1.73369073764E-06
 -1.69121528870E-06
 -1.63719573720E-06
 -1.57200031481E-06
 -1.49607944877E-06
 -1.40996257869E-06
 -1.31425611016E-06
 -1.20963818517E-06
 -1.09685504412E-06
 -9.76715227807E-07
 -8.50084461490E-07
 -7.17879402146E-07
 -5.81060817240E-07
 -4.40627189846E-07
 -2.97606533195E-07
 -1.53049541041E-07
 -8.02121480348E-09
  1.36407322771E-07
  2.79166727069E-07
  4.19198187274E-07
  5.55461610929E-07
  6.86943565142E-07
  8.12666428374E-07
  9.31695410600E-07
  1.04314699456E-06
  1.14619570013E-06
  1.24008192870E-06
  1.32411798859E-06
  1.39769474572E-06
  1.46028662584E-06
  1.51145650307E-06
  1.55086036102E-06
  1.57825115821E-06
  1.59348087436E-06
  1.59650267051E-06
  1.58737168476E-06
  1.56624719239E-06
  1.53338953623E-06
  1.48916024045E-06
  1.43401962305E-06
  1.36852338528E-06
  1.29331829157E-06
  1.20913819046E-06
  1.11679719339E-06
  1.01718410406E-06
  9.11254971925E-07
  8.00025418357E-07
  6.84561484832E-07
  5.65971447486E-07
  4.45395443194E-07
  3.23996118823E-07
  2.02947873618E-07
  8.34265705407E-08
 -3.34014238490E-08
 -1.46389950828E-07
 -2.54423923707E-07
 -3.56429865178E-07
 -4.51386512168E-07
 -5.38334973044E-07
 -6.16388149410E-07
 -6.84740655288E-07
 -7.42676320442E-07
 -7.89577313753E-07
 -8.24930282306E-07
 -8.48333229442E-07
 -8.59500630668E-07
 -8.58267924286E-07
 -8.44594410410E-07
 -8.18565808913E-07
 -7.80395509992E-07
 -7.30423437290E-07
 -6.69115820529E-07
 -5.97061784902E-07
 -5.14970281529E-07
 -4.23664261007E-07
 -3.24075386970E-07
 -2.17236163280E-07
 -1.04271776991E-07
  1.36093625258E-08
  1.35126001055E-07
  2.58935273223E-07
  3.83644788826E-07
  5.07825404839E-07
  6.30024544535E-07
  7.48779712012E-07
  8.62633498855E-07
  9.70146743384E-07
  1.06991410576E-06
  1.16057799460E-06
  1.24084272102E-06
  1.30948865262E-06
  1.36538494644E-06
  1.40750421451E-06
  1.43493286942E-06
  1.44688226555E-06
  1.44270063629E-06
  1.42188082464E-06
  1.38406926453E-06
  1.32907166517E-06
  1.25685835428E-06
  1.16756939406E-06
  1.06151537693E-06
  9.39178733006E-07
  8.01212422630E-07
  6.48438117423E-07
  4.81841027522E-07
  3.02564927779E-07
  1.11904157052E-07
 -8.87053772658E-08
 -2.97696487905E-07
 -5.13382758527E-07
 -7.33971774025E-07
 -9.57580027716E-07
 -1.18224818380E-06
 -1.40595727771E-06
 -1.62664741765E-06
 -1.84223540600E-06
 -2.05063315661E-06
 -2.24976679419E-06
 -2.43759677687E-06
 -2.61213654085E-06
 -2.77147182715E-06
 -2.91377955364E-06
 -3.03734577756E-06
 -3.14058434014E-06
 -3.22205255543E-06
 -3.28046667164E-06
 -3.31471710524E-06
 -3.32388162860E-06
 -3.30723605657E-06
 -3.26426470565E-06
 -3.19466857945E-06
 -3.09837150780E-06
 -2.97552446682E-06
 -2.82650830741E-06
 -2.65193307314E-06
 -2.45263777288E-06
 -2.22968583330E-06
 -1.98435714083E-06
 -1.71814428995E-06
 -1.43273780395E-06
 -1.13001817681E-06
 -8.12038820186E-07
 -4.81013103126E-07
 -1.39295224244E-07
  2.10637395526E-07
  5.66204278130E-07
  9.24743403630E-07
  1.28353269702E-06
  1.63981417245E-06
  1.99081546270E-06
  2.33377477343E-06
  2.66596566689E-06
  2.98471945825E-06
  3.28744863509E-06
  3.57167255061E-06
  3.83503584089E-06
  4.07533298130E-06
  4.29052715845E-06
  4.47876891485E-06
  4.63841752207E-06
  4.76804780192E-06
  4.86647195430E-06
  4.93275047120E-06
  4.96619804835E-06
  4.96639495395E-06
  4.93318930239E-06
  4.86670251121E-06
  4.76732793686E-06
  4.63572996523E-06
  4.47283855465E-06
  4.27984377893E-06
  4.05818673244E-06
  3.80954793400E-06
  3.53583413926E-06
  3.23915924128E-06
  2.92183494821E-06
  2.58634236161E-06
  2.23531833399E-06
  1.87152977560E-06
  1.49784830228E-06
  1.11723386453E-06
  7.32699163564E-07
  3.47292171909E-07
 -3.59357237301E-08
 -4.13951340761E-07
 -7.83767234225E-07
 -1.14247143301E-06
 -1.48724438986E-06
 -1.81539019195E-06
 -2.12435588764E-06
 -2.41175484916E-06
 -2.67538757726E-06
 -2.91325659418E-06
 -3.12358884003E-06
 -3.30484726874E-06
 -3.45574471794E-06
 -3.57525323125E-06
 -3.66261383533E-06
 -3.71734222426E-06
 -3.73923217012E-06
 -3.72835529561E-06
 -3.68506221093E-06
 -3.60997637472E-06
 -3.50399000126E-06
 -3.36825291924E-06
 -3.20416461363E-06
 -3.01335967379E-06
 -2.79769483313E-06
 -2.55922873293E-06
 -2.30020759773E-06
 -2.02304249797E-06
 -1.73028934114E-06
 -1.42462670283E-06
 -1.10883127036E-06
 -7.85755617017E-07
 -4.58301684603E-07
 -1.29398998183E-07
  1.98025446707E-07
  5.21065828707E-07
  8.36864217035E-07
  1.14263696105E-06
  1.43569320699E-06
  1.71345914168E-06
  1.97349913833E-06
  2.21353298002E-06
  2.43145541390E-06
  2.62535195361E-06
  2.79351525023E-06
  2.93445259558E-06
  3.04690138364E-06
  3.12983593176E-06
  3.18247703035E-06
  3.20428580380E-06
  3.19498280987E-06
  3.15453530675E-06
  3.08315679831E-06
  2.98130998999E-06
  2.84969451059E-06
  2.68924350166E-06
  2.50110952038E-06
  2.28665908253E-06
  2.04745379051E-06
  1.78524169314E-06
  1.50194068738E-06
  1.19962146528E-06
  8.80488528310E-07
  5.46865294382E-07
  2.01178579573E-07
 -1.54074299985E-07
 -5.16327702371E-07
 -8.82974404703E-07
 -1.25138797102E-06
 -1.61893603945E-06
 -1.98300426746E-06
 -2.34100980379E-06
 -2.69041834144E-06
 -3.02876674141E-06
 -3.35367144544E-06
 -3.66284848496E-06
 -3.95412325815E-06
 -4.22544781031E-06
 -4.47490356237E-06
 -4.70072109238E-06
 -4.90128377351E-06
 -5.07513232151E-06
 -5.22097980138E-06
 -5.33770526090E-06
 -5.42436600881E-06
 -5.48019579583E-06
 -5.50460572413E-06
 -5.49718834009E-06
 -5.45771035831E-06
 -5.38611448064E-06
 -5.28251757714E-06
 -5.14720250067E-06
 -4.98061854159E-06
 -4.78337278764E-06
 -4.55622557638E-06
 -4.30008321928E-06
 -4.01599618272E-06
 -3.70514567294E-06
 -3.36884068020E-06
 -3.00851002066E-06
 -2.62569483311E-06
 -2.22204380407E-06
 -1.79930100330E-06
 -1.35930338274E-06
 -9.03972932065E-07
 -4.35308550095E-07
  4.46199166504E-08
  5.33675006409E-07
  1.02966248505E-06
  1.53033158767E-06
  2.03338890969E-06
  2.53650000559E-06
  3.03728779727E-06
  3.53334712599E-06
  4.02225077778E-06
  4.50155175713E-06
  4.96878419654E-06
  5.42147927263E-06
  5.85716406931E-06
  6.27337158221E-06
  6.66764526613E-06
  7.03754858478E-06
  7.38066910344E-06
  7.69463258621E-06
  7.97710708866E-06
  8.22581205284E-06
  8.43853376864E-06
  8.61313219502E-06
  8.74755096447E-06
  8.83983102540E-06
  8.88812337507E-06
  8.89071179699E-06
  8.84600376594E-06
  8.75256682775E-06
  8.60913860379E-06
  8.41462679091E-06
  8.16814645077E-06
  7.86902000982E-06
  7.51679908717E-06
  7.11127631803E-06
  6.65250036036E-06
  6.14079363004E-06
  5.57675912205E-06
  4.96129950989E-06
  4.29562442150E-06
  3.58126135325E-06
  2.82006499219E-06
  2.01422449209E-06
  1.16626836189E-06
  2.79065631048E-07
 -6.44168096642E-07
 -1.59987837378E-06
 -2.58417026089E-06
 -3.59281693818E-06
 -4.62126581624E-06
 -5.66465769225E-06
 -6.71783391226E-06
 -7.77535660745E-06
 -8.83152733877E-06
 -9.88041756500E-06
 -1.09158863779E-05
 -1.19316146083E-05
 -1.29211366584E-05
 -1.38778686960E-05
 -1.47951650433E-05
 -1.56663281814E-05
 -1.64846787811E-05
 -1.72435811692E-05
 -1.79365015356E-05
 -1.85570424946E-05
 -1.90989958355E-05
 -1.95564025489E-05
 -1.99235728360E-05
 -2.01951788767E-05
 -2.03662566491E-05
 -2.04322841455E-05
 -2.03892232093E-05
 -2.02335577342E-05
 -1.99623391381E-05
 -1.95732300199E-05
 -1.90645423572E-05
 -1.84352647921E-05
 -1.76851026481E-05
 -1.68145052157E-05
 -1.58246803039E-05
 -1.47176151586E-05
 -1.34960910145E-05
 -1.21636967378E-05
 -1.07248197310E-05
 -9.18464502320E-06
 -7.54915299694E-06
 -5.82509619562E-06
 -4.01998022426E-06
 -2.14203714677E-06
 -2.00189475663E-07
  1.79598748673E-06
  3.83631368095E-06
  5.91005618844E-06
  8.00598081696E-06
  1.01124232970E-05
  1.22173496493E-05
  1.43084280353E-05
  1.63731092471E-05
  1.83987067430E-05
  2.03724648600E-05
  2.22816652240E-05
  2.41137004195E-05
  2.58561649389E-05
  2.74969443126E-05
  2.90243078780E-05
  3.04269851767E-05
  3.16942750942E-05
  3.28161149810E-05
  3.37831552315E-05
  3.45868575096E-05
  3.52195638698E-05
  3.56745695171E-05
  3.59461628250E-05
  3.60297162842E-05
  3.59217265213E-05
  3.56198579539E-05
  3.51229682565E-05
  3.44311665685E-05
  3.35458062182E-05
  3.24695101881E-05
  3.12061711156E-05
  2.97609349218E-05
  2.81402099063E-05
  2.63516176346E-05
  2.44039638346E-05
  2.23072001972E-05
  2.00723698072E-05
  1.77115398401E-05
  1.52377424456E-05
  1.26648765217E-05
  1.00076458693E-05
  7.28144550521E-06
  4.50227571491E-06
  1.68663086697E-06
 -1.14861143174E-06
 -3.98630209020E-06
 -6.80914081386E-06
 -9.59979479376E-06
 -1.23410218293E-05
 -1.50157939061E-05
 -1.76074190676E-05
 -2.00996582862E-05
 -2.24768573389E-05
 -2.47240404860E-05
 -2.68270468951E-05
 -2.87726234092E-05
 -3.05485264107E-05
 -3.21436236845E-05
 -3.35479599016E-05
 -3.47528657585E-05
 -3.57510070899E-05
 -3.65364394384E-05
 -3.71046808141E-05
 -3.74527262466E-05
 -3.75790732505E-05
 -3.74837727577E-05
 -3.71683927369E-05
 -3.66360363842E-05
 -3.58913093805E-05
 -3.49402980646E-05
 -3.37905148626E-05
 -3.24508582707E-05
 -3.09315437335E-05
 -2.92440308840E-05
 -2.74009289569E-05
 -2.54159112956E-05
 -2.33036153077E-05
 -2.10795242310E-05
 -1.87598561752E-05
 -1.63614349731E-05
 -1.39015710374E-05
 -1.13979167509E-05
 -8.86834641278E-06
 -6.33080662737E-06
 -3.80318465432E-06
 -1.30317403091E-06
  1.15186799121E-06
  3.54504618372E-06
  5.86006035519E-06
  8.08132790553E-06
  1.01941022876E-05
  1.21845832837E-05
  1.40400243254E-05
  1.57488157129E-05
  1.73005919351E-05
  1.86862780538E-05
  1.98981852009E-05
  2.09300342249E-05
  2.17770084419E-05
  2.24358045671E-05
  2.29046054301E-05
  2.31831181736E-05
  2.32725615206E-05
  2.31756257563E-05
  2.28964636335E-05
  2.24406339839E-05
  2.18150435103E-05
  2.10278867598E-05
  2.00885624508E-05
  1.90075843420E-05
  1.77964957402E-05
  1.64677567227E-05
  1.50346340888E-05
  1.35110822157E-05
  1.19116230053E-05
  1.02512221929E-05
  8.54515019455E-06
  6.80886159898E-06
  5.05785737914E-06
  3.30755165123E-06
  1.57314741500E-06
 -1.30494427708E-07
 -1.78897698788E-06
 -3.38848485626E-06
 -4.91589798912E-06
 -6.35889364275E-06
 -7.70605038269E-06
 -8.94692948350E-06
 -1.00721599665E-05
 -1.10735027192E-05
 -1.19439137052E-05
 -1.26775967146E-05
 -1.32700261020E-05
 -1.37179849844E-05
 -1.40195761560E-05
 -1.41742139022E-05
 -1.41826303661E-05
 -1.40468409882E-05
 -1.37701190397E-05
 -1.33569456011E-05
 -1.28129622681E-05
 -1.21449056678E-05
 -1.13605328806E-05
 -1.04685414044E-05
 -9.47847911448E-06
 -8.40065422381E-06
 -7.24602750779E-06
 -6.02611180511E-06
 -4.75285514767E-06
 -3.43853866980E-06
 -2.09565246223E-06
 -7.36787853839E-07
  6.25480709004E-07
  1.97870758711E-06
  3.31068576997E-06
  4.60955470771E-06
  5.86390160606E-06
  7.06286073182E-06
  8.19620254333E-06
  9.25441963773E-06
  1.02287995105E-05
  1.11114995889E-05
  1.18955977086E-05
  1.25751521409E-05
  1.31452388814E-05
  1.36019752972E-05
  1.39425501402E-05
  1.41652353705E-05
  1.42693761518E-05
  1.42553944897E-05
  1.41247601277E-05
  1.38799687193E-05
  1.35245018100E-05
  1.30627822728E-05
  1.25001170090E-05
  1.18426387417E-05
  1.10972405309E-05
  1.02714948298E-05
  9.37357890507E-06
  8.41219207359E-06
  7.39646338843E-06
  6.33586523691E-06
  5.24012375536E-06
  4.11912196796E-06
  2.98280906463E-06
  1.84110911050E-06
  7.03830380644E-07
 -4.19421979814E-07
 -1.51932977133E-06
 -2.58694240074E-06
 -3.61375077773E-06
 -4.59175907963E-06
 -5.51354833078E-06
 -6.37232869849E-06
 -7.16200020179E-06
 -7.87718454376E-06
 -8.51327058626E-06
 -9.06643344933E-06
 -9.53365906753E-06
 -9.91275373963E-06
 -1.02023550426E-05
 -1.04019163700E-05
 -1.05117005660E-05
 -1.05327690108E-05
 -1.04669397842E-05
 -1.03167649286E-05
 -1.00854940683E-05
 -9.77701984084E-06
 -9.39583333093E-06
 -8.94697586773E-06
 -8.43596535560E-06
 -7.86874898040E-06
 -7.25162863091E-06
 -6.59120041746E-06
 -5.89428373132E-06
 -5.16785257787E-06
 -4.41896827397E-06
 -3.65471282748E-06
 -2.88211981569E-06
 -2.10811117540E-06
 -1.33943592573E-06
 -5.82611960454E-07
  1.56130653295E-07
  8.70899157235E-07
  1.55618454301E-06
  2.20690344577E-06
  2.81843495031E-06
  3.38664949595E-06
  3.90793775296E-06
  4.37922517449E-06
  4.79799155073E-06
  5.16227510161E-06
  5.47067702428E-06
  5.72235694563E-06
  5.91702519159E-06
  6.05492914474E-06
  6.13683459960E-06
  6.16400302533E-06
  6.13816246187E-06
  6.06147841609E-06
  5.93651611780E-06
  5.76620641368E-06
  5.55380484002E-06
  5.30284705746E-06
  5.01710519529E-06
  4.70054692414E-06
  4.35728452430E-06
  3.99153441322E-06
  3.60756757800E-06
  3.20966796608E-06
  2.80208905679E-06
  2.38901225202E-06
  1.97450572159E-06
  1.56249143402E-06
  1.15670661671E-06
  7.60676130085E-07
  3.77681971031E-07
  1.07398534510E-08
 -3.37421482755E-07
 -6.64378035253E-07
 -9.68023982750E-07
 -1.24658151890E-06
 -1.49860579768E-06
 -1.72298837242E-06
 -1.91895514945E-06
 -2.08606115848E-06
 -2.22418293561E-06
 -2.33350669987E-06
 -2.41451448346E-06
 -2.46796548709E-06
 -2.49487948167E-06
 -2.49651270678E-06
 -2.47433558798E-06
 -2.43000931732E-06
 -2.36535652220E-06
 -2.28233921007E-06
 -2.18302648136E-06
 -2.06957020055E-06
 -1.94417748389E-06
 -1.80908193670E-06
 -1.66651932432E-06
 -1.51870108311E-06
 -1.36779101467E-06
 -1.21588163893E-06
 -1.06497486740E-06
 -9.16961141684E-07
 -7.73603801463E-07
 -6.36522827335E-07
 -5.07183017362E-07
 -3.86882874182E-07
 -2.76746703776E-07
 -1.77718774808E-07
 -9.05597588030E-08
 -1.58453499211E-08
  4.60326177176E-08
  9.48630116682E-08
  1.30610516180E-07
  1.53408294068E-07
  1.63549742638E-07
  1.61477629490E-07
  1.47772908576E-07
  1.23141504105E-07
  8.84006112756E-08
  4.44638033059E-08
 -7.67398233847E-09
 -6.69525661579E-08
 -1.32262002239E-07
 -2.02458608101E-07
 -2.76380802688E-07
 -3.52864134356E-07
 -4.30756216474E-07
 -5.08930781962E-07
 -5.86300700434E-07
 -6.61830426907E-07
 -7.34546688363E-07
 -8.03548857675E-07
 -8.68016854838E-07
 -9.27219275582E-07
 -9.80518620963E-07
 -1.02737556062E-06
 -1.06735308236E-06
 -1.10011637844E-06
 -1.12543500563E-06
 -1.14318027045E-06
 -1.15332352379E-06
 -1.15593286409E-06
 -1.15116745292E-06
 -1.13927319489E-06
 -1.12057500701E-06
 -1.09547022475E-06
 -1.06441939351E-06
 -1.02793933365E-06
 -9.86592453955E-07
 -9.40978566177E-07
 -8.91724710073E-07
 -8.39476058445E-07
 -7.84886140082E-07
 -7.28607915335E-07
 -6.71284567488E-07
 -6.13541715211E-07
 -5.55978317607E-07
 -4.99160648815E-07
 -4.43614567303E-07
 -3.89820428381E-07
 -3.38207513551E-07
 -2.89150165145E-07
 -2.42964176778E-07
 -1.99904505394E-07
 -1.60163907026E-07
 -1.23871870983E-07
 -9.10953730227E-08
 -6.18397422159E-08
 -3.60505580943E-08
 -1.36166464770E-08
  5.62674395965E-09
  2.18938076557E-08
  3.54434313010E-08
  4.65740228606E-08
  5.56180204114E-08
  6.29358822835E-08
  6.89097134909E-08
  7.39370875635E-08
  7.84246267926E-08
  8.27812414173E-08
  8.74121326433E-08
  9.27122414396E-08
  9.90604647200E-08
  1.06813921263E-07
  1.16302672382E-07
  1.27824932861E-07
  1.41642615858E-07
  1.57977581239E-07
  1.77008388391E-07
  1.98867638801E-07
  2.23639958108E-07
  2.51360631864E-07
  2.82014894992E-07
  3.15537789675E-07
  3.51814719579E-07
  3.90682856732E-07
  4.31932335232E-07
  4.75309263948E-07
  5.20517914993E-07
  5.67224788028E-07
  6.15061367171E-07
  6.63629236897E-07
  7.12504402145E-07
  7.61240812608E-07
  8.09377354472E-07
  8.56441317865E-07
  9.01954422261E-07
  9.45437818700E-07
  9.86417262538E-07
  1.02442822936E-06
  1.05902120140E-06
  1.08976632873E-06
  1.11625774935E-06
  1.13811836400E-06
  1.15500347420E-06
  1.16660430649E-06
  1.17265187782E-06
  1.17291881452E-06
  1.16722253551E-06
  1.15542707135E-06
  1.13744442842E-06
  1.11323515739E-06
  1.08280971745E-06
  1.04622722574E-06
  1.00359716271E-06
  9.55076302489E-07
  9.00868940334E-07
  8.41224277792E-07
  7.76435342686E-07
  7.06835692199E-07
  6.32797423350E-07
  5.54727307644E-07
  4.73064659445E-07
  3.88276930607E-07
  3.00856527247E-07
  2.11317100707E-07
  1.20188886399E-07
  2.80156573496E-08
 -6.46496118861E-08
 -1.57248834398E-07
 -2.49222921411E-07
 -3.40015247957E-07
 -4.29075640795E-07
 -5.15864940098E-07
 -5.99856264216E-07
 -6.80541234033E-07
 -7.57431678267E-07
 -8.30061367196E-07
 -8.97992265436E-07
 -9.60812599260E-07
 -1.01814339359E-06
 -1.06963705093E-06
 -1.11498127353E-06
 -1.15389991606E-06
 -1.18615389511E-06
 -1.21154232602E-06
 -1.22990343243E-06
 -1.24111545574E-06
 -1.24509574562E-06
 -1.24180189687E-06
 -1.23123038520E-06
 -1.21341747672E-06
 -1.18843786368E-06
 -1.15640341392E-06
 -1.11746317089E-06
 -1.07180187570E-06
 -1.01963780708E-06
 -9.61222781370E-07
 -8.96839651432E-07
 -8.26800430787E-07
 -7.51445554670E-07
 -6.71141094699E-07
 -5.86277280945E-07
 -4.97266171351E-07
 -4.04539861165E-07
 -3.08548493422E-07
 -2.09757658354E-07
 -1.08646361241E-07
 -5.70538594147E-09
  9.85657209185E-08
  2.03660732723E-07
  3.09068497018E-07
  4.14275433513E-07
  5.18768274560E-07
  6.22035429387E-07
  7.23569769434E-07
  8.22870390493E-07
  9.19445426462E-07
  1.01281375464E-06
  1.10250687158E-06
  1.18807167837E-06
  1.26907139020E-06
  1.34508854899E-06
  1.41572661505E-06
  1.48061155869E-06
  1.53939413394E-06
  1.59175056069E-06
  1.63738548054E-06
  1.67603263890E-06
  1.70745624928E-06
  1.73145292592E-06
  1.74785225227E-06
  1.75651814516E-06
  1.75735021912E-06
  1.75028333160E-06
  1.73528974301E-06
  1.71237866198E-06
  1.68159715486E-06
  1.64302969097E-06
  1.59679905209E-06
  1.54306496825E-06
  1.48202514083E-06
  1.41391330999E-06
  1.33900016408E-06
  1.25759049752E-06
  1.17002343814E-06
  1.07667108296E-06
  9.77936792879E-07
  8.74252862104E-07
  7.66079608638E-07
  6.53903043712E-07
  5.38232825420E-07
  4.19598933377E-07
  2.98550673961E-07
  1.75652914436E-07
  5.14832940723E-08
 -7.33697120836E-08
 -1.98310800670E-07
 -3.22740703496E-07
 -4.46059146952E-07
 -5.67667939322E-07
 -6.86974942710E-07
 -8.03396403626E-07
 -9.16360932024E-07
 -1.02531248558E-06
 -1.12971338240E-06
 -1.22904782529E-06
 -1.32282480081E-06
 -1.41058080771E-06
 -1.49188292653E-06
 -1.56633166171E-06
 -1.63356310168E-06
 -1.69325085153E-06
 -1.74510978468E-06
 -1.78889558811E-06
 -1.82440885510E-06
 -1.85149485787E-06
 -1.87004479812E-06
 -1.87999785339E-06
 -1.88134117707E-06
 -1.87410898889E-06
 -1.85838496236E-06
 -1.83430006473E-06
 -1.80203278433E-06
 -1.76180913058E-06
 -1.71389820025E-06
 -1.65861456480E-06
 -1.59631451879E-06
 -1.52739471559E-06
 -1.45228875681E-06
 -1.37146537327E-06
 -1.28542615130E-06
 -1.19470098525E-06
 -1.09984659957E-06
 -1.00144075077E-06
 -9.00081033706E-07
 -7.96379367785E-07
 -6.90958415817E-07
 -5.84448059726E-07
 -4.77480568861E-07
 -3.70686990436E-07
 -2.64692829433E-07
 -1.60113572178E-07
 -5.75509169209E-08
  4.24113970610E-08
  1.39211550731E-07
  2.32313453807E-07
  3.21210421816E-07
  4.05428522754E-07
  4.84529948608E-07
  5.58116141747E-07
  6.25830182344E-07
  6.87359431595E-07
  7.42437521239E-07
  7.90846684140E-07
  8.32418379559E-07
  8.67034884777E-07
  8.94629806680E-07
  9.15188707040E-07
  9.28748363549E-07
  9.35396883506E-07
  9.35272908009E-07
  9.28563451907E-07
  9.15503392207E-07
  8.96372853276E-07
  8.71494592047E-07
  8.41231667437E-07
  8.05983859209E-07
  7.66185223711E-07
  7.22299319023E-07
  6.74815282764E-07
  6.24245217296E-07
  5.71117539039E-07
  5.15974022619E-07
  4.59364827066E-07
  4.01843237796E-07
  3.43961545468E-07
  2.86265731120E-07
  2.29291003961E-07
  1.73556671257E-07
  1.19562102441E-07
  6.77819542716E-08
  1.86619928400E-08
 -2.73849494192E-08
 -6.99825974948E-08
 -1.08794736775E-07
 -1.43528353647E-07
 -1.73936086867E-07
 -1.99818927626E-07
 -2.21027676162E-07
 -2.37464718111E-07
 -2.49084706638E-07
 -2.55895258761E-07
 -2.57956969563E-07
 -2.55382417436E-07
 -2.48335851438E-07
 -2.37031215988E-07
 -2.21730246608E-07
 -2.02740238819E-07
 -1.80410538064E-07
 -1.55129839641E-07
 -1.27322095977E-07
 -9.74420970579E-08
 -6.59714700646E-08
 -3.34134071522E-08
 -2.87964985191E-10
  3.28738529731E-08
  6.55348628698E-08
  9.71579865450E-08
  1.27211663425E-07
  1.55175470695E-07
  1.80546308570E-07
  2.02843466468E-07
  2.21614556040E-07
  2.36440556023E-07
  2.46941027626E-07
  2.52778818322E-07
  2.53664410366E-07
  2.49360113003E-07
  2.39683345171E-07
  2.24510088742E-07
  2.03777133834E-07
  1.77484309916E-07
  1.45695778997E-07
  1.08540973542E-07
  6.62147243702E-08
  1.89768236680E-08
 -3.28490479262E-08
 -8.88770443908E-08
 -1.48661555954E-07
 -2.11700239561E-07
 -2.77437578688E-07
 -3.45269199897E-07
 -4.14546462935E-07
 -4.84582130866E-07
 -5.54655684937E-07
 -6.24020117357E-07
 -6.91907985129E-07
 -7.57539112328E-07
 -8.20126842882E-07
 -8.78886567079E-07
 -9.33042599627E-07
 -9.81836251412E-07
 -1.02453350337E-06
 -1.06043205506E-06
 -1.08887036276E-06
 -1.10923281227E-06
 -1.12095881377E-06
 -1.12354803150E-06
 -1.11656743229E-06
 -1.09965708361E-06
 -1.07253447368E-06
 -1.03500030946E-06
 -9.86942268355E-07
 -9.28337442474E-07
 -8.59256033436E-07
 -7.79862148192E-07
 -6.90415504323E-07
 -5.91270747918E-07
 -4.82877453578E-07
 -3.65777992783E-07
 -2.40605174895E-07
 -1.08079035499E-07
  3.09975867196E-08
  1.75743863906E-07
  3.25206798379E-07
  4.78368008316E-07
  6.34150694623E-07
  7.91427396507E-07
  9.49029242747E-07
  1.10575410872E-06
  1.26037662085E-06
  1.41165799050E-06
  1.55835630267E-06
  1.69923555404E-06
  1.83307838597E-06
  1.95869529307E-06
  2.07493508242E-06
  2.18069521907E-06
  2.27493296734E-06
  2.35667312154E-06
  2.42501960201E-06
  2.47916227636E-06
  2.51838650911E-06
  2.54208066508E-06
  2.54974088421E-06
  2.54098040386E-06
  2.51553183261E-06
  2.47325283453E-06
  2.41412794821E-06
  2.33827131524E-06
  2.24592940867E-06
  2.13747807720E-06
  2.01342231776E-06
  1.87439616184E-06
  1.72115619534E-06
  1.55457917117E-06
  1.37565564273E-06
  1.18548439332E-06
  9.85263795883E-07
  7.76284423409E-07
  5.59918987619E-07
  3.37613130341E-07
  1.10874204040E-07
 -1.18740018706E-07
 -3.49633239694E-07
 -5.80182756948E-07
 -8.08752588455E-07
 -1.03370575744E-06
 -1.25341762214E-06
 -1.46628894981E-06
 -1.67075836544E-06
 -1.86531633517E-06
 -2.04851562557E-06
 -2.21898471864E-06
 -2.37543918047E-06
 -2.51669143836E-06
 -2.64166146735E-06
 -2.74938543043E-06
 -2.83902613774E-06
 -2.90987713925E-06
 -2.96137181977E-06
 -2.99308612739E-06
 -3.00474403048E-06
 -2.99622138300E-06
 -2.96754456031E-06
 -2.91889364235E-06
 -2.85059923044E-06
 -2.76314176517E-06
 -2.65714766101E-06
 -2.53338453149E-06
 -2.39275505010E-06
 -2.23629126594E-06
 -2.06514482670E-06
 -1.88057913419E-06
 -1.68395922628E-06
 -1.47674052187E-06
 -1.26045779325E-06
 -1.03671209217E-06
 -8.07159210581E-07
 -5.73495469780E-07
 -3.37444333809E-07
 -1.00742816755E-07
  1.34872209401E-07
  3.67678381963E-07
  5.95981248352E-07
  8.18127375624E-07
  1.03251818473E-06
  1.23762220028E-06
  1.43198644764E-06
  1.61424827638E-06
  1.78314621735E-06
  1.93752907762E-06
  2.07636412597E-06
  2.19874618779E-06
  2.30390196521E-06
  2.39119776779E-06
  2.46014201366E-06
  2.51038841270E-06
  2.54173892245E-06
  2.55414215644E-06
  2.54769406638E-06
  2.52263635048E-06
  2.47935122388E-06
  2.41835846282E-06
  2.34031040236E-06
  2.24598375098E-06
  2.13627390622E-06
  2.01218358598E-06
  1.87481725789E-06
  1.72536772425E-06
  1.56510736815E-06
  1.39537610266E-06
  1.21756932003E-06
  1.03312618194E-06
  8.43517739213E-07
  6.50233346278E-07
  4.54769121916E-07
  2.58615386883E-07
  6.32442578308E-08
 -1.29901877699E-07
 -3.19422042594E-07
 -5.03967157783E-07
 -6.82250515638E-07
 -8.53057485983E-07
 -1.01525392893E-06
 -1.16779460768E-06
 -1.30972989609E-06
 -1.44021180404E-06
 -1.55849932071E-06
 -1.66396273471E-06
 -1.75608545305E-06
 -1.83446820756E-06
 -1.89882723589E-06
 -1.94899666894E-06
 -1.98492534764E-06
 -2.00667568606E-06
 -2.01442139769E-06
 -2.00844147002E-06
 -1.98911675398E-06
 -1.95692382476E-06
 -1.91242838810E-06
 -1.85627902738E-06
 -1.78919844984E-06
 -1.71197586951E-06
 -1.62545950388E-06
 -1.53054588736E-06
 -1.42817179949E-06
 -1.31930596581E-06
 -1.20493780287E-06
 -1.08607036964E-06
 -9.63709794632E-07
 -8.38857602048E-07
 -7.12501389444E-07
 -5.85607438097E-07
 -4.59112413864E-07
 -3.33916489126E-07
 -2.10876990536E-07
 -9.08021036139E-08
  2.55543728400E-08
  1.37497551123E-07
  2.44395494065E-07
  3.45682167335E-07
  4.40860219442E-07
  5.29502358404E-07
  6.11252630733E-07
  6.85825966684E-07
  7.53008578158E-07
  8.12656423932E-07
  8.64693276981E-07
  9.09108564429E-07
  9.45954013787E-07
  9.75341208687E-07
  9.97436472971E-07
  1.01245780115E-06
  1.02066917407E-06
  1.02237629562E-06
  1.01792159057E-06
  1.00767886124E-06
  9.92048057924E-07
  9.71449821918E-07
  9.46320710682E-07
  9.17107911391E-07
  8.84263499756E-07
  8.48241313633E-07
  8.09490700249E-07
  7.68453730871E-07
  7.25560596493E-07
  6.81226026700E-07
  6.35846674868E-07
  5.89798162309E-07
  5.43432918221E-07
  4.97077678574E-07
  4.51033315585E-07
  4.05572706086E-07
  3.60940674682E-07
  3.17353709534E-07
  2.75000104466E-07
  2.34040555824E-07
  1.94609114601E-07
  1.56814294883E-07
  1.20740395460E-07
  8.64494893449E-08
  5.39829727586E-08
  2.33635670810E-08
 -5.40233457968E-09
 -3.23227382637E-08
 -5.74177683177E-08
 -8.07174913575E-08
 -1.02259804180E-07
 -1.22088394505E-07
 -1.40250875802E-07
 -1.56796900797E-07
 -1.71776648017E-07
 -1.85239514394E-07
 -1.97232665755E-07
 -2.07800454177E-07
 -2.16983210066E-07
 -2.24817370054E-07
 -2.31334695400E-07
 -2.36562542000E-07
 -2.40524059336E-07
 -2.43238730491E-07
 -2.44722713205E-07
 -2.44990047804E-07
 -2.44053325105E-07
 -2.41925079081E-07
 -2.38618781623E-07
 -2.34150107303E-07
 -2.28538638680E-07
 -2.21808875267E-07
 -2.13991384612E-07
 -2.05124749186E-07
 -1.95255793756E-07
 -1.84441518059E-07
 -1.72749551552E-07
 -1.60258707638E-07
 -1.47060049471E-07
 -1.33256904178E-07
 -1.18964827323E-07
 -1.04311546067E-07
 -8.94367317983E-08
 -7.44909698369E-08
 -5.96348783688E-08
 -4.50382700024E-08
 -3.08779632974E-08
 -1.73367453726E-08
 -4.60107196787E-09
  7.14104197996E-09
  1.77022503323E-08
  2.68984514662E-08
  3.45512489730E-08
  4.04907893881E-08
  4.45583268061E-08
  4.66090810392E-08
  4.65148062290E-08
  4.41665797268E-08
  3.94771291212E-08
  3.23832622939E-08
  2.28481660258E-08
  1.08629478746E-08
 -3.55116491768E-09
 -2.03420267297E-08
 -3.94252630542E-08
 -6.06834831274E-08
 -8.39666114416E-08
 -1.09091189415E-07
 -1.35841631277E-07
 -1.63970909739E-07
 -1.93202012611E-07
 -2.23229974949E-07
 -2.53723584365E-07
 -2.84328706357E-07
 -3.14671098067E-07
 -3.44359705196E-07
 -3.72990740516E-07
 -4.00151293434E-07
 -4.25423991146E-07
 -4.48391631380E-07
 -4.68641275120E-07
 -4.85769987790E-07
 -4.99389045672E-07
 -5.09128938120E-07
 -5.14644455052E-07
 -5.15619376529E-07
 -5.11770963385E-07
 -5.02854220485E-07
 -4.88666330511E-07
 -4.69050178253E-07
 -4.43897818059E-07
 -4.13153259160E-07
 -3.76815222580E-07
 -3.34939016966E-07
 -2.87637760721E-07
 -2.35083390976E-07
 -1.77507061494E-07
 -1.15198375283E-07
 -4.85046705023E-08
  2.21707381343E-08
  9.63708259860E-08
  1.73587693553E-07
  2.53266108530E-07
  3.34807651825E-07
  4.17575108713E-07
  5.00898011069E-07
  5.84077611165E-07
  6.66393475512E-07
  7.47109538679E-07
  8.25480810818E-07
  9.00760539935E-07
  9.72206635197E-07
  1.03908973870E-06
  1.10069970560E-06
  1.15635282327E-06
  1.20539959880E-06
  1.24723032968E-06
  1.28128294818E-06
  1.30704825096E-06
  1.32407660658E-06
  1.33198261665E-06
  1.33044989070E-06
  1.31923650315E-06
  1.29817703964E-06
  1.26718634874E-06
  1.22626158827E-06
  1.17548427170E-06
  1.11501958600E-06
  1.04511809695E-06
  9.66113475442E-07
  8.78421133166E-07
  7.82536460520E-07
  6.79030904394E-07
  5.68548159663E-07
  4.51799792245E-07
  3.29559497914E-07
  2.02657531645E-07
  7.19737300869E-08
 -6.15690964878E-08
 -1.97012909098E-07
 -3.33372270234E-07
 -4.69642543521E-07
 -6.04808121807E-07
 -7.37851507893E-07
 -8.67761457357E-07
 -9.93541561911E-07
 -1.11421945803E-06
 -1.22885455767E-06
 -1.33654612000E-06
 -1.43644183481E-06
 -1.52774452999E-06
 -1.60971967489E-06
 -1.68170060988E-06
 -1.74309604972E-06
 -1.79339406259E-06
 -1.83216707228E-06
 -1.85907560990E-06
 -1.87387047390E-06
 -1.87639648175E-06
 -1.86659235624E-06
 -1.84449254448E-06
 -1.81022551260E-06
 -1.76401408680E-06
 -1.70617295225E-06
 -1.63710581091E-06
 -1.55730208462E-06
 -1.46733270867E-06
 -1.36784615279E-06
 -1.25956125885E-06
 -1.14326280709E-06
 -1.01979378542E-06
 -8.90049420832E-07
 -7.54968993988E-07
 -6.15528108483E-07
 -4.72731159107E-07
 -3.27602748484E-07
 -1.81179672154E-07
 -3.45024275816E-08
  1.11392907343E-07
  2.55483001865E-07
  3.96765017285E-07
  5.34264529506E-07
  6.67042854730E-07
  7.94203856458E-07
  9.14900851967E-07
  1.02834269455E-06
  1.13379894628E-06
  1.23060567603E-06
  1.31816864268E-06
  1.39596829740E-06
  1.46356171626E-06
  1.52058669300E-06
  1.56676151164E-06
  1.60188733389E-06
  1.62584808550E-06
  1.63861034252E-06
  1.64022287663E-06
  1.63081392657E-06
  1.61058994763E-06
  1.57983242843E-06
  1.53889561716E-06
  1.48820083723E-06
  1.42823421356E-06
  1.35954053349E-06
  1.28271915401E-06
  1.19841854485E-06
  1.10732992198E-06
  1.01018292753E-06
  9.07737785383E-07
  8.00780981081E-07
  6.90118156399E-07
  5.76568197630E-07
  4.60957494397E-07
  3.44113374240E-07
  2.26858688279E-07
  1.10006034504E-07
 -5.64775026746E-09
 -1.19326600156E-07
 -2.30280448932E-07
 -3.37789543892E-07
 -4.41168822363E-07
 -5.39771690455E-07
 -6.32994158423E-07
 -7.20276887023E-07
 -8.01108967607E-07
 -8.75029968483E-07
 -9.41631583373E-07
 -1.00055945040E-06
 -1.05151445950E-06
 -1.09425377559E-06
 -1.12858970169E-06
 -1.15439195270E-06
 -1.17158595003E-06
 -1.18015236694E-06
 -1.18012633266E-06
 -1.17159640922E-06
 -1.15470243145E-06
 -1.12963448373E-06
 -1.09663017156E-06
 -1.05597302991E-06
 -1.00798934000E-06
 -9.53046935592E-07
 -8.91550428150E-07
 -8.23940411010E-07
 -7.50688968765E-07
 -6.72297403526E-07
 -5.89293051689E-07
 -5.02225702803E-07
 -4.11664501598E-07
 -3.18195134241E-07
 -2.22415735607E-07
 -1.24934459222E-07
 -2.63655728361E-08
  7.26736288925E-08
  1.71565929463E-07
  2.69697437716E-07
  3.66460966461E-07
  4.61258764517E-07
  5.53506026790E-07
  6.42633153802E-07
  7.28089617041E-07
  8.09346033748E-07
  8.85897065928E-07
  9.57264433055E-07
  1.02299895843E-06
  1.08268307031E-06
  1.13593375772E-06
  1.18240404845E-06
  1.22178448692E-06
  1.25380711324E-06
  1.27824466745E-06
  1.29491400003E-06
  1.30367629936E-06
  1.30443902435E-06
  1.29715658659E-06
  1.28183069137E-06
  1.25851136090E-06
  1.22729682062E-06
  1.18833429497E-06
  1.14181887056E-06
  1.08799281406E-06
  1.02714557215E-06
  9.59612293627E-07
  8.85772806214E-07
  8.06048603863E-07
  7.20902619378E-07
  6.30836098026E-07
  5.36385641681E-07
  4.38121361412E-07
  3.36642699494E-07
  2.32575757764E-07
  1.26569517533E-07
  1.92918250264E-08
 -8.85748860924E-08
 -1.96337396119E-07
 -3.03296502580E-07
 -4.08751390069E-07
 -5.12004703523E-07
 -6.12366818586E-07
 -7.09161042778E-07
 -8.01728560873E-07
 -8.89432556050E-07
 -9.71664121607E-07
 -1.04784567156E-06
 -1.11743611342E-06
 -1.17993533877E-06
 -1.23488791814E-06
 -1.28188719373E-06
 -1.32057891733E-06
 -1.35066375151E-06
 -1.37190158966E-06
 -1.38411223816E-06
 -1.38717928166E-06
 -1.38104974212E-06
 -1.36573771670E-06
 -1.34132210405E-06
 -1.30794910547E-06
 -1.26583063320E-06
 -1.21524374208E-06
 -1.15652915156E-06
 -1.09008954041E-06
 -1.01638647720E-06
 -9.35938373914E-07
 -8.49315995310E-07
 -7.57139503094E-07
 -6.60073396830E-07
 -5.58822193852E-07
 -4.54125000715E-07
 -3.46750425706E-07
 -2.37490382915E-07
 -1.27154635265E-07
 -1.65640159366E-08
  9.34555473009E-08
  2.02079547762E-07
  3.08491337364E-07
  4.11888692042E-07
  5.11490100052E-07
  6.06541050274E-07
  6.96320284987E-07
  7.80145114732E-07
  8.57377926877E-07
  9.27430278352E-07
  9.89768636828E-07
  1.04391858713E-06
  1.08946812816E-06
  1.12607233405E-06
  1.15345528684E-06
  1.17141212286E-06
  1.17981221592E-06
  1.17859906368E-06
  1.16779108339E-06
  1.14748161195E-06
  1.11783867851E-06
  1.07910261704E-06
  1.03158470210E-06
  9.75664875114E-07
  9.11787935820E-07
  8.40460529616E-07
  7.62246600061E-07
  6.77762727719E-07
  5.87673241625E-07
  4.92684421260E-07
  3.93539068000E-07
  2.91010167075E-07
  1.85894393212E-07
  7.90059146993E-08
 -2.88304988771E-08
 -1.36786084681E-07
 -2.44034936259E-07
 -3.49760483687E-07
 -4.53162215308E-07
 -5.53461916297E-07
 -6.49909964068E-07
 -7.41791154724E-07
 -8.28430188449E-07
 -9.09196955945E-07
 -9.83511313279E-07
 -1.05084700408E-06
 -1.11073620701E-06
 -1.16277203688E-06
 -1.20661218261E-06
 -1.24197981677E-06
 -1.26866643768E-06
 -1.28653243792E-06
 -1.29550687689E-06
 -1.29558907247E-06
 -1.28684541778E-06
 -1.26940983591E-06
 -1.24348173358E-06
 -1.20932293157E-06
 -1.16725516364E-06
 -1.11765677957E-06
 -1.06095887986E-06
 -9.97640881906E-07
 -9.28226484120E-07
 -8.53278493196E-07
 -7.73393651343E-07
 -6.89197690917E-07
 -6.01339479545E-07
 -5.10485563154E-07
 -4.17314851120E-07
 -3.22512391904E-07
 -2.26764328204E-07
 -1.30752098926E-07
 -3.51471634019E-08
  5.93942246496E-08
  1.52235912765E-07
  2.42766560632E-07
  3.30403963744E-07
  4.14599298892E-07
  4.94840548981E-07
  5.70655856791E-07
  6.41616793473E-07
  7.07339950168E-07
  7.67490234921E-07
  8.21780986371E-07
  8.69976418016E-07
  9.11891504529E-07
  9.47392493345E-07
  9.76396677288E-07
  9.98871655611E-07
  1.01483465187E-06
  1.02435058125E-06
  1.02753097053E-06
  1.02453134332E-06
  1.01554871890E-06
  1.00081945220E-06
  9.80615823210E-07
  9.55243308454E-07
  9.25036715671E-07
  8.90357171102E-07
  8.51588424666E-07
  8.09133098301E-07
  7.63409275351E-07
  7.14846237315E-07
  6.63881507990E-07
  6.10956703895E-07
  5.56514407890E-07
  5.00994303820E-07
  4.44830391189E-07
  3.88447716659E-07
  3.32259105562E-07
  2.76663087106E-07
  2.22040853259E-07
  1.68754255014E-07
  1.17143699185E-07
  6.75263720495E-08
  2.01947027989E-08
 -2.45850273473E-08
 -6.65734845029E-08
 -1.05559330166E-07
 -1.41359635109E-07
 -1.73820183136E-07
 -2.02815670036E-07
 -2.28249461998E-07
 -2.50053346917E-07
 -2.68186965968E-07
 -2.82637330429E-07
 -2.93417656394E-07
 -3.00566568967E-07
 -3.04147221186E-07
 -3.04245560301E-07
 -3.00969560385E-07
 -2.94447545457E-07
 -2.84826711550E-07
 -2.72272075108E-07
 -2.56964369783E-07
 -2.39098881138E-07
 -2.18883826619E-07
 -1.96538891828E-07
 -1.72293425749E-07
 -1.46385374933E-07
 -1.19059478720E-07
 -9.05659121031E-08
 -6.11588717447E-08
 -3.10952366078E-08
 -6.33314456433E-10
  2.99686213623E-08
  6.04534733384E-08
  9.05664876427E-08
  1.20056455444E-07
  1.48676889467E-07
  1.76186972567E-07
  2.02352779866E-07
  2.26948188242E-07
  2.49755942150E-07
  2.70568591532E-07
  2.89189586056E-07
  3.05433985659E-07
  3.19129554782E-07
  3.30117700287E-07
  3.38254181997E-07
  3.43410221149E-07
  3.45473125662E-07
  3.44347455439E-07
  3.39955391837E-07
  3.32237988232E-07
  3.21155539496E-07
  3.06688463070E-07
  2.88837981088E-07
  2.67626575123E-07
  2.43098696728E-07
  2.15320994812E-07
  1.84383026181E-07
  1.50396871845E-07
  1.13498302312E-07
  7.38456122917E-08
  3.16205017725E-08
 -1.29727286691E-08
 -5.97072400410E-08
 -1.08334454296E-07
 -1.58584725796E-07
 -2.10168039416E-07
 -2.62775415649E-07
 -3.16079763252E-07
 -3.69737676920E-07
 -4.23391043114E-07
 -4.76668503779E-07
 -5.29187957454E-07
 -5.80558491947E-07
 -6.30382487543E-07
 -6.78258459175E-07
 -7.23783898593E-07
 -7.66557434417E-07
 -8.06182242741E-07
 -8.42269059831E-07
 -8.74439024301E-07
 -9.02326746655E-07
 -9.25584060951E-07
 -9.43882412230E-07
 -9.56916778705E-07
 -9.64408286563E-07
 -9.66107450040E-07
 -9.61796899901E-07
 -9.51294850893E-07
 -9.34456977575E-07
 -9.11179085961E-07
 -8.81399728314E-07
 -8.45101510549E-07
 -8.02313650183E-07
 -7.53112431084E-07
 -6.97623192991E-07
 -6.36020217826E-07
 -5.68527866562E-07
 -4.95420067637E-07
 -4.17019975885E-07
 -3.33699318844E-07
 -2.45877060934E-07
 -1.54017769205E-07
 -5.86296522442E-08
  3.97381647588E-08
  1.40498357837E-07
  2.43028580371E-07
  3.46675108176E-07
  4.50757340786E-07
  5.54571499833E-07
  6.57395389680E-07
  7.58494024922E-07
  8.57123893638E-07
  9.52538755428E-07
  1.04399532574E-06
  1.13075930130E-06
  1.21210985071E-06
  1.28734700411E-06
  1.35579625749E-06
  1.41681550758E-06
  1.46979937199E-06
  1.51418601035E-06
  1.54946121711E-06
  1.57516456056E-06
  1.59089347562E-06
  1.59630781127E-06
  1.59113369591E-06
  1.57516763011E-06
  1.54827966981E-06
  1.51041422214E-06
  1.46159538872E-06
  1.40192503295E-06
  1.33158653171E-06
  1.25084307001E-06
  1.16003855055E-06
  1.05959566099E-06
  9.50015419221E-07
  8.31873762763E-07
  7.05819559244E-07
  5.72570513668E-07
  4.32909757819E-07
  2.87680279598E-07
  1.37780460818E-07
 -1.58422306384E-08
 -1.72197061943E-07
 -3.30257051928E-07
 -4.88965724799E-07
 -6.47244917218E-07
 -8.04002013410E-07
 -9.58138684837E-07
 -1.10855796720E-06
 -1.25417318486E-06
 -1.39391624998E-06
 -1.52674545006E-06
 -1.65165420185E-06
 -1.76767787252E-06
 -1.87390389783E-06
 -1.96947667064E-06
 -2.05360561267E-06
 -2.12557324630E-06
 -2.18473837776E-06
 -2.23054598791E-06
 -2.26252882385E-06
 -2.28031285587E-06
 -2.28362182497E-06
 -2.27228042604E-06
 -2.24621521738E-06
 -2.20545848606E-06
 -2.15014597416E-06
 -2.08051960726E-06
 -1.99692681235E-06
 -1.89981540188E-06
 -1.78973516540E-06
 -1.66733252627E-06
 -1.53334656261E-06
 -1.38860445986E-06
 -1.23401673591E-06
 -1.07056939669E-06
 -8.99318877146E-07
 -7.21383116797E-07
 -5.37934738531E-07
 -3.50191555754E-07
 -1.59408415357E-07
  3.31320215707E-08
  2.26129131420E-07
  4.18273714331E-07
  6.08257721524E-07
  7.94784455138E-07
  9.76577780420E-07
  1.15239220122E-06
  1.32102240968E-06
  1.48131209698E-06
  1.63216247984E-06
  1.77254207756E-06
  1.90149330592E-06
  2.01813941203E-06
  2.12169334191E-06
  2.21146160584E-06
  2.28685007642E-06
  2.34737012761E-06
  2.39263999902E-06
  2.42238911596E-06
  2.43645968112E-06
  2.43480735662E-06
  2.41750240093E-06
  2.38472875935E-06
  2.33678156292E-06
  2.27406530939E-06
  2.19709158955E-06
  2.10647181120E-06
  2.00291628971E-06
  1.88722469829E-06
  1.76028220267E-06
  1.62305150297E-06
  1.47656498939E-06
  1.32191644298E-06
  1.16025250918E-06
  9.92763489194E-07
  8.20674245006E-07
  6.45233797059E-07
  4.67706712470E-07
  2.89362048989E-07
  1.11464053987E-07
 -6.47375628660E-08
 -2.38017378251E-07
 -4.07183478046E-07
 -5.71086616219E-07
 -7.28628606339E-07
 -8.78770549662E-07
 -1.02054036688E-06
 -1.15303964776E-06
 -1.27545035866E-06
 -1.38703990160E-06
 -1.48716594595E-06
 -1.57528131695E-06
 -1.65093638316E-06
 -1.71378133018E-06
 -1.76356843440E-06
 -1.80015194928E-06
 -1.82348935596E-06
 -1.83363772521E-06
 -1.83075485438E-06
 -1.81509460617E-06
 -1.78700372544E-06
 -1.74691888333E-06
 -1.69535985606E-06
 -1.63292577327E-06
 -1.56028795573E-06
 -1.47818377627E-06
 -1.38740915645E-06
 -1.28881140427E-06
 -1.18328114240E-06
 -1.07174423647E-06
 -9.55154291660E-07
 -8.34482762002E-07
 -7.10712015461E-07
 -5.84826182148E-07
 -4.57803309928E-07
 -3.30607093701E-07
 -2.04179499974E-07
 -7.94330148324E-08
  4.27563158212E-08
  1.61555320233E-07
  2.76179747516E-07
  3.85900051469E-07
  4.90045920287E-07
  5.88010891533E-07
  6.79255720115E-07
  7.63311390983E-07
  8.39781421291E-07
  9.08343395167E-07
  9.68749759522E-07
  1.02082788089E-06
  1.06447953385E-06
  1.09968004836E-06
  1.12647535389E-06
  1.14498061521E-06
  1.15537670808E-06
  1.15790646760E-06
  1.15287070912E-06
  1.14062390821E-06
  1.12156828891E-06
  1.09614995836E-06
  1.06485231299E-06
  1.02819035419E-06
  9.86705458672E-07
  9.40958102547E-07
  8.91523256996E-07
  8.38983112317E-07
  7.83922018854E-07
  7.26920347915E-07
  6.68548580052E-07
  6.09362814430E-07
  5.49898970803E-07
  4.90668412567E-07
  4.32154052987E-07
  3.74805722458E-07
  3.19037383179E-07
  2.65224059603E-07
  2.13699408391E-07
  1.64753828358E-07
  1.18632947022E-07
  7.55370734851E-08
  3.56206690810E-08
 -1.00757013843E-09
 -3.42837402911E-08
 -6.41878088459E-08
 -9.07418993279E-08
 -1.14008308572E-07
 -1.34086903358E-07
 -1.51112573121E-07
 -1.65251961448E-07
 -1.76700055476E-07
 -1.85676654496E-07
 -1.92422447753E-07
 -1.97195220153E-07
 -2.00265589001E-07
 -2.01913110232E-07
 -2.02422114626E-07
 -2.02077742983E-07
 -2.01161796554E-07
 -1.99949269586E-07
 -1.98704427135E-07
 -1.97677621827E-07
 -1.97101982735E-07
 -1.97190658469E-07
 -1.98134330276E-07
 -2.00098753567E-07
 -2.03223194717E-07
 -2.07618796821E-07
 -2.13367485458E-07
 -2.20521229721E-07
 -2.29101928539E-07
 -2.39101154875E-07
 -2.50480894692E-07
 -2.63174200654E-07
 -2.77086456890E-07
 -2.92096757448E-07
 -3.08060009502E-07
 -3.24808780761E-07
 -3.42155686894E-07
 -3.59896262125E-07
 -3.77811346652E-07
 -3.95670411990E-07
 -4.13234459984E-07
 -4.30259177620E-07
 -4.46498205520E-07
 -4.61706378019E-07
 -4.75642849551E-07
 -4.88074249461E-07
 -4.98777865232E-07
 -5.07544257289E-07
 -5.14180158007E-07
 -5.18511171776E-07
 -5.20383821367E-07
 -5.19667707977E-07
 -5.16257500749E-07
 -5.10074130489E-07
 -5.01066324432E-07
 -4.89211402055E-07
 -4.74515843507E-07
 -4.57015659094E-07
 -4.36776048218E-07
 -4.13891370954E-07
 -3.88484551195E-07
 -3.60705342928E-07
 -3.30729960751E-07
 -2.98759033512E-07
 -2.65015671630E-07
 -2.29743676528E-07
 -1.93205266896E-07
 -1.55678264946E-07
 -1.17453893722E-07
 -7.88336507185E-08
 -4.01266504468E-08
 -1.64653657375E-09
  3.62914001073E-08
  7.33733713787E-08
  1.09289999273E-07
  1.43739356417E-07
  1.76429807652E-07
  2.07082777592E-07
  2.35435521745E-07
  2.61243513933E-07
  2.84282890561E-07
  3.04352596459E-07
  3.21276161230E-07
  3.34903603516E-07
  3.45112852074E-07
  3.51810967913E-07
  3.54934655888E-07
  3.54451884732E-07
  3.50361261781E-07
  3.42692715094E-07
  3.31507436613E-07
  3.16897001085E-07
  2.98983025004E-07
  2.77916200275E-07
  2.53874787859E-07
  2.27063807756E-07
  1.97712722638E-07
  1.66074045183E-07
  1.32421234866E-07
  9.70462039618E-08
  6.02575056519E-08
  2.23774438979E-08
 -1.62603637222E-08
 -5.53135883763E-08
 -9.44339788589E-08
 -1.33270077640E-07
 -1.71469963561E-07
 -2.08684085123E-07
 -2.44567928576E-07
 -2.78784710872E-07
 -3.11008079734E-07
 -3.40924515285E-07
 -3.68235930637E-07
 -3.92661831938E-07
 -4.13941506849E-07
 -4.31836213011E-07
 -4.46130826504E-07
 -4.56635518731E-07
 -4.63187490141E-07
 -4.65651993409E-07
 -4.63923782945E-07
 -4.57927427533E-07
 -4.47618475619E-07
 -4.32983910059E-07
 -4.14041949170E-07
 -3.90842672005E-07
 -3.63467222542E-07
 -3.32027696004E-07
 -2.96666826216E-07
 -2.57556536098E-07
 -2.14897283968E-07
 -1.68916841403E-07
 -1.19868929005E-07
 -6.80312481904E-08
 -1.37043958404E-08
  4.27905391120E-08
  1.01113748485E-07
  1.60909010560E-07
  2.21805748879E-07
  2.83421655922E-07
  3.45364924215E-07
  4.07236797173E-07
  4.68634453910E-07
  5.29153112439E-07
  5.88389070799E-07
  6.45942009214E-07
  7.01418059634E-07
  7.54431994210E-07
  8.04610181149E-07
  8.51592631079E-07
  8.95035839221E-07
  9.34615172810E-07
  9.70026121649E-07
  1.00098827716E-06
  1.02724550288E-06
  1.04856883354E-06
  1.06475761186E-06
  1.07564142127E-06
  1.08108110908E-06
  1.08097015072E-06
  1.07523510451E-06
  1.06383663478E-06
  1.04677030777E-06
  1.02406670521E-06
  9.95790855995E-07
  9.62042463470E-07
  9.22956019167E-07
  8.78699381701E-07
  8.29473322028E-07
  7.75510045514E-07
  7.17072623502E-07
  6.54452435356E-07
  5.87968258969E-07
  5.17963997027E-07
  4.44806545374E-07
  3.68883860347E-07
  2.90601974484E-07
  2.10383007015E-07
  1.28661923782E-07
  4.58843061324E-08
 -3.74969069128E-08
 -1.21024186228E-07
 -2.04238418178E-07
 -2.86681881789E-07
 -3.67901208165E-07
 -4.47450361207E-07
 -5.24893550846E-07
 -5.99808060997E-07
 -6.71787006468E-07
 -7.40442033020E-07
 -8.05405704796E-07
 -8.66333721206E-07
 -9.22907588574E-07
 -9.74836211753E-07
 -1.02185765627E-06
 -1.06374091047E-06
 -1.10028759082E-06
 -1.13133171453E-06
 -1.15674254175E-06
 -1.17642321129E-06
 -1.19031267332E-06
 -1.19838500723E-06
 -1.20064873954E-06
 -1.19714786706E-06
 -1.18795992421E-06
 -1.17319575565E-06
 -1.15299781100E-06
 -1.12753923531E-06
 -1.09702193640E-06
 -1.06167556169E-06
 -1.02175386019E-06
 -9.77534909907E-07
 -9.29316911424E-07
 -8.77416539424E-07
 -8.22166498438E-07
 -7.63913135415E-07
 -7.03013085968E-07
 -6.39831853277E-07
 -5.74739658532E-07
 -5.08110474584E-07
 -4.40317762695E-07
 -3.71733420934E-07
 -3.02724288304E-07
 -2.33650354176E-07
 -1.64862441920E-07
 -9.66998854324E-08
 -2.94888842234E-08
  3.64594328062E-08
  1.00850492402E-07
  1.63407804621E-07
  2.23874010885E-07
  2.82012081243E-07
  3.37606081757E-07
  3.90461480038E-07
  4.40405955260E-07
  4.87289469220E-07
  5.30984095803E-07
  5.71384077830E-07
  6.08405173352E-07
  6.41984627237E-07
  6.72079636388E-07
  6.98667633969E-07
  7.21744470411E-07
  7.41323447073E-07
  7.57434918341E-07
  7.70123904204E-07
  7.79449749189E-07
  7.85484360222E-07
  7.88310956068E-07
  7.88022646248E-07
  7.84721237324E-07
  7.78515698130E-07
  7.69521363964E-07
  7.57857890221E-07
  7.43648854495E-07
  7.27020619706E-07
  7.08100856173E-07
  6.87018257395E-07
  6.63901346343E-07
  6.38878191239E-07
  6.12075609752E-07
  5.83618600558E-07
  5.53630457034E-07
  5.22232483036E-07
  4.89543367621E-07
  4.55679867173E-07
  4.20756407493E-07
  3.84885652238E-07
  3.48178417653E-07
  3.10744241006E-07
  2.72691494274E-07
  2.34127981003E-07
  1.95161362626E-07
  1.55899428478E-07
  1.16450593168E-07
  7.69245076526E-08
  3.74320769936E-08
 -1.91383686676E-09
 -4.09983798022E-08
 -7.97043995249E-08
 -1.17912243525E-07
 -1.55499790822E-07
 -1.92342469063E-07
 -2.28313226103E-07
 -2.63282998958E-07
 -2.97120863024E-07
 -3.29694643142E-07
 -3.60871041494E-07
 -3.90516987636E-07
 -4.18499553234E-07
 -4.44687458412E-07
 -4.68951526500E-07
 -4.91165906169E-07
 -5.11209066190E-07
 -5.28964903879E-07
 -5.44323597751E-07
 -5.57183284400E-07
 -5.67451024835E-07
 -5.75043429762E-07
 -5.79888705943E-07
 -5.81927110943E-07
 -5.81112203690E-07
 -5.77411867653E-07
 -5.70809106648E-07
 -5.61302954338E-07
 -5.48909383724E-07
 -5.33661022928E-07
 -5.15608519436E-07
 -4.94820540098E-07
 -4.71383742706E-07
 -4.45402974947E-07
 -4.17000933339E-07
 -3.86317822176E-07
 -3.53510927198E-07
 -3.18754018735E-07
 -2.82236356952E-07
 -2.44161554974E-07
 -2.04746811505E-07
 -1.64221333421E-07
 -1.22825056792E-07
 -8.08070410585E-08
 -3.84236713558E-08
  4.06281852605E-09
  4.63863401023E-08
  8.82787958290E-08
  1.29472056187E-07
  1.69699774233E-07
  2.08699546533E-07
  2.46214767685E-07
  2.81996449303E-07
  3.15805408491E-07
  3.47413759982E-07
  3.76606578811E-07
  4.03184031939E-07
  4.26962515121E-07
  4.47775960311E-07
  4.65477313583E-07
  4.79939785691E-07
  4.91057221552E-07
  4.98745407640E-07
  5.02942782532E-07
  5.03610181113E-07
  5.00731459852E-07
  4.94314178923E-07
  4.84388351651E-07
  4.71007041369E-07
  4.54245451920E-07
  4.34200529753E-07
  4.10990196542E-07
  3.84752269156E-07
  3.55643578587E-07
  3.23838662553E-07
  2.89528657049E-07
  2.52919676313E-07
  2.14231590689E-07
  1.73696321326E-07
  1.31556291194E-07
  8.80627979427E-08
  4.34744755751E-08
 -1.94460936243E-09
 -4.79264734565E-08
 -9.42008071547E-08
 -1.40496794643E-07
 -1.86544525604E-07
 -2.32076573070E-07
 -2.76829609902E-07
 -3.20545581189E-07
 -3.62973196388E-07
 -4.03869222509E-07
 -4.42999635197E-07
 -4.80140442960E-07
 -5.15079364050E-07
 -5.47616025415E-07
 -5.77562957460E-07
 -6.04746730914E-07
 -6.29008241049E-07
 -6.50203105579E-07
 -6.68202858378E-07
 -6.82894437887E-07
 -6.94181494509E-07
 -7.01983822182E-07
 -7.06237813120E-07
 -7.06897196778E-07
 -7.03932414581E-07
 -6.97330847288E-07
 -6.87097042373E-07
 -6.73252600336E-07
 -6.55836117858E-07
 -6.34903017271E-07
 -6.10525432876E-07
 -5.82792210935E-07
 -5.51808739147E-07
 -5.17696321367E-07
 -4.80592461827E-07
 -4.40650012479E-07
 -3.98037514060E-07
 -3.52938400283E-07
 -3.05550486246E-07
 -2.56085940009E-07
 -2.04770245205E-07
 -1.51842030505E-07
 -9.75521885493E-08
 -4.21631689562E-08
  1.40518032765E-08
  7.08096123958E-08
  1.27818296392E-07
  1.84778102152E-07
  2.41382650756E-07
  2.97320184472E-07
  3.52275208115E-07
  4.05929540648E-07
  4.57964318912E-07
  5.08061418714E-07
  5.55905387500E-07
  6.01185035976E-07
  6.43595853944E-07
  6.82841573507E-07
  7.18636385955E-07
  7.50707272346E-07
  7.78795367751E-07
  8.02659542387E-07
  8.22076799523E-07
  8.36846027141E-07
  8.46788736908E-07
  8.51751906339E-07
  8.51609740948E-07
  8.46265550081E-07
  8.35652713249E-07
  8.19737522306E-07
  7.98519181444E-07
  7.72032194618E-07
  7.40346536077E-07
  7.03568389326E-07
  6.61841170313E-07
  6.15344958987E-07
  5.64297238270E-07
  5.08951529810E-07
  4.49597877150E-07
  3.86560742527E-07
  3.20198353165E-07
  2.50900910714E-07
  1.79088431196E-07
  1.05208918910E-07
  2.97353466294E-08
 -4.68368774875E-08
 -1.23993146417E-07
 -2.01202993821E-07
 -2.77923845715E-07
 -3.53604605152E-07
 -4.27689712978E-07
 -4.99623467931E-07
 -5.68854090943E-07
 -6.34838102087E-07
 -6.97044924891E-07
 -7.54960979066E-07
 -8.08094114291E-07
 -8.55978044001E-07
 -8.98176608644E-07
 -9.34287527343E-07
 -9.63946376942E-07
 -9.86830173133E-07
 -1.00266083791E-06
 -1.01120815543E-06
 -1.01229238680E-06
 -1.00578665752E-06
 -9.91618890112E-07
 -9.69773395809E-07
 -9.40291897678E-07
 -9.03273928543E-07
 -8.58877058363E-07
 -8.07317007911E-07
 -7.48866057165E-07
 -6.83852135808E-07
 -6.12656890553E-07
 -5.35713127192E-07
 -4.53502906339E-07
 -3.66553194908E-07
 -2.75432938679E-07
 -1.80748941148E-07
 -8.31413871083E-08
  1.67208913382E-08
  1.18145351280E-07
  2.20421071617E-07
  3.22824035948E-07
  4.24623010531E-07
  5.25085170011E-07
  6.23481582807E-07
  7.19093520729E-07
  8.11217773844E-07
  8.99172448499E-07
  9.82302708508E-07
  1.05998572053E-06
  1.13163537208E-06
  1.19670846743E-06
  1.25470762669E-06
  1.30518549213E-06
  1.34774995786E-06
  1.38206553402E-06
  1.40785664371E-06
  1.42491057886E-06
  1.43307806866E-06
  1.43227543958E-06
  1.42248495649E-06
  1.40375425417E-06
  1.37619713314E-06
  1.33999139962E-06
  1.29537841076E-06
  1.24265943668E-06
  1.18219486467E-06
  1.11440044748E-06
  1.03974355170E-06
  9.58739519774E-07
  8.71947520409E-07
  7.79965887432E-07
  6.83427060721E-07
  5.82993038734E-07
  4.79349125726E-07
  3.73199583237E-07
  2.65260979404E-07
  1.56257385697E-07
  4.69141845372E-08
 -6.20470785861E-08
 -1.69914386561E-07
 -2.75990572618E-07
 -3.79598304789E-07
 -4.80085134313E-07
 -5.76828028898E-07
 -6.69237749662E-07
 -7.56762858600E-07
 -8.38893129185E-07
 -9.15162956971E-07
 -9.85153633337E-07
 -1.04849686977E-06
 -1.10487508209E-06
 -1.15402406209E-06
 -1.19573337543E-06
 -1.22984693007E-06
 -1.25626320369E-06
 -1.27493478885E-06
 -1.28586748360E-06
 -1.28911915454E-06
 -1.28479757677E-06
 -1.27305963815E-06
 -1.25410826968E-06
 -1.22818903492E-06
 -1.19558910683E-06
 -1.15663203815E-06
 -1.11167628347E-06
 -1.06111031073E-06
 -1.00534941794E-06
 -9.44832265759E-07
 -8.80016841620E-07
 -8.11376253296E-07
 -7.39395716209E-07
 -6.64568062803E-07
 -5.87390672990E-07
 -5.08361608809E-07
 -4.27975834327E-07
 -3.46722885070E-07
 -2.65082917394E-07
 -1.83524377917E-07
 -1.02501324761E-07
 -2.24507399338E-08
  5.62092559164E-08
  1.33081499598E-07
  2.07791273965E-07
  2.79987716567E-07
  3.49345043560E-07
  4.15563135903E-07
  4.78368349377E-07
  5.37513983545E-07
  5.92779940689E-07
  6.43973294245E-07
  6.90927549840E-07
  7.33502531602E-07
  7.71583700043E-07
  8.05081356248E-07
  8.33929732380E-07
  8.58086650624E-07
  8.77531647347E-07
  8.92265575203E-07
  9.02309352568E-07
  9.07702599307E-07
  9.08503011487E-07
  9.04784883460E-07
  8.96638141512E-07
  8.84167320692E-07
  8.67490712153E-07
  8.46739283134E-07
  8.22055881144E-07
  7.93594438164E-07
  7.61519459047E-07
  7.26004941498E-07
  6.87234091856E-07
  6.45399154564E-07
  6.00700047926E-07
  5.53344818854E-07
  5.03548847064E-07
  4.51534674539E-07
  3.97531636054E-07
  3.41775432844E-07
  2.84508104187E-07
  2.25977430546E-07
  1.66436720406E-07
  1.06144398160E-07
  4.53635529141E-08
 -1.56385997485E-08
 -7.65913341638E-08
 -1.37221007890E-07
 -1.97251864620E-07
 -2.56406963217E-07
 -3.14408936219E-07
 -3.70981240394E-07
 -4.25849322028E-07
 -4.78741696952E-07
 -5.29391456894E-07
 -5.77537832669E-07
 -6.22927188942E-07
 -6.65315269543E-07
 -7.04468845925E-07
 -7.40166399282E-07
 -7.72201190102E-07
 -8.00382167654E-07
 -8.24535902666E-07
 -8.44508235787E-07
 -8.60165869199E-07
 -8.71398242452E-07
 -8.78118441960E-07
 -8.80265190517E-07
 -8.77803529420E-07
 -8.70726069024E-07
 -8.59054011926E-07
 -8.42837778237E-07
 -8.22157119273E-07
 -7.97121913365E-07
 -7.67871767948E-07
 -7.34575962724E-07
 -6.97432767538E-07
 -6.56668987631E-07
 -6.12538428868E-07
 -5.65321045087E-07
 -5.15321005423E-07
 -4.62865216377E-07
 -4.08300735444E-07
 -3.51993037384E-07
 -2.94322859418E-07
 -2.35683941696E-07
 -1.76479844072E-07
 -1.17120869447E-07
 -5.80208521228E-08
  4.06117695029E-10
  5.77491583442E-08
  1.13604038177E-07
  1.67576615695E-07
  2.19286221181E-07
  2.68369063861E-07
  3.14481724217E-07
  3.57303832743E-07
  3.96541452119E-07
  4.31929777278E-07
  4.63235579673E-07
  4.90259537855E-07
  5.12838653322E-07
  5.30847216851E-07
  5.44198940133E-07
  5.52847780000E-07
  5.56787995265E-07
  5.56055624656E-07
  5.50727463633E-07
  5.40920837011E-07
  5.26792916844E-07
  5.08539130806E-07
  4.86392195853E-07
  4.60619276055E-07
  4.31520220445E-07
  3.99424379793E-07
  3.64688332866E-07
  3.27691850543E-07
  2.88835025231E-07
  2.48533893910E-07
  2.07216857007E-07
  1.65320656720E-07
  1.23285929021E-07
  8.15530967202E-08
  4.05580138363E-08
  7.27700066872E-10
 -3.75239039840E-08
 -7.37999883427E-08
 -1.07724865472E-07
 -1.38947797268E-07
 -1.67146524177E-07
 -1.92030540802E-07
 -2.13344137023E-07
 -2.30869048323E-07
 -2.44426729523E-07
 -2.53880358514E-07
 -2.59136271552E-07
 -2.60145100128E-07
 -2.56902467299E-07
 -2.49449016110E-07
 -2.37870480646E-07
 -2.22296620223E-07
 -2.02900409363E-07
 -1.79896247232E-07
 -1.53537996539E-07
 -1.24116581901E-07
 -9.19571760960E-08
 -5.74160949895E-08
 -2.08772803489E-08
  1.72514926788E-08
  5.65427598076E-08
  9.65533715203E-08
  1.36829086728E-07
  1.76909125571E-07
  2.16330846570E-07
  2.54634358043E-07
  2.91367314276E-07
  3.26089377722E-07
  3.58376837539E-07
  3.87827185477E-07
  4.14062981235E-07
  4.36736030451E-07
  4.55530908994E-07
  4.70168544098E-07
  4.80409084958E-07
  4.86054602788E-07
  4.86951364564E-07
  4.82991538320E-07
  4.74114841609E-07
  4.60308967831E-07
  4.41610495727E-07
  4.18104605160E-07
  3.89924508681E-07
  3.57250627303E-07
  3.20308913615E-07
  2.79369174905E-07
  2.34742429939E-07
  1.86778351008E-07
  1.35862009643E-07
  8.24104517960E-08
  2.68687649907E-08
 -3.02940108554E-08
 -8.85891893176E-08
 -1.47513105730E-07
 -2.06551703741E-07
 -2.65185548187E-07
 -3.22894436522E-07
 -3.79162685249E-07
 -4.33483734241E-07
 -4.85364978431E-07
 -5.34332571078E-07
 -5.79935885980E-07
 -6.21751667040E-07
 -6.59388490476E-07
 -6.92489606990E-07
 -7.20737602933E-07
 -7.43856276131E-07
 -7.61614217026E-07
 -7.73826400291E-07
 -7.80356117502E-07
 -7.81116796134E-07
 -7.76071999553E-07
 -7.65236791267E-07
 -7.48676995954E-07
 -7.26508801563E-07
 -6.98897849816E-07
 -6.66057701437E-07
 -6.28247903478E-07
 -5.85771658734E-07
 -5.38972813047E-07
 -4.88233297347E-07
 -4.33969233882E-07
 -3.76627099286E-07
 -3.16680001333E-07
 -2.54623159890E-07
 -1.90969601022E-07
 -1.26245282672E-07
 -6.09847035093E-08
  4.27420854265E-09
  6.89946375587E-08
  1.32645809003E-07
  1.94707595824E-07
  2.54675086353E-07
  3.12063093588E-07
  3.66410375818E-07
  4.17283388288E-07
  4.64280219603E-07
  5.07033917074E-07
  5.45215527836E-07
  5.78536628382E-07
  6.06751882515E-07
  6.29661030871E-07
  6.47109970942E-07
  6.58992064473E-07
  6.65248762743E-07
  6.65869606564E-07
  6.60892339965E-07
  6.50401773328E-07
  6.34529044419E-07
  6.13449742559E-07
  5.87382487538E-07
  5.56586087441E-07
  5.21357662819E-07
  4.82028724491E-07
  4.38963013494E-07
  3.92552294670E-07
  3.43213059750E-07
  2.91382491469E-07
  2.37514569790E-07
  1.82075780231E-07
  1.25541163243E-07
  6.83899727960E-08
  1.11015205917E-08
 -4.58490134747E-08
 -1.01994558577E-07
 -1.56880147983E-07
 -2.10066687600E-07
 -2.61134545099E-07
 -3.09686924993E-07
 -3.55352852921E-07
 -3.97790302031E-07
 -4.36688537775E-07
 -4.71770192689E-07
 -5.02793682244E-07
 -5.29554142759E-07
 -5.51885250388E-07
 -5.69659619032E-07
 -5.82789425607E-07
 -5.91226523738E-07
 -5.94962557443E-07
 -5.94027710576E-07
 -5.88490422615E-07
 -5.78455853883E-07
 -5.64064578157E-07
 -5.45490649984E-07
 -5.22939330949E-07
 -4.96645213843E-07
 -4.66869238380E-07
 -4.33896502727E-07
 -3.98032796056E-07
 -3.59602154276E-07
 -3.18943477851E-07
 -2.76407320143E-07
 -2.32352817875E-07
 -1.87144635788E-07
 -1.41149399724E-07
 -9.47328899770E-08
 -4.82568829341E-08
 -2.07619588188E-09
  4.34640767821E-08
  8.80312924778E-08
  1.31307672291E-07
  1.72992656644E-07
  2.12804906141E-07
  2.50484248454E-07
  2.85793248622E-07
  3.18518516451E-07
  3.48472099176E-07
  3.75491964633E-07
  3.99442882326E-07
  4.20216821340E-07
  4.37732865066E-07
  4.51937069101E-07
  4.62802432821E-07
  4.70327961466E-07
  4.74537870332E-07
  4.75480817386E-07
  4.73228567444E-07
  4.67874571086E-07
  4.59532571995E-07
  4.48334986913E-07
  4.34431115082E-07
  4.17985376089E-07
  3.99175320354E-07
  3.78189810135E-07
  3.55227115278E-07
  3.30492724743E-07
  3.04197726564E-07
  2.76556477274E-07
  2.47785266083E-07
  2.18100154825E-07
  1.87715357924E-07
  1.56841721832E-07
  1.25685218677E-07
  9.44455607055E-08
  6.33149070950E-08
  3.24768656412E-08
  2.10549844226E-09
 -2.76354832351E-08
 -5.65934392682E-08
 -8.46272101285E-08
 -1.11607526776E-07
 -1.37417231372E-07
 -1.61951476230E-07
 -1.85117428941E-07
 -2.06834357641E-07
 -2.27033211786E-07
 -2.45656281095E-07
 -2.62656783434E-07
 -2.77998168485E-07
 -2.91653634577E-07
 -3.03605389718E-07
 -3.13844026323E-07
 -3.22367640138E-07
 -3.29181176539E-07
 -3.34295748416E-07
 -3.37727584565E-07
 -3.39497745472E-07
 -3.39631100132E-07
 -3.38155842883E-07
 -3.35102839699E-07
 -3.30505173451E-07
 -3.24397575469E-07
 -3.16816141321E-07
 -3.07797904497E-07
 -2.97380893244E-07
 -2.85603476868E-07
 -2.72504820487E-07
 -2.58124629227E-07
 -2.42503176651E-07
 -2.25681731081E-07
 -2.07702527177E-07
 -1.88609234897E-07
 -1.68447172655E-07
 -1.47263747863E-07
 -1.25108996940E-07
 -1.02035791372E-07
 -7.81005056183E-08
 -5.33634150202E-08
 -2.78891292282E-08
 -1.74707603939E-09
  2.49881697556E-08
  5.22363805544E-08
  7.99115369432E-08
  1.07921472647E-07
  1.36167685127E-07
  1.64545326697E-07
  1.92943105048E-07
  2.21243482201E-07
  2.49322681611E-07
  2.77051327657E-07
  3.04294360376E-07
  3.30911944957E-07
  3.56760040177E-07
  3.81690881568E-07
  4.05554061444E-07
  4.28197409974E-07
  4.49467847830E-07
  4.69212750431E-07
  4.87280999550E-07
  5.03524120177E-07
  5.17797843713E-07
  5.29963074314E-07
  5.39887764717E-07
  5.47447825738E-07
  5.52528717890E-07
  5.55027042992E-07
  5.54851169454E-07
  5.51923449166E-07
  5.46180785932E-07
  5.37575715498E-07
  5.26078167695E-07
  5.11675409598E-07
  4.94373864512E-07
  4.74198856182E-07
  4.51195859341E-07
  4.25430386031E-07
