 -1.95624370036E-08
 -2.20387335048E-08
 -2.45921594200E-08
 -2.72230220588E-08
 -2.99304510065E-08
 -3.27122542387E-08
 -3.55649198980E-08
 -3.84835274758E-08
 -4.14616856403E-08
 -4.44915890796E-08
 -4.75639261310E-08
 -5.06680137846E-08
 -5.37918296573E-08
 -5.69220510727E-08
 -6.00441936172E-08
 -6.31426999576E-08
 -6.62011032659E-08
 -6.92021799864E-08
 -7.21280386529E-08
 -7.49605035821E-08
 -7.76810225034E-08
 -8.02710786729E-08
 -8.27123116665E-08
 -8.49866665931E-08
 -8.70767422612E-08
 -8.89657769676E-08
 -9.06380179799E-08
 -9.20787783798E-08
 -9.32746644366E-08
 -9.42136324511E-08
 -9.48852729721E-08
 -9.52807326371E-08
 -9.53929060188E-08
 -9.52165066792E-08
 -9.47480458535E-08
 -9.39858750826E-08
 -9.29301577912E-08
 -9.15828906045E-08
 -8.99477257121E-08
 -8.80300490280E-08
 -8.58367101841E-08
 -8.33759727925E-08
 -8.06574007584E-08
 -7.76916095901E-08
 -7.44901740291E-08
 -7.10653864644E-08
 -6.74301006143E-08
 -6.35974757301E-08
 -5.95808486992E-08
 -5.53934853542E-08
 -5.10484134963E-08
 -4.65582239428E-08
 -4.19348928915E-08
 -3.71896504703E-08
 -3.23328350760E-08
 -2.73737441603E-08
 -2.23205987027E-08
 -1.71804099836E-08
 -1.19589866898E-08
 -6.66089494672E-09
 -1.28948107747E-09
  4.15308765156E-09
  9.66574464911E-09
  1.52484265215E-08
  2.09019450637E-08
  2.66278252781E-08
  3.24281330677E-08
  3.83052700670E-08
  4.42617569263E-08
  5.02999775165E-08
  5.64219817534E-08
  6.26291551953E-08
  6.89220343020E-08
  7.52999866904E-08
  8.17609731030E-08
  8.83013413500E-08
  9.49155278818E-08
  1.01595837521E-07
  1.08332358195E-07
  1.15112662513E-07
  1.21921715390E-07
  1.28741802996E-07
  1.35552411962E-07
  1.42330250696E-07
  1.49049199649E-07
  1.55680424996E-07
  1.62192463904E-07
  1.68551324009E-07
  1.74720682367E-07
  1.80662226512E-07
  1.86335782359E-07
  1.91699683683E-07
  1.96711226863E-07
  2.01326812999E-07
  2.05502658446E-07
  2.09195079037E-07
  2.12360944829E-07
  2.14958276956E-07
  2.16946659748E-07
  2.18287752318E-07
  2.18945871211E-07
  2.18888359882E-07
  2.18086199766E-07
  2.16514393969E-07
  2.14152507283E-07
  2.10984836713E-07
  2.07001122021E-07
  2.02196602572E-07
  1.96572429445E-07
  1.90135793332E-07
  1.82900222967E-07
  1.74885471438E-07
  1.66117828826E-07
  1.56629866410E-07
  1.46460436667E-07
  1.35654488531E-07
  1.24262840018E-07
  1.12341822955E-07
  9.99529206069E-08
  8.71624266097E-08
  7.40407699595E-08
  6.06620673693E-08
  4.71034979910E-08
  3.34446390582E-08
  1.97667251456E-08
  6.15194206688E-09
 -7.31733429404E-09
 -2.05593160274E-08
 -3.34936238744E-08
 -4.60420181980E-08
 -5.81292809443E-08
 -6.96839208558E-08
 -8.06388982255E-08
 -9.09324455733E-08
 -1.00508607659E-07
 -1.09317994657E-07
 -1.17318236903E-07
 -1.24474581753E-07
 -1.30760199113E-07
 -1.36156643293E-07
 -1.40654165648E-07
 -1.44251671941E-07
 -1.46957063407E-07
 -1.48786980958E-07
 -1.49766961499E-07
 -1.49931082660E-07
 -1.49321635945E-07
 -1.47988842514E-07
 -1.45990242117E-07
 -1.43390266771E-07
 -1.40259444947E-07
 -1.36673676820E-07
 -1.32713509515E-07
 -1.28463156557E-07
 -1.24009588376E-07
 -1.19441551760E-07
 -1.14848532462E-07
 -1.10319646751E-07
 -1.05942703499E-07
 -1.01802903885E-07
 -9.79820100611E-08
 -9.45570022282E-08
 -9.15993467743E-08
 -8.91736533504E-08
 -8.73370282761E-08
 -8.61380939909E-08
 -8.56160582430E-08
 -8.58001527604E-08
 -8.67088232326E-08
 -8.83494379877E-08
 -9.07175987663E-08
 -9.37970483506E-08
 -9.75593152930E-08
 -1.01963806287E-07
 -1.06957841695E-07
 -1.12476833181E-07
 -1.18444667407E-07
 -1.24774231836E-07
 -1.31367997369E-07
 -1.38118792847E-07
 -1.44910671906E-07
 -1.51620071165E-07
 -1.58116691296E-07
 -1.64264974956E-07
 -1.69925385762E-07
 -1.74955644638E-07
 -1.79212520379E-07
 -1.82553293371E-07
 -1.84837332995E-07
 -1.85927760299E-07
 -1.85693082244E-07
 -1.84009039117E-07
 -1.80760082458E-07
 -1.75841137207E-07
 -1.69159008578E-07
 -1.60634144208E-07
 -1.50201870497E-07
 -1.37813813694E-07
 -1.23439050981E-07
 -1.07065417865E-07
 -8.87000339844E-08
 -6.83705181359E-08
 -4.61253435446E-08
 -2.20342606383E-08
  3.81139875216E-09
  3.12986898621E-08
  6.02933667437E-08
  9.06401780298E-08
  1.22163598348E-07
  1.54668555297E-07
  1.87941694207E-07
  2.21752401330E-07
  2.55854615716E-07
  2.89988378199E-07
  3.23881636177E-07
  3.57252588401E-07
  3.89811731338E-07
  4.21264360284E-07
  4.51312956784E-07
  4.79660457131E-07
  5.06011986090E-07
  5.30078580141E-07
  5.51579773855E-07
  5.70246072584E-07
  5.85822704124E-07
  5.98071665081E-07
  6.06774619882E-07
  6.11736197698E-07
  6.12786095644E-07
  6.09781125149E-07
  6.02607940436E-07
  5.91185482790E-07
  5.75465605834E-07
  5.55435576644E-07
  5.31118985236E-07
  5.02576654071E-07
  4.69907462275E-07
  4.33248402487E-07
  3.92774637703E-07
  3.48699359165E-07
  3.01272365277E-07
  2.50779521593E-07
  1.97541027092E-07
  1.41909453077E-07
  8.42675476065E-08
  2.50257343737E-08
 -3.53809070930E-08
 -9.64957678207E-08
 -1.57844681326E-07
 -2.18938751573E-07
 -2.79279447568E-07
 -3.38362269758E-07
 -3.95681070131E-07
 -4.50733040225E-07
 -5.03022590692E-07
 -5.52066865112E-07
 -5.97399889557E-07
 -6.38576864276E-07
 -6.75179364862E-07
 -7.06819491825E-07
 -7.33144133847E-07
 -7.53837866796E-07
 -7.68628126480E-07
 -7.77287937126E-07
 -7.79638867243E-07
 -7.75553530730E-07
 -7.64957235333E-07
 -7.47831109038E-07
 -7.24212100067E-07
 -6.94193090567E-07
 -6.57924545067E-07
 -6.15613885202E-07
 -5.67522192796E-07
 -5.13965915161E-07
 -4.55312232361E-07
 -3.91977948766E-07
 -3.24425144527E-07
 -2.53158106034E-07
 -1.78719176347E-07
 -1.01683610865E-07
 -2.26549623505E-08
  5.77405501190E-08
  1.38859661547E-07
  2.20048292476E-07
  3.00647570839E-07
  3.79999988809E-07
  4.57455968217E-07
  5.32381022822E-07
  6.04160504736E-07
  6.72207477237E-07
  7.35968058052E-07
  7.94926677372E-07
  8.48611989568E-07
  8.96602557532E-07
  9.38531229622E-07
  9.74087583927E-07
  1.00302293049E-06
  1.02515355138E-06
  1.04036155335E-06
  1.04859748262E-06
  1.04987975647E-06
  1.04429716430E-06
  1.03200625290E-06
  1.01322825685E-06
  9.88251599665E-07
  9.57423480941E-07
  9.21150046906E-07
  8.79890649230E-07
  8.34152842799E-07
  7.84486530847E-07
  7.31476973215E-07
  6.75740409406E-07
  6.17914224676E-07
  5.58651493066E-07
  4.98611484545E-07
  4.38453895413E-07
  3.78828929115E-07
  3.20370247664E-07
  2.63686274593E-07
  2.09353743230E-07
  1.57909724408E-07
  1.09843561802E-07
  6.55924310422E-08
  2.55334562382E-08
 -1.00206634102E-08
 -4.08264071439E-08
 -6.67134045784E-08
 -8.75872601114E-08
 -1.03431929688E-07
 -1.14310132915E-07
 -1.20364518352E-07
 -1.21816100318E-07
 -1.18962589113E-07
 -1.12176046230E-07
 -1.01897462912E-07
 -8.86349837970E-08
 -7.29547195988E-08
 -5.54770238637E-08
 -3.68672949946E-08
 -1.78292101083E-08
  9.04729069440E-10
  1.85825808074E-08
  3.44417863118E-08
  4.77200146065E-08
  5.76653746975E-08
  6.35456132159E-08
  6.46599573884E-08
  6.03487109174E-08
  5.00016277272E-08
  3.30704104101E-08
  9.07345132362E-09
 -2.23917986375E-08
 -6.16448971869E-08
 -1.08913731367E-07
 -1.64330018038E-07
 -2.27925013974E-07
 -2.99625583011E-07
 -3.79253378924E-07
 -4.66523175646E-07
 -5.61044259939E-07
 -6.62321895106E-07
 -7.69761356878E-07
 -8.82672168245E-07
 -1.00027489225E-06
 -1.12170778266E-06
 -1.24603593576E-06
 -1.37226095376E-06
 -1.49933168814E-06
 -1.62615674526E-06
 -1.75161517291E-06
 -1.87457283118E-06
 -1.99389342015E-06
 -2.10845428228E-06
 -2.21716072701E-06
 -2.31896046898E-06
 -2.41285715674E-06
 -2.49792515206E-06
 -2.57332453657E-06
 -2.63831088887E-06
 -2.69224983640E-06
 -2.73462705991E-06
 -2.76505761576E-06
 -2.78329480352E-06
 -2.78923812402E-06
 -2.78293646261E-06
 -2.76459286397E-06
 -2.73456612376E-06
 -2.69336919700E-06
 -2.64167010755E-06
 -2.58028376265E-06
 -2.51016854236E-06
 -2.43241674980E-06
 -2.34824483414E-06
 -2.25898043027E-06
 -2.16604985326E-06
 -2.07096059057E-06
 -1.97528652279E-06
 -1.88064643680E-06
 -1.78868594958E-06
 -1.70105613506E-06
 -1.61939146892E-06
 -1.54528765961E-06
 -1.48027970681E-06
 -1.42581723139E-06
 -1.38324355703E-06
 -1.35377331389E-06
 -1.33846833705E-06
 -1.33822254611E-06
 -1.35373704779E-06
 -1.38550478823E-06
 -1.43379611472E-06
 -1.49864240484E-06
 -1.57982424298E-06
 -1.67686448549E-06
 -1.78901950676E-06
 -1.91527419702E-06
 -2.05434616873E-06
 -2.20468223233E-06
 -2.36446476265E-06
 -2.53162238550E-06
 -2.70383952738E-06
 -2.87857119474E-06
 -3.05306139126E-06
 -3.22436108036E-06
 -3.38935751643E-06
 -3.54479334419E-06
 -3.68730138689E-06
 -3.81343124900E-06
 -3.91968524127E-06
 -4.00255157729E-06
 -4.05854098062E-06
 -4.08422602050E-06
 -4.07627476307E-06
 -4.03149260819E-06
 -3.94686230720E-06
 -3.81957579521E-06
 -3.64707921108E-06
 -3.42710268342E-06
 -3.15769989356E-06
 -2.83727558781E-06
 -2.46462082032E-06
 -2.03893705475E-06
 -1.55986208483E-06
 -1.02749140751E-06
 -4.42394764377E-07
  1.94370215922E-07
  8.81247217421E-07
  1.61617867889E-06
  2.39660153056E-06
  3.21945663018E-06
  4.08119149142E-06
  4.97777955388E-06
  5.90473246120E-06
  6.85712802806E-06
  7.82963707024E-06
  8.81654978002E-06
  9.81181892712E-06
  1.08090944195E-05
  1.18017705972E-05
  1.27830289784E-05
  1.37458901008E-05
  1.46832680912E-05
  1.55880206876E-05
  1.64530065376E-05
  1.72711479536E-05
  1.80354782060E-05
  1.87392161024E-05
  1.93758023670E-05
  1.99389651243E-05
  2.04227962968E-05
  2.08217716136E-05
  2.11308233702E-05
  2.13453840843E-05
  2.14614283323E-05
  2.14755200432E-05
  2.13848470594E-05
  2.11872538785E-05
  2.08812580240E-05
  2.04660991585E-05
  1.99417336262E-05
  1.93088562810E-05
  1.85688986676E-05
  1.77240326593E-05
  1.67771722772E-05
  1.57319464051E-05
  1.45926933328E-05
  1.33644316520E-05
  1.20528266052E-05
  1.06641673483E-05
  9.20531419979E-06
  7.68365862314E-06
  6.10707866144E-06
  4.48387618235E-06
  2.82273049379E-06
  1.13262399282E-06
 -5.77205241825E-07
 -2.29734109780E-06
 -4.01824627261E-06
 -5.73034230911E-06
 -7.42406427889E-06
 -9.08993661142E-06
 -1.07186415335E-05
 -1.23010922835E-05
 -1.38284685818E-05
 -1.52923257701E-05
 -1.66846111824E-05
 -1.79977396328E-05
 -1.92246552615E-05
 -2.03588624572E-05
 -2.13944731513E-05
 -2.23262504733E-05
 -2.31496524066E-05
 -2.38608336076E-05
 -2.44566926995E-05
 -2.49348777288E-05
 -2.52937952609E-05
 -2.55326249317E-05
 -2.56513103523E-05
 -2.56505500147E-05
 -2.55317918345E-05
 -2.52972095041E-05
 -2.49496843026E-05
 -2.44927705353E-05
 -2.39306627918E-05
 -2.32681522903E-05
 -2.25105995924E-05
 -2.16638709389E-05
 -2.07343000511E-05
 -1.97286262846E-05
 -1.86539527931E-05
 -1.75176737685E-05
 -1.63274235092E-05
 -1.50910209413E-05
 -1.38164050441E-05
 -1.25115784613E-05
 -1.11845438369E-05
 -9.84324833553E-06
 -8.49553271109E-06
 -7.14906718713E-06
 -5.81131189392E-06
 -4.48945320386E-06
 -3.19037212648E-06
 -1.92059610526E-06
 -6.86258658789E-07
  5.06931542077E-07
  1.65372080119E-06
  2.74933790934E-06
  3.78951426683E-06
  4.77049707115E-06
  5.68907125853E-06
  6.54254699839E-06
  7.32878606868E-06
  8.04618321126E-06
  8.69365976541E-06
  9.27066776057E-06
  9.77715717454E-06
  1.02135691122E-05
  1.05808085209E-05
  1.08802232717E-05
  1.11135677798E-05
  1.12829857244E-05
  1.13909636639E-05
  1.14403055704E-05
  1.14340891741E-05
  1.13756386781E-05
  1.12684756459E-05
  1.11162844405E-05
  1.09228822112E-05
  1.06921634142E-05
  1.04280807136E-05
  1.01345922303E-05
  9.81564153335E-06
  9.47510852711E-06
  9.11679489946E-06
  8.74437773746E-06
  8.36139497551E-06
  7.97121265350E-06
  7.57700809118E-06
  7.18174715075E-06
  6.78816923028E-06
  6.39877271169E-06
  6.01580541115E-06
  5.64125684832E-06
  5.27685460838E-06
  4.92405843033E-06
  4.58406611870E-06
  4.25781399827E-06
  3.94598419007E-06
  3.64901438843E-06
  3.36710581905E-06
  3.10023960992E-06
  2.84818929686E-06
  2.61053787654E-06
  2.38669440478E-06
  2.17591536966E-06
  1.97732265406E-06
  1.78992468136E-06
  1.61263756127E-06
  1.44430623550E-06
  1.28372550989E-06
  1.12966120014E-06
  9.80871391221E-07
  8.36124002035E-07
  6.94219806974E-07
  5.54005964659E-07
  4.14395771031E-07
  2.74383438637E-07
  1.33057369567E-07
 -1.03854453926E-08
 -1.56632168569E-07
 -3.06240394821E-07
 -4.59635998595E-07
 -6.17103125933E-07
 -7.78784510658E-07
 -9.44675377923E-07
 -1.11462816221E-06
 -1.28835085889E-06
 -1.46541287904E-06
 -1.64524760748E-06
 -1.82716155450E-06
 -2.01034094971E-06
 -2.19386242861E-06
 -2.37670292336E-06
 -2.55775057667E-06
 -2.73582008958E-06
 -2.90966295324E-06
 -3.07798427457E-06
 -3.23945619130E-06
 -3.39273242389E-06
 -3.53646441908E-06
 -3.66931658391E-06
 -3.78997992811E-06
 -3.89718798033E-06
 -3.98973315896E-06
 -4.06647495765E-06
 -4.12635972680E-06
 -4.16842840423E-06
 -4.19183061240E-06
 -4.19583375333E-06
 -4.17983346779E-06
 -4.14335954702E-06
 -4.08608684666E-06
 -4.00783892474E-06
 -3.90858986066E-06
 -3.78847312277E-06
 -3.64777702089E-06
 -3.48695016328E-06
 -3.30659577230E-06
 -3.10747304866E-06
 -2.89049057756E-06
 -2.65670360022E-06
 -2.40730355472E-06
 -2.14361648432E-06
 -1.86708746241E-06
 -1.57927627242E-06
 -1.28184353798E-06
 -9.76540263764E-07
 -6.65194647809E-07
 -3.49699490698E-07
 -3.19977324637E-08
  2.85930838118E-07
  6.02084980983E-07
  9.14456677492E-07
  1.22104552247E-06
  1.51987501340E-06
  1.80900531177E-06
  2.08655023926E-06
  2.35068978327E-06
  2.59968487626E-06
  2.83189001493E-06
  3.04576678900E-06
  3.23989502249E-06
  3.41298346029E-06
  3.56388068212E-06
  3.69158374269E-06
  3.79524590244E-06
  3.87418458558E-06
  3.92788433601E-06
  3.95600454794E-06
  3.95838060285E-06
  3.93502432416E-06
  3.88612852475E-06
  3.81206064048E-06
  3.71336614080E-06
  3.59075897904E-06
  3.44512250194E-06
  3.27749876305E-06
  3.08908420266E-06
  2.88121918857E-06
  2.65537801170E-06
  2.41316161009E-06
  2.15628028855E-06
  1.88654735211E-06
  1.60585955200E-06
  1.31618924115E-06
  1.01956436538E-06
  7.18057606264E-07
  4.13767565988E-07
  1.08805942034E-07
 -1.94720428226E-07
 -4.94722542044E-07
 -7.89148884905E-07
 -1.07599635157E-06
 -1.35332845730E-06
 -1.61928755915E-06
 -1.87211026059E-06
 -2.11013957596E-06
 -2.33183686760E-06
 -2.53579491982E-06
 -2.72074498753E-06
 -2.88556930172E-06
 -3.02930652651E-06
 -3.15116017191E-06
 -3.25050200445E-06
 -3.32687932314E-06
 -3.38001177624E-06
 -3.40980022884E-06
 -3.41631925949E-06
 -3.39981943398E-06
 -3.36072389473E-06
 -3.29962335854E-06
 -3.21726838592E-06
 -3.11456665258E-06
 -2.99256930703E-06
 -2.85246551357E-06
 -2.69556994681E-06
 -2.52331119555E-06
 -2.33721925724E-06
 -2.13891189560E-06
 -1.93008236238E-06
 -1.71248268543E-06
 -1.48790945786E-06
 -1.25818905872E-06
 -1.02516139577E-06
 -7.90665296790E-07
 -5.56522479656E-07
 -3.24523398376E-07
 -9.64110995483E-08
  1.26131396883E-07
  3.41495450584E-07
  5.48159277969E-07
  7.44700287214E-07
  9.29805253236E-07
  1.10228120320E-06
  1.26106306197E-06
  1.40522183756E-06
  1.53397081704E-06
  1.64666982982E-06
  1.74282968146E-06
  1.82211374522E-06
  1.88433864423E-06
  1.92947413780E-06
  1.95764005184E-06
  1.96910400518E-06
  1.96427572519E-06
  1.94370227291E-06
  1.90805917555E-06
  1.85814428733E-06
  1.79486619345E-06
  1.71923602466E-06
  1.63235529271E-06
  1.53540372594E-06
  1.42962858263E-06
  1.31633021283E-06
  1.19684909805E-06
  1.07255368675E-06
  9.44825501392E-07
  8.15046405478E-07
  6.84585359068E-07
  5.54785287932E-07
  4.26950606425E-07
  3.02335706692E-07
  1.82132907867E-07
  6.74624587305E-08
 -4.06373352746E-08
 -1.41218791327E-07
 -2.33432686514E-07
 -3.16534709555E-07
 -3.89891312125E-07
 -4.52983698551E-07
 -5.05410980622E-07
 -5.46892351849E-07
 -5.77267655899E-07
 -5.96496875005E-07
 -6.04658055181E-07
 -6.01944861955E-07
 -5.88662601331E-07
 -5.65222592286E-07
 -5.32136652964E-07
 -4.90009654186E-07
 -4.39532101382E-07
 -3.81471181754E-07
 -3.16661584066E-07
 -2.45995636305E-07
 -1.70413187561E-07
 -9.08909356667E-08
 -8.43148306728E-09
  7.59474403367E-08
  1.61223951523E-07
  2.46382853675E-07
  3.30426246364E-07
  4.12383627690E-07
  4.91321827667E-07
  5.66354401599E-07
  6.36649929220E-07
  7.01440285411E-07
  7.60028115110E-07
  8.11792347122E-07
  8.56194390053E-07
  8.92782509254E-07
  9.21195180581E-07
  9.41163932566E-07
  9.52514824348E-07
  9.55168729888E-07
  9.49141167439E-07
  9.34541162678E-07
  9.11568292850E-07
  8.80509446688E-07
  8.41735243284E-07
  7.95694347744E-07
  7.42908241591E-07
  6.83964458403E-07
  6.19509876287E-07
  5.50242646113E-07
  4.76904801872E-07
  4.00273734158E-07
  3.21153379446E-07
  2.40365324089E-07
  1.58740547818E-07
  7.71100374664E-08
 -3.70384278803E-09
 -8.28957738008E-08
 -1.59685711765E-07
 -2.33327028809E-07
 -3.03113750988E-07
 -3.68387787830E-07
 -4.28544808528E-07
 -4.83040821564E-07
 -5.31396324277E-07
 -5.73201646148E-07
 -6.08119478329E-07
 -6.35888795841E-07
 -6.56325994441E-07
 -6.69326766456E-07
 -6.74865930250E-07
 -6.72997600759E-07
 -6.63853597871E-07
 -6.47641286378E-07
 -6.24641756986E-07
 -5.95205392528E-07
 -5.59748229989E-07
 -5.18747526712E-07
 -4.72736104484E-07
 -4.22296722036E-07
 -3.68056021216E-07
 -3.10677819471E-07
 -2.50856231787E-07
 -1.89308877907E-07
 -1.26768895825E-07
 -6.39787245404E-08
 -1.68157621161E-09
  5.93854103670E-08
  1.18497645474E-07
  1.74951793497E-07
  2.28071044717E-07
  2.77211881894E-07
  3.21770613709E-07
  3.61188597253E-07
  3.94957936578E-07
  4.22625362262E-07
  4.43797119942E-07
  4.58142011439E-07
  4.65394805360E-07
  4.65357999246E-07
  4.57903951201E-07
  4.42975846227E-07
  4.20587696226E-07
  3.90824595797E-07
  3.53841500100E-07
  3.09861775349E-07
  2.59174953499E-07
  2.02134486926E-07
  1.39153968348E-07
  7.07037344228E-08
 -2.69388933383E-09
 -8.04680837518E-08
 -1.62005832749E-07
 -2.46656753689E-07
 -3.33738540803E-07
 -4.22542996148E-07
 -5.12342410275E-07
 -6.02395346050E-07
 -6.91953346177E-07
 -7.80266191214E-07
 -8.66589857651E-07
 -9.50190894855E-07
 -1.03035358734E-06
 -1.10638563910E-06
 -1.17762283480E-06
 -1.24343659991E-06
 -1.30323610392E-06
 -1.35647485422E-06
 -1.40265478876E-06
 -1.44132900459E-06
 -1.47210698742E-06
 -1.49465574850E-06
 -1.50870266680E-06
 -1.51403844484E-06
 -1.51051733610E-06
 -1.49805805449E-06
 -1.47664502492E-06
 -1.44632781485E-06
 -1.40721931530E-06
 -1.35949630931E-06
 -1.30339640236E-06
 -1.23921688555E-06
 -1.16731098387E-06
 -1.08808546884E-06
 -1.00199758890E-06
 -9.09550294637E-07
 -8.11288487057E-07
 -7.07795095423E-07
 -5.99685279212E-07
 -4.87602733301E-07
 -3.72213435185E-07
 -2.54201182770E-07
 -1.34262293727E-07
 -1.30995196912E-08
  1.08582490554E-07
  2.30082576991E-07
  3.50709058239E-07
  4.69783685730E-07
  5.86647502132E-07
  7.00664600117E-07
  8.11227380382E-07
  9.17760303309E-07
  1.01972364064E-06
  1.11661677238E-06
  1.20798188163E-06
  1.29340594412E-06
  1.37252368404E-06
  1.44501836985E-06
  1.51062408804E-06
  1.56912676630E-06
  1.62036349138E-06
  1.66422398706E-06
  1.70064879512E-06
  1.72962927536E-06
  1.75120635504E-06
  1.76546814146E-06
  1.77254753453E-06
  1.77262154466E-06
  1.76590606316E-06
  1.75265438429E-06
  1.73315311258E-06
  1.70771875219E-06
  1.67669338680E-06
  1.64044138273E-06
  1.59934438670E-06
  1.55379791522E-06
  1.50420669343E-06
  1.45098056237E-06
  1.39452981784E-06
  1.33526202717E-06
  1.27357736801E-06
  1.20986533148E-06
  1.14450074307E-06
  1.07784046577E-06
  1.01022169474E-06
  9.41957466694E-07
  8.73335523011E-07
  8.04615865491E-07
  7.36029846848E-07
  6.67777896979E-07
  6.00030091391E-07
  5.32925071184E-07
  4.66570469371E-07
  4.01043166676E-07
  3.36390684197E-07
  2.72632036058E-07
  2.09759491554E-07
  1.47741616274E-07
  8.65244516035E-08
  2.60346713077E-08
 -3.38170309533E-08
 -9.31333374865E-08
 -1.52026373712E-07
 -2.10614516050E-07
 -2.69018670451E-07
 -3.27358407048E-07
 -3.85748307963E-07
 -4.44294499857E-07
 -5.03090575421E-07
 -5.62214722777E-07
 -6.21725973815E-07
 -6.81661674662E-07
 -7.42034103496E-07
 -8.02828139967E-07
 -8.63999957801E-07
 -9.25473784719E-07
 -9.87142129816E-07
 -1.04886373720E-06
 -1.11046358597E-06
 -1.17173294711E-06
 -1.23243023609E-06
 -1.29228067181E-06
 -1.35097945986E-06
 -1.40819247463E-06
 -1.46355898778E-06
 -1.51669507886E-06
 -1.56719602273E-06
 -1.61464038229E-06
 -1.65859398749E-06
 -1.69861391441E-06
 -1.73425439698E-06
 -1.76506921434E-06
 -1.79061908057E-06
 -1.81047550996E-06
 -1.82422672879E-06
 -1.83148165434E-06
 -1.83187682978E-06
 -1.82507994850E-06
 -1.81079542472E-06
 -1.78876950940E-06
 -1.75879415565E-06
 -1.72071054294E-06
 -1.67441396570E-06
 -1.61985724390E-06
 -1.55705129146E-06
 -1.48607034589E-06
 -1.40705196827E-06
 -1.32019795274E-06
 -1.22577682760E-06
 -1.12412101316E-06
 -1.01562886812E-06
 -9.00761165212E-07
 -7.80040522841E-07
 -6.54047767057E-07
 -5.23419714682E-07
 -3.88844682675E-07
 -2.51057855394E-07
 -1.10837163447E-07
  3.10027203909E-08
  1.73616385268E-07
  3.16133622391E-07
  4.57666288867E-07
  5.97315306550E-07
  7.34177433515E-07
  8.67353207923E-07
  9.95954110294E-07
  1.11910981104E-06
  1.23597601487E-06
  1.34574156618E-06
  1.44763532717E-06
  1.54093379479E-06
  1.62496689882E-06
  1.69912459569E-06
  1.76286232545E-06
  1.81570692348E-06
  1.85726037216E-06
  1.88720480310E-06
  1.90530499822E-06
  1.91141225514E-06
  1.90546552403E-06
  1.88749345398E-06
  1.85761405191E-06
  1.81603559213E-06
  1.76305479727E-06
  1.69905581515E-06
  1.62450680818E-06
  1.53995813434E-06
  1.44603734498E-06
  1.34344463731E-06
  1.23294876175E-06
  1.11537974590E-06
  9.91623437585E-07
  8.62614797370E-07
  7.29329826754E-07
  5.92778803821E-07
  4.53998012517E-07
  3.14041272986E-07
  1.73972196649E-07
  3.48552120499E-08
 -1.02252457168E-07
 -2.36309446677E-07
 -3.66298309018E-07
 -4.91233777211E-07
 -6.10170445725E-07
 -7.22210302229E-07
 -8.26509676699E-07
 -9.22286119476E-07
 -1.00882425613E-06
 -1.08548169919E-06
 -1.15169325454E-06
 -1.20697654893E-06
 -1.25093424685E-06
 -1.28325814330E-06
 -1.30373075535E-06
 -1.31222702748E-06
 -1.30871490001E-06
 -1.29325599119E-06
 -1.26600377826E-06
 -1.22720280160E-06
 -1.17718661841E-06
 -1.11637473310E-06
 -1.04526861833E-06
 -9.64448645391E-07
 -8.74567888332E-07
 -7.76348258569E-07
 -6.70573626849E-07
 -5.58084195745E-07
 -4.39769877403E-07
 -3.16562591252E-07
 -1.89429883335E-07
 -5.93670321791E-08
  7.26105398030E-08
  2.05474933068E-07
  3.38193615335E-07
  4.69737273079E-07
  5.99087115916E-07
  7.25242671251E-07
  8.47228932344E-07
  9.64103605838E-07
  1.07496384771E-06
  1.17895206131E-06
  1.27526323013E-06
  1.36314861265E-06
  1.44192244989E-06
  1.51096594436E-06
  1.56973112553E-06
  1.61774437402E-06
  1.65460949120E-06
  1.68001020029E-06
  1.69371139691E-06
  1.69556028595E-06
  1.68548763213E-06
  1.66350650943E-06
  1.62971264217E-06
  1.58428247232E-06
  1.52747179527E-06
  1.45961291764E-06
  1.38111261094E-06
  1.29244790514E-06
  1.19416256439E-06
  1.08686322164E-06
  9.71213921730E-07
  8.47932426495E-07
  7.17783677828E-07
  5.81575363867E-07
  4.40151183057E-07
  2.94385614552E-07
  1.45177708077E-07
 -6.55521503745E-09
 -1.59883711603E-07
 -3.13872334345E-07
 -4.67585834940E-07
 -6.20095306658E-07
 -7.70484234636E-07
 -9.17853924420E-07
 -1.06132984001E-06
 -1.20006609450E-06
 -1.33325158913E-06
 -1.46011382185E-06
 -1.57992428740E-06
 -1.69200222899E-06
 -1.79571884473E-06
 -1.89049956134E-06
 -1.97582949113E-06
 -2.05125297725E-06
 -2.11637780012E-06
 -2.17087767851E-06
 -2.21449090532E-06
 -2.24702353080E-06
 -2.26834868045E-06
 -2.27840678235E-06
 -2.27720624935E-06
 -2.26482075050E-06
 -2.24138898375E-06
 -2.20711422116E-06
 -2.16225907934E-06
 -2.10714597415E-06
 -2.04215393751E-06
 -1.96771475203E-06
 -1.88430988146E-06
 -1.79246751486E-06
 -1.69275779172E-06
 -1.58578939136E-06
 -1.47220475810E-06
 -1.35267680434E-06
 -1.22790311252E-06
 -1.09860184239E-06
 -9.65507638284E-07
 -8.29365490063E-07
 -6.90928004587E-07
 -5.50949096123E-07
 -4.10180120980E-07
 -2.69365187933E-07
 -1.29237136548E-07
  9.48741174511E-09
  1.46111432286E-07
  2.79961881233E-07
  4.10392885897E-07
  5.36789798389E-07
  6.58571764234E-07
  7.75194905600E-07
  8.86155191893E-07
  9.90990315586E-07
  1.08928168174E-06
  1.18065656807E-06
  1.26478937545E-06
  1.34140248065E-06
  1.41026680467E-06
  1.47120283600E-06
  1.52408028953E-06
  1.56881799285E-06
  1.60538309046E-06
  1.63379093010E-06
  1.65410347108E-06
  1.66642723798E-06
  1.67091320691E-06
  1.66775384969E-06
  1.65718142853E-06
  1.63946504017E-06
  1.61490959272E-06
  1.58385194027E-06
  1.54665758600E-06
  1.50371977270E-06
  1.45545482155E-06
  1.40229974477E-06
  1.34470860758E-06
  1.28314991343E-06
  1.21810330711E-06
  1.15005616408E-06
  1.07950017991E-06
  1.00693000604E-06
  9.32837508572E-07
  8.57710745095E-07
  7.82030838309E-07
  7.06268963313E-07
  6.30883448594E-07
  5.56318298095E-07
  4.82999439555E-07
  4.11334127648E-07
  3.41707618645E-07
  2.74482289342E-07
  2.09995320688E-07
  1.48557802504E-07
  9.04527936996E-08
  3.59347289702E-08
 -1.47714747101E-08
 -6.14718516090E-08
 -1.04002957357E-07
 -1.42232963185E-07
 -1.76061746515E-07
 -2.05420789712E-07
 -2.30273073498E-07
 -2.50612913533E-07
 -2.66465519871E-07
 -2.77886272215E-07
 -2.84960236741E-07
 -2.87801071863E-07
 -2.86550175588E-07
 -2.81375605482E-07
 -2.72470657592E-07
 -2.60052843259E-07
 -2.44362183821E-07
 -2.25659832154E-07
 -2.04226324740E-07
 -1.80359990054E-07
 -1.54375115358E-07
 -1.26599985606E-07
 -9.73750857725E-08
 -6.70509479050E-08
 -3.59862006860E-08
 -4.54549198281E-09
  2.69028443967E-08
  5.79885863772E-08
  8.83425670395E-08
  1.17598162319E-07
  1.45393940443E-07
  1.71376058233E-07
  1.95199959308E-07
  2.16533564412E-07
  2.35058521980E-07
  2.50473163987E-07
  2.62494324943E-07
  2.70859402463E-07
  2.75328915222E-07
  2.75687455087E-07
  2.71746813496E-07
  2.63346919382E-07
  2.50357601317E-07
  2.32680363865E-07
  2.10249552879E-07
  1.83033520784E-07
  1.51035763452E-07
  1.14295737319E-07
  7.28893780888E-08
  2.69295483690E-08
 -2.34337722560E-08
 -7.80135849254E-08
 -1.36586223221E-07
 -1.98891882519E-07
 -2.64635588110E-07
 -3.33488060278E-07
 -4.05087519084E-07
 -4.79040977552E-07
 -5.54926430141E-07
 -6.32294927527E-07
 -7.10673077720E-07
 -7.89565831383E-07
 -8.68459324010E-07
 -9.46824172843E-07
 -1.02411911485E-06
 -1.09979384888E-06
 -1.17329375371E-06
 -1.24406312807E-06
 -1.31154911287E-06
 -1.37520714816E-06
 -1.43450267842E-06
 -1.48891797380E-06
 -1.53795451752E-06
 -1.58113800808E-06
 -1.61802256571E-06
 -1.64819368820E-06
 -1.67127313944E-06
 -1.68692270108E-06
 -1.69484587786E-06
 -1.69479380929E-06
 -1.68656561073E-06
 -1.67001257978E-06
 -1.64503921951E-06
 -1.61160687639E-06
 -1.56973248977E-06
 -1.51949245719E-06
 -1.46102161125E-06
 -1.39451310588E-06
 -1.32021932586E-06
 -1.23845052258E-06
 -1.14957242658E-06
 -1.05400692973E-06
 -9.52227253492E-07
 -8.44757039431E-07
 -7.32166540729E-07
 -6.15069097876E-07
 -4.94117102789E-07
 -3.69997934513E-07
 -2.43429013835E-07
 -1.15152886337E-07
  1.40680178617E-08
  1.43457057789E-07
  2.72228874110E-07
  3.99595478484E-07
  5.24772019617E-07
  6.46982812214E-07
  7.65467348174E-07
  8.79486378835E-07
  9.88327542473E-07
  1.09131087811E-06
  1.18779485092E-06
  1.27718112708E-06
  1.35891934860E-06
  1.43251202189E-06
  1.49751838308E-06
  1.55355837705E-06
  1.60031572705E-06
  1.63754077676E-06
  1.66505219568E-06
  1.68273959389E-06
  1.69056363575E-06
  1.68855751781E-06
  1.67682617302E-06
  1.65554513387E-06
  1.62496087341E-06
  1.58538739470E-06
  1.53720498020E-06
  1.48085632645E-06
  1.41684313348E-06
  1.34572303523E-06
  1.26810436996E-06
  1.18464140542E-06
  1.09602933662E-06
  1.00299860151E-06
  9.06308798676E-07
  8.06742946224E-07
  7.05101115273E-07
  6.02194006660E-07
  4.98836186580E-07
  3.95840004330E-07
  2.94008884794E-07
  1.94130933551E-07
  9.69730606926E-08
  3.27449023452E-09
 -8.62587583583E-08
 -1.70959239654E-07
 -2.50203356700E-07
 -3.23415861203E-07
 -3.90074490042E-07
 -4.49713496664E-07
 -5.01927104324E-07
 -5.46371950350E-07
 -5.82770212532E-07
 -6.10910490195E-07
 -6.30649253708E-07
 -6.41911412913E-07
 -6.44690544505E-07
 -6.39047982531E-07
 -6.25111738373E-07
 -6.03075477557E-07
 -5.73195507059E-07
 -5.35788444722E-07
 -4.91228490773E-07
 -4.39943249830E-07
 -3.82410462407E-07
 -3.19153031114E-07
 -2.50734956353E-07
 -1.77756049879E-07
 -1.00847117324E-07
 -2.06644426015E-08
  6.21152906888E-08
  1.46801028222E-07
  2.32692329405E-07
  3.19085359024E-07
  4.05277972959E-07
  4.90575303047E-07
  5.74295086153E-07
  6.55772282698E-07
  7.34364220989E-07
  8.09455229955E-07
  8.80460504504E-07
  9.46830368775E-07
  1.00805368675E-06
  1.06366121599E-06
  1.11322810881E-06
  1.15637692488E-06
  1.19277922295E-06
  1.22215703868E-06
  1.24428424897E-06
  1.25898748138E-06
  1.26614634155E-06
  1.26569329950E-06
  1.25761300751E-06
  1.24194184536E-06
  1.21876689718E-06
  1.18822367767E-06
  1.15049488159E-06
  1.10580822366E-06
  1.05443371012E-06
  9.96680910248E-07
  9.32896739414E-07
  8.63461934841E-07
  7.88787758665E-07
  7.09312928393E-07
  6.25499922080E-07
  5.37831965630E-07
  4.46809025334E-07
  3.52944766746E-07
  2.56762405115E-07
  1.58791877425E-07
  5.95660019087E-08
 -4.03824387263E-08
 -1.40524335279E-07
 -2.40337072910E-07
 -3.39307433705E-07
 -4.36934470827E-07
 -5.32732201464E-07
 -6.26232065315E-07
 -7.16984686733E-07
 -8.04562660051E-07
 -8.88562055934E-07
 -9.68604240370E-07
 -1.04433684101E-06
 -1.11543590720E-06
 -1.18160619422E-06
 -1.24258247070E-06
 -1.29813031435E-06
 -1.34804656682E-06
 -1.39215899253E-06
 -1.43032775668E-06
 -1.46244428834E-06
 -1.48843184888E-06
 -1.50824507728E-06
 -1.52186930791E-06
 -1.52932068431E-06
 -1.53064434016E-06
 -1.52591530878E-06
 -1.51523590830E-06
 -1.49873608279E-06
 -1.47657158323E-06
 -1.44892294429E-06
 -1.41599446124E-06
 -1.37801282563E-06
 -1.33522576107E-06
 -1.28790043163E-06
 -1.23632219129E-06
 -1.18079253753E-06
 -1.12162842925E-06
 -1.05915944459E-06
 -9.93727326204E-07
 -9.25683366404E-07
 -8.55387327192E-07
 -7.83204768595E-07
 -7.09506196017E-07
 -6.34664786503E-07
 -5.59054512905E-07
 -4.83048324895E-07
 -4.07016528925E-07
 -3.31324685021E-07
 -2.56331958326E-07
 -1.82389001679E-07
 -1.09836669537E-07
 -3.90039218701E-08
  2.97940090377E-08
  9.62568407203E-08
  1.60101151891E-07
  2.21061725370E-07
  2.78893168115E-07
  3.33371104944E-07
  3.84293286970E-07
  4.31481055330E-07
  4.74780108561E-07
  5.14061184731E-07
  5.49221283563E-07
  5.80183666443E-07
  6.06898595379E-07
  6.29343446690E-07
  6.47523052066E-07
  6.61469073293E-07
  6.71240115935E-07
  6.76921104059E-07
  6.78622768646E-07
  6.76480283346E-07
  6.70653207635E-07
  6.61323269924E-07
  6.48693742278E-07
  6.32987280369E-07
  6.14444843450E-07
  5.93323591147E-07
  5.69894552882E-07
  5.44441263628E-07
  5.17257149113E-07
  4.88642854179E-07
  4.58904906964E-07
  4.28352365134E-07
  3.97294769527E-07
  3.66039699884E-07
  3.34890273734E-07
  3.04142531604E-07
  2.74083532759E-07
  2.44988399345E-07
  2.17118738988E-07
  1.90720044202E-07
  1.66019944459E-07
  1.43226316140E-07
  1.22525676716E-07
  1.04081486541E-07
  8.80330830455E-08
  7.44943022823E-08
  6.35531023363E-08
  5.52704406687E-08
  4.96799259508E-08
  4.67877683263E-08
  4.65730032317E-08
  4.89876086363E-08
  5.39569846580E-08
  6.13810300365E-08
  7.11349059657E-08
  8.30704252053E-08
  9.70175690895E-08
  1.12786146644E-07
  1.30167421730E-07
  1.48936521782E-07
  1.68854384697E-07
  1.89670075201E-07
  2.11123378335E-07
  2.32946945289E-07
  2.54869206628E-07
  2.76617015516E-07
  2.97917893022E-07
  3.18503055041E-07
  3.38109629183E-07
  3.56483667474E-07
  3.73381936924E-07
  3.88574875387E-07
  4.01848438969E-07
  4.13006119970E-07
  4.21871163780E-07
  4.28287933119E-07
  4.32123357541E-07
  4.33268724009E-07
  4.31640046372E-07
  4.27179287499E-07
  4.19854728761E-07
  4.09661538470E-07
  3.96621516074E-07
  3.80782523735E-07
  3.62219310546E-07
  3.41031039852E-07
  3.17341886102E-07
  2.91298732691E-07
  2.63070404571E-07
  2.32845636106E-07
  2.00831408392E-07
  1.67251229755E-07
  1.32342137249E-07
  9.63535740084E-08
  5.95440781126E-08
  2.21789164812E-08
 -1.54718957646E-08
 -5.31369011014E-08
 -9.05453845235E-08
 -1.27429998997E-07
 -1.63529492170E-07
 -1.98591109779E-07
 -2.32372954656E-07
 -2.64646388359E-07
 -2.95198020694E-07
 -3.23832011873E-07
 -3.50371635705E-07
 -3.74661112801E-07
 -3.96566917971E-07
 -4.15979116042E-07
 -4.32812242934E-07
 -4.47006186732E-07
 -4.58526528746E-07
 -4.67364998258E-07
 -4.73539273571E-07
 -4.77092612527E-07
 -4.78093681977E-07
 -4.76635534596E-07
 -4.72834614129E-07
 -4.66829447987E-07
 -4.58779368273E-07
 -4.48862664371E-07
 -4.37274820797E-07
 -4.24226328732E-07
 -4.09940781765E-07
 -3.94652005298E-07
 -3.78602265982E-07
 -3.62039259016E-07
 -3.45213948094E-07
 -3.28377495862E-07
 -3.11778791229E-07
 -2.95662061944E-07
 -2.80263918739E-07
 -2.65811024747E-07
 -2.52517821764E-07
 -2.40583659661E-07
 -2.30191332662E-07
 -2.21504450337E-07
 -2.14665860199E-07
 -2.09795871342E-07
 -2.06990975471E-07
 -2.06322340546E-07
 -2.07835029187E-07
 -2.11547188655E-07
 -2.17449553475E-07
 -2.25505175422E-07
 -2.35649636693E-07
 -2.47791120955E-07
 -2.61811209157E-07
 -2.77565561646E-07
 -2.94885154517E-07
 -3.13577487532E-07
 -3.33428204158E-07
 -3.54203081088E-07
 -3.75649790385E-07
 -3.97500258487E-07
 -4.19472996782E-07
 -4.41275773255E-07
 -4.62608085172E-07
 -4.83164001253E-07
 -5.02635259636E-07
 -5.20713854257E-07
 -5.37095218078E-07
 -5.51481150524E-07
 -5.63582602808E-07
 -5.73122918013E-07
 -5.79840445880E-07
 -5.83490987083E-07
 -5.83851203828E-07
 -5.80720211474E-07
 -5.73922420699E-07
 -5.63309299650E-07
 -5.48761590835E-07
 -5.30190845893E-07
 -5.07540676153E-07
 -4.80788003188E-07
 -4.49943939884E-07
 -4.15054387304E-07
 -3.76200432584E-07
 -3.33498064720E-07
 -2.87098032459E-07
 -2.37185375340E-07
 -1.83978215773E-07
 -1.27726806909E-07
 -6.87118344445E-08
 -7.24286364218E-09
  5.63438824486E-08
  1.21687790511E-07
  1.88406147572E-07
  2.56097280271E-07
  3.24343204738E-07
  3.92712593111E-07
  4.60764567833E-07
  5.28051657511E-07
  5.94123150677E-07
  6.58529131670E-07
  7.20823720712E-07
  7.80568598202E-07
  8.37336813220E-07
  8.90716364665E-07
  9.40313157116E-07
  9.85755150396E-07
  1.02669469015E-06
  1.06281208900E-06
  1.09381858238E-06
  1.11945826120E-06
  1.13951148251E-06
  1.15379623367E-06
  1.16217017876E-06
  1.16453236387E-06
  1.16082401291E-06
  1.15103068765E-06
  1.13518126454E-06
  1.11334895792E-06
  1.08565143364E-06
  1.05225001334E-06
  1.01334842384E-06
  9.69192683442E-07
  9.20068941923E-07
  8.66301434144E-07
  8.08250774753E-07
  7.46311343391E-07
  6.80908044615E-07
  6.12494147845E-07
  5.41547251487E-07
  4.68566128120E-07
  3.94067001253E-07
  3.18579225222E-07
  2.42641789328E-07
  1.66799267731E-07
  9.15963838111E-08
  1.75756298404E-08
 -5.47284528807E-08
 -1.24793160694E-07
 -1.92111983210E-07
 -2.56197580484E-07
 -3.16588256055E-07
 -3.72848802499E-07
 -4.24576199975E-07
 -4.71403069469E-07
 -5.12999008606E-07
 -5.49075764411E-07
 -5.79388142796E-07
 -6.03737419169E-07
 -6.21972276349E-07
 -6.33991362520E-07
 -6.39743575448E-07
 -6.39229313038E-07
 -6.32500700704E-07
 -6.19662102963E-07
 -6.00868077072E-07
 -5.76324509893E-07
 -5.46285832570E-07
 -5.11053940500E-07
 -4.70976061706E-07
 -4.26441914669E-07
 -3.77881406166E-07
 -3.25760765918E-07
 -2.70579477046E-07
 -2.12866183347E-07
 -1.53174568140E-07
 -9.20790554915E-08
 -3.01702058891E-08
  3.19502824198E-08
  9.36742594604E-08
  1.54392097329E-07
  2.13498040580E-07
  2.70395162261E-07
  3.24500291526E-07
  3.75249811668E-07
  4.22103425990E-07
  4.64550026891E-07
  5.02111674905E-07
  5.34348203018E-07
  5.60861963095E-07
  5.81299957503E-07
  5.95359438194E-07
  6.02790123594E-07
  6.03396529186E-07
  5.97040582306E-07
  5.83644293783E-07
  5.63190496905E-07
  5.35723188477E-07
  5.01349347815E-07
  4.60238140931E-07
  4.12620096313E-07
  3.58786422794E-07
  2.99087304256E-07
  2.33929753790E-07
  1.63775041528E-07
  8.91355824706E-08
  1.05712842924E-08
 -7.13142327413E-08
 -1.55878325359E-07
 -2.42443746856E-07
 -3.30304402496E-07
 -4.18730110141E-07
 -5.06972810399E-07
 -5.94272307808E-07
 -6.79862694142E-07
 -7.62978061175E-07
 -8.42859549266E-07
 -9.18761202229E-07
 -9.89956674857E-07
 -1.05574554254E-06
 -1.11545875825E-06
 -1.16846615583E-06
 -1.21418054277E-06
 -1.25206440771E-06
 -1.28163515001E-06
 -1.30246780827E-06
 -1.31420279104E-06
 -1.31654701363E-06
 -1.30927855935E-06
 -1.29224883949E-06
 -1.26538645873E-06
 -1.22869641928E-06
 -1.18226319046E-06
 -1.12625116344E-06
 -1.06090271856E-06
 -9.86539248515E-07
 -9.03558486698E-07
 -8.12433199826E-07
 -7.13707606792E-07
 -6.07994365964E-07
 -4.95970596148E-07
 -3.78373101739E-07
 -2.55993029441E-07
 -1.29670638671E-07
 -2.88873092114E-10
  1.31233306888E-07
  2.63947669055E-07
  3.96884217935E-07
  5.29058524990E-07
  6.59479610476E-07
  7.87157887316E-07
  9.11113090751E-07
  1.03038235011E-06
  1.14402780582E-06
  1.25114513594E-06
  1.35087043418E-06
  1.44238799749E-06
  1.52493737460E-06
  1.59781950515E-06
  1.66040433669E-06
  1.71213469002E-06
  1.75253308043E-06
  1.78120478722E-06
  1.79784342436E-06
  1.80223264579E-06
  1.79424932867E-06
  1.77386550604E-06
  1.74114904894E-06
  1.69626366642E-06
  1.63946845078E-06
  1.57111674071E-06
  1.49165362018E-06
  1.40161239415E-06
  1.30161197376E-06
  1.19235141938E-06
  1.07460471099E-06
  9.49215461787E-07
  8.17090040073E-07
  6.79190520714E-07
  5.36526954420E-07
  3.90149352825E-07
  2.41139616719E-07
  9.06022847857E-08
 -6.03441918656E-08
 -2.10576629911E-07
 -3.58976308235E-07
 -5.04438276039E-07
 -6.45880447792E-07
 -7.82252641329E-07
 -9.12545488063E-07
 -1.03579827737E-06
 -1.15110776733E-06
 -1.25763506276E-06
 -1.35461334594E-06
 -1.44135356095E-06
 -1.51725089381E-06
 -1.58178909260E-06
 -1.63454558333E-06
 -1.67519431216E-06
 -1.70350801909E-06
 -1.71936164861E-06
 -1.72273166754E-06
 -1.71369595137E-06
 -1.69243469372E-06
 -1.65922631368E-06
 -1.61444643254E-06
 -1.55856389483E-06
 -1.49213610712E-06
 -1.41580380841E-06
 -1.33028640903E-06
 -1.23637323668E-06
 -1.13491876164E-06
 -1.02683327441E-06
 -9.13074757136E-07
 -7.94640868662E-07
 -6.72559508530E-07
 -5.47879551505E-07
 -4.21661724204E-07
 -2.94968657499E-07
 -1.68855734728E-07
 -4.43616237078E-08
  7.75009922904E-08
  1.95754253696E-07
  3.09463928261E-07
  4.17747088477E-07
  5.19780314789E-07
  6.14806197063E-07
  7.02140255271E-07
  7.81176026976E-07
  8.51390439038E-07
  9.12347786652E-07
  9.63702859735E-07
  1.00520344404E-06
  1.03669174223E-06
  1.05810511286E-06
  1.06947538825E-06
  1.07092785129E-06
  1.06267896172E-06
  1.04503374132E-06
  1.01838134015E-06
  9.83190716397E-07
  9.40005236316E-07
  8.89436364560E-07
  8.32157297737E-07
  7.68895347392E-07
  7.00424322986E-07
  6.27556460131E-07
  5.51133666704E-07
  4.72018854225E-07
  3.91087297658E-07
  3.09217341510E-07
  2.27281574894E-07
  1.46138191326E-07
  6.66221708912E-08
 -1.04629052089E-08
 -8.43527985239E-08
 -1.54330066948E-07
 -2.19731077777E-07
 -2.79952161009E-07
 -3.34455506845E-07
 -3.82773862384E-07
 -4.24515036457E-07
 -4.59364997596E-07
 -4.87090517254E-07
 -5.07540846684E-07
 -5.20648598012E-07
 -5.26429573711E-07
 -5.24981487615E-07
 -5.16483055435E-07
 -5.01190356772E-07
 -4.79433765577E-07
 -4.51613829000E-07
 -4.18196151486E-07
 -3.79705767273E-07
 -3.36720887617E-07
 -2.89866108005E-07
 -2.39805302726E-07
 -1.87233766269E-07
 -1.32870397351E-07
 -7.74495703126E-08
 -2.17127027469E-08
  3.35999601475E-08
  8.77577122083E-08
  1.40047532682E-07
  1.89782070947E-07
  2.36307272417E-07
  2.79009555015E-07
  3.17322786714E-07
  3.50734381982E-07
  3.78791128242E-07
  4.01104188086E-07
  4.17353220428E-07
  4.27290217431E-07
  4.30742090884E-07
  4.27612462772E-07
  4.17883342152E-07
  4.01614528300E-07
  3.78943951773E-07
  3.50085656464E-07
  3.15327525868E-07
  2.75028554597E-07
  2.29614542491E-07
  1.79574143999E-07
  1.25453155420E-07
  6.78488021322E-08
  7.40339256566E-09
 -5.52028041056E-08
 -1.19258430686E-07
 -1.84029190109E-07
 -2.48765701372E-07
 -3.12711080142E-07
 -3.75109607376E-07
 -4.35215071093E-07
 -4.92298227073E-07
 -5.45655097994E-07
 -5.94614505189E-07
 -6.38545884613E-07
 -6.76865283822E-07
 -7.09042581093E-07
 -7.34607112918E-07
 -7.53152789912E-07
 -7.64342871662E-07
 -7.67913661548E-07
 -7.63678031035E-07
 -7.51527295506E-07
 -7.31433090095E-07
 -7.03447881278E-07
 -6.67704796342E-07
 -6.24416941264E-07
 -5.73875297505E-07
 -5.16446220900E-07
 -4.52568457376E-07
 -3.82748453376E-07
 -3.07556035750E-07
 -2.27618457416E-07
 -1.43615210391E-07
 -5.62706574669E-08
  3.36524941247E-08
  1.25360799075E-07
  2.18037698119E-07
  3.10851504537E-07
  4.02963308943E-07
  4.93535253554E-07
  5.81739072913E-07
  6.66763014578E-07
  7.47821331970E-07
  8.24160110824E-07
  8.95066079920E-07
  9.59872636486E-07
  1.01796626950E-06
  1.06879269879E-06
  1.11186227514E-06
  1.14675435725E-06
  1.17312094972E-06
  1.19069090943E-06
  1.19927130982E-06
  1.19874994198E-06
  1.18909611047E-06
  1.17036051961E-06
  1.14267493245E-06
  1.10625035177E-06
  1.06137542843E-06
  1.00841305084E-06
  9.47797104800E-07
  8.80027641870E-07
  8.05667070836E-07
  7.25333677565E-07
  6.39695940663E-07
  5.49466676603E-07
  4.55395564813E-07
  3.58262582267E-07
  2.58870556991E-07
  1.58037565257E-07
  5.65895064142E-08
 -4.46475070248E-08
 -1.44854581663E-07
 -2.43227702867E-07
 -3.38984449400E-07
 -4.31371574905E-07
 -5.19671004895E-07
 -6.03206274263E-07
 -6.81348524267E-07
 -7.53521305796E-07
 -8.19205411062E-07
 -8.77943591604E-07
 -9.29343229927E-07
 -9.73079409050E-07
 -1.00889803889E-06
 -1.03661591311E-06
 -1.05612264178E-06
 -1.06738082195E-06
 -1.07042433228E-06
 -1.06535901523E-06
 -1.05235949377E-06
 -1.03166689769E-06
 -1.00358658983E-06
 -9.68483959696E-07
 -9.26780273858E-07
 -8.78948640093E-07
 -8.25509005153E-07
 -7.67022072523E-07
 -7.04084811787E-07
 -6.37323694264E-07
 -5.67389349726E-07
 -4.94949574659E-07
 -4.20683903712E-07
 -3.45276959024E-07
 -2.69412169018E-07
 -1.93765785639E-07
 -1.19000993948E-07
 -4.57621460725E-08
  2.53308023446E-08
  9.36872979196E-08
  1.58751063850E-07
  2.20004480411E-07
  2.76972599522E-07
  3.29226594431E-07
  3.76386850576E-07
  4.18125694068E-07
  4.54169025943E-07
  4.84298254833E-07
  5.08350922246E-07
  5.26221867858E-07
  5.37861922112E-07
  5.43278986243E-07
  5.42535474324E-07
  5.35747915364E-07
  5.23084452198E-07
  5.04762567743E-07
  4.81046583900E-07
  4.52244165672E-07
  4.18703109517E-07
  3.80807819056E-07
  3.38974984970E-07
  2.93649861760E-07
  2.45301578161E-07
  1.94419044419E-07
  1.41506433238E-07
  8.70784973017E-08
  3.16562989155E-08
 -2.42373410231E-08
 -8.00821950975E-08
 -1.35364814469E-07
 -1.89582578969E-07
 -2.42247665483E-07
 -2.92890604214E-07
 -3.41063724818E-07
 -3.86344368053E-07
 -4.28337671110E-07
 -4.66679068722E-07
 -5.01036822698E-07
 -5.31113585112E-07
 -5.56648274141E-07
 -5.77417267777E-07
 -5.93235085944E-07
 -6.03955413681E-07
 -6.09471214830E-07
 -6.09714504662E-07
 -6.04656293035E-07
 -5.94305959112E-07
 -5.78710000809E-07
 -5.57951580049E-07
 -5.32148305865E-07
 -5.01451438595E-07
 -4.66043530878E-07
 -4.26136892884E-07
 -3.81971119623E-07
 -3.33811271958E-07
 -2.81945233382E-07
 -2.26681621029E-07
 -1.68347014551E-07
 -1.07283796069E-07
 -4.38475140641E-08
  2.15955981986E-08
  8.86709869974E-08
  1.56998197554E-07
  2.26193265007E-07
  2.95870904665E-07
  3.65646627642E-07
  4.35138872490E-07
  5.03971079979E-07
  5.71773284719E-07
  6.38184019408E-07
  7.02851593815E-07
  7.65436027450E-07
  8.25610072752E-07
  8.83060465640E-07
  9.37488778163E-07
  9.88612896435E-07
  1.03616719116E-06
  1.07990376819E-06
  1.11959241167E-06
  1.15502155040E-06
  1.18599916732E-06
  1.21235154893E-06
  1.23392464957E-06
  1.25058477352E-06
  1.26221675600E-06
  1.26872600958E-06
  1.27003693251E-06
  1.26609393192E-06
  1.25686051433E-06
  1.24231996779E-06
  1.22247411127E-06
  1.19734443160E-06
  1.16697094654E-06
  1.13141175007E-06
  1.09074437660E-06
  1.04506341359E-06
  9.94482093120E-07
  9.39131382438E-07
  8.79159017586E-07
  8.14730583443E-07
  7.46028320009E-07
  6.73251065564E-07
  5.96614256665E-07
  5.16349018653E-07
  4.32702393027E-07
  3.45936427948E-07
  2.56328036130E-07
  1.64168426409E-07
  6.97627768886E-08
 -2.65708024472E-08
 -1.24501639220E-07
 -2.23687266043E-07
 -3.23774287381E-07
 -4.24399189569E-07
 -5.25189193468E-07
 -6.25764073447E-07
 -7.25736128970E-07
 -8.24712060421E-07
 -9.22294645989E-07
 -1.01808302588E-06
 -1.11167548766E-06
 -1.20267054626E-06
 -1.29066756926E-06
 -1.37527069910E-06
 -1.45608873936E-06
 -1.53273731485E-06
 -1.60484182743E-06
 -1.67203893398E-06
 -1.73397711478E-06
 -1.79032076630E-06
 -1.84075145171E-06
 -1.88496881037E-06
 -1.92269476429E-06
 -1.95367283595E-06
 -1.97767235477E-06
 -1.99448868443E-06
 -2.00394583771E-06
 -2.00589761334E-06
 -2.00022986974E-06
 -1.98686052499E-06
 -1.96574228539E-06
 -1.93686332750E-06
 -1.90024707081E-06
 -1.85595467883E-06
 -1.80408449069E-06
 -1.74477281689E-06
 -1.67819325725E-06
 -1.60455783771E-06
 -1.52411530507E-06
 -1.43715215017E-06
 -1.34398965201E-06
 -1.24498490095E-06
 -1.14052852496E-06
 -1.03104218852E-06
 -9.16978876830E-07
 -7.98819201009E-07
 -6.77069806443E-07
 -5.52260814857E-07
 -4.24942982136E-07
 -2.95685197216E-07
 -1.65071213587E-07
 -3.36964589565E-08
  9.78351692993E-08
  2.28914728950E-07
  3.58931799838E-07
  4.87278043693E-07
  6.13350835010E-07
  7.36556728498E-07
  8.56315466535E-07
  9.72062935034E-07
  1.08325559722E-06
  1.18937327898E-06
  1.28992201098E-06
  1.38443886044E-06
  1.47249306792E-06
  1.55369002641E-06
  1.62767378242E-06
  1.69412862761E-06
  1.75278194092E-06
  1.80340612133E-06
  1.84581938356E-06
  1.87988746347E-06
  1.90552486856E-06
  1.92269408217E-06
  1.93140749616E-06
  1.93172581930E-06
  1.92375864572E-06
  1.90766331798E-06
  1.88364333553E-06
  1.85194721780E-06
  1.81286645784E-06
  1.76673370333E-06
  1.71392014181E-06
  1.65483277215E-06
  1.58991099397E-06
  1.51962410655E-06
  1.44446744343E-06
  1.36495873448E-06
  1.28163412683E-06
  1.19504522900E-06
  1.10575354029E-06
  1.01432749489E-06
  9.21338425997E-07
  8.27355563615E-07
  7.32943021831E-07
  6.38654626073E-07
  5.45031355159E-07
  4.52596680134E-07
  3.61853295772E-07
  2.73279624707E-07
  1.87326790524E-07
  1.04415768476E-07
  2.49345717407E-08
 -5.07637309966E-08
 -1.22363417177E-07
 -1.89587467503E-07
 -2.52198759654E-07
 -3.10001553316E-07
 -3.62841348078E-07
 -4.10605792922E-07
 -4.53224146213E-07
 -4.90666764108E-07
 -5.22944390013E-07
 -5.50106847186E-07
 -5.72241674490E-07
 -5.89472051615E-07
 -6.01954809554E-07
 -6.09877986335E-07
 -6.13458269072E-07
 -6.12938094946E-07
 -6.08582467976E-07
 -6.00676173690E-07
 -5.89520197991E-07
 -5.75427975491E-07
 -5.58723115773E-07
 -5.39734742233E-07
 -5.18794479376E-07
 -4.96233553804E-07
 -4.72378957284E-07
 -4.47550405624E-07
 -4.22057610194E-07
 -3.96197151531E-07
 -3.70250262449E-07
 -3.44480071135E-07
 -3.19129753734E-07
 -2.94420715363E-07
 -2.70550884807E-07
 -2.47693805022E-07
 -2.25997354164E-07
 -2.05583532420E-07
 -1.86547964631E-07
 -1.68960056612E-07
 -1.52863350422E-07
 -1.38276263328E-07
 -1.25192897826E-07
 -1.13584867734E-07
 -1.03401724516E-07
 -9.45741049918E-08
 -8.70142571330E-08
 -8.06197988368E-08
 -7.52743645194E-08
 -7.08516409986E-08
 -6.72165612059E-08
 -6.42288213726E-08
 -6.17449416040E-08
 -5.96216551685E-08
 -5.77175498506E-08
 -5.58962369723E-08
 -5.40286464457E-08
 -5.19952045863E-08
 -4.96880971923E-08
 -4.70129783992E-08
 -4.38910063849E-08
 -4.02599873439E-08
 -3.60759777607E-08
 -3.13136716557E-08
 -2.59678341052E-08
 -2.00529370886E-08
 -1.36035946952E-08
 -6.67436372837E-09
  6.61031285265E-10
  8.31019963954E-09
  1.61635149709E-08
  2.40952822139E-08
  3.19654631653E-08
  3.96215540377E-08
  4.69006273818E-08
  5.36316058231E-08
  5.96377773832E-08
  6.47392326414E-08
  6.87556038770E-08
  7.15087580261E-08
  7.28255571403E-08
  7.25405868707E-08
  7.04988707412E-08
  6.65584494186E-08
  6.05930168263E-08
  5.24942080915E-08
  4.21737418321E-08
  2.95655411264E-08
  1.46274397039E-08
 -2.65739164007E-09
 -2.22790337290E-08
 -4.42000711587E-08
 -6.83548861957E-08
 -9.46494296272E-08
 -1.22961182569E-07
 -1.53139609438E-07
 -1.85006896913E-07
 -2.18358920279E-07
 -2.52966685821E-07
 -2.88578206664E-07
 -3.24920108596E-07
 -3.61700216445E-07
 -3.98610069396E-07
 -4.35327649484E-07
 -4.71520337442E-07
 -5.06848152781E-07
 -5.40966709650E-07
 -5.73531337977E-07
 -6.04199954068E-07
 -6.32636556475E-07
 -6.58515034502E-07
 -6.81522578816E-07
 -7.01362637301E-07
 -7.17758780411E-07
 -7.30457315967E-07
 -7.39230245017E-07
 -7.43878274534E-07
 -7.44232693251E-07
 -7.40157986456E-07
 -7.31553370770E-07
 -7.18354328910E-07
 -7.00533917097E-07
 -6.78103333485E-07
 -6.51112429750E-07
 -6.19649597411E-07
 -5.83841824664E-07
 -5.43853559520E-07
 -4.99885743466E-07
 -4.52174390375E-07
 -4.00988767524E-07
 -3.46629207115E-07
 -2.89424804123E-07
 -2.29730645174E-07
 -1.67924611105E-07
 -1.04404591639E-07
 -3.95847514767E-08
  2.61078572095E-08
  9.22369594036E-08
  1.58360847990E-07
  2.24036142527E-07
  2.88821524919E-07
  3.52281603000E-07
  4.13990562720E-07
  4.73535635592E-07
  5.30520594566E-07
  5.84569079365E-07
  6.35327523923E-07
  6.82467941715E-07
  7.25690711079E-07
  7.64726337366E-07
  7.99337840363E-07
  8.29322345908E-07
  8.54511938542E-07
  8.74774912063E-07
  8.90016735866E-07
  9.00179372820E-07
  9.05241734017E-07
  9.05219565084E-07
  9.00163968254E-07
  8.90160549716E-07
  8.75328169059E-07
  8.55817347656E-07
  8.31807881241E-07
  8.03507134606E-07
  7.71147540490E-07
  7.34983984785E-07
  6.95291134889E-07
  6.52360824915E-07
  6.06499042988E-07
  5.58023202757E-07
  5.07258732796E-07
  4.54537030237E-07
  4.00191794370E-07
  3.44556639220E-07
  2.87962478751E-07
  2.30734841011E-07
  1.73191580188E-07
  1.15640681031E-07
  5.83783155150E-08
  1.68692448899E-09
 -5.41662075193E-08
 -1.08930265696E-07
 -1.62372032264E-07
 -2.14276795418E-07
 -2.64448658527E-07
 -3.12711364359E-07
 -3.58907840337E-07
 -4.02900496965E-07
 -4.44570844138E-07
 -4.83818837438E-07
 -5.20562309703E-07
 -5.54736004688E-07
 -5.86290525462E-07
 -6.15191595443E-07
 -6.41418239411E-07
 -6.64961930852E-07
 -6.85825398250E-07
 -7.04020351350E-07
 -7.19567367469E-07
 -7.32493504074E-07
 -7.42831787193E-07
 -7.50619165046E-07
 -7.55896110149E-07
 -7.58705141379E-07
 -7.59089971325E-07
 -7.57094596793E-07
 -7.52762787215E-07
 -7.46137743590E-07
 -7.37261018458E-07
 -7.26173084331E-07
 -7.12912765266E-07
 -6.97517577919E-07
 -6.80023731547E-07
 -6.60467037505E-07
 -6.38882511339E-07
 -6.15305680185E-07
 -5.89773264892E-07
 -5.62323577924E-07
 -5.32997944447E-07
 -5.01840986544E-07
 -4.68902015882E-07
 -4.34235971625E-07
 -3.97904017291E-07
 -3.59975047104E-07
 -3.20525771258E-07
 -2.79642165424E-07
 -2.37419826021E-07
 -1.93964481809E-07
 -1.49392604953E-07
 -1.03831716558E-07
 -5.74204541692E-08
 -1.03083888092E-08
  3.73436712664E-08
  8.53647108556E-08
  1.33573465178E-07
  1.81779597597E-07
  2.29784234307E-07
  2.77381360547E-07
  3.24358808257E-07
  3.70500089275E-07
  4.15585049041E-07
  4.59392708763E-07
  5.01702118072E-07
  5.42294344541E-07
  5.80954861107E-07
  6.17475052422E-07
  6.51654318062E-07
  6.83302175730E-07
  7.12239682343E-07
  7.38302105674E-07
  7.61340231747E-07
  7.81221956458E-07
  7.97833934030E-07
  8.11083623375E-07
  8.20899003884E-07
  8.27231360745E-07
  8.30054887047E-07
  8.29367934330E-07
  8.25192898901E-07
  8.17576733425E-07
  8.06590605862E-07
  7.92329615251E-07
  7.74912166435E-07
  7.54478776344E-07
  7.31191789782E-07
  7.05232821474E-07
  6.76802187627E-07
  6.46116461667E-07
  6.13406882621E-07
  5.78917195071E-07
  5.42901091194E-07
  5.05620107560E-07
  4.67340811383E-07
  4.28332555202E-07
  3.88864833667E-07
  3.49204384520E-07
  3.09613000127E-07
  2.70344798992E-07
  2.31643809911E-07
  1.93741740873E-07
  1.56855747946E-07
  1.21186303659E-07
  8.69156622230E-08
  5.42059588327E-08
  2.31981402976E-08
 -5.98932903273E-09
 -3.32614007448E-08
 -5.85467923031E-08
 -8.17985110757E-08
 -1.02993567452E-07
 -1.22133002378E-07
 -1.39241095098E-07
 -1.54364613536E-07
 -1.67571712950E-07
 -1.78950458007E-07
 -1.88607373275E-07
 -1.96665482122E-07
 -2.03262288778E-07
 -2.08547760394E-07
 -2.12681726453E-07
 -2.15831562400E-07
 -2.18169716959E-07
 -2.19870941010E-07
 -2.21109786480E-07
 -2.22058048394E-07
 -2.22882079015E-07
 -2.23740372007E-07
 -2.24781189218E-07
 -2.26140457471E-07
 -2.27939253250E-07
 -2.30282651614E-07
 -2.33257367199E-07
 -2.36930844721E-07
 -2.41349795260E-07
 -2.46539656246E-07
 -2.52503497222E-07
 -2.59222446175E-07
 -2.66655035830E-07
 -2.74737885775E-07
 -2.83386327737E-07
 -2.92495172971E-07
 -3.01940190184E-07
 -3.11579270829E-07
 -3.21254475466E-07
 -3.30793824332E-07
 -3.40013684763E-07
 -3.48720902821E-07
 -3.56715730732E-07
 -3.63794100622E-07
 -3.69750864593E-07
 -3.74382324253E-07
 -3.77489158154E-07
 -3.78879519758E-07
 -3.78371652232E-07
 -3.75796901153E-07
 -3.71001959820E-07
 -3.63852052487E-07
 -3.54232753352E-07
 -3.42052288715E-07
 -3.27243583342E-07
 -3.09765795237E-07
 -2.89605793569E-07
 -2.66779210278E-07
 -2.41331179041E-07
 -2.13336974753E-07
 -1.82901885637E-07
 -1.50161099555E-07
 -1.15279298996E-07
 -7.84495242101E-08
 -3.98920860789E-08
  1.47005602136E-10
  4.13977865321E-08
  8.35686932987E-08
  1.26348936647E-07
  1.69410910189E-07
  2.12413169720E-07
  2.55003755001E-07
  2.96822832979E-07
  3.37506634196E-07
  3.76690536541E-07
  4.14012475858E-07
  4.49116612344E-07
  4.81656798001E-07
  5.11299617756E-07
  5.37728453764E-07
  5.60645673886E-07
  5.79776724408E-07
  5.94871949033E-07
  6.05709999491E-07
  6.12099711361E-07
  6.13882605194E-07
  6.10934080214E-07
  6.03165574375E-07
  5.90525360167E-07
  5.72999340420E-07
  5.50611673589E-07
  5.23425057963E-07
  4.91539822178E-07
  4.55094522067E-07
  4.14264036408E-07
  3.69258543742E-07
  3.20322413927E-07
  2.67732048087E-07
  2.11793647509E-07
  1.52841181489E-07
  9.12335380576E-08
  2.73518541150E-08
 -3.84036020762E-08
 -1.05616393853E-07
 -1.73857202412E-07
 -2.42687235641E-07
 -3.11661523256E-07
 -3.80332380701E-07
 -4.48252393426E-07
 -5.14978580668E-07
 -5.80074754453E-07
 -6.43115242838E-07
 -7.03687874193E-07
 -7.61396506732E-07
 -8.15864041215E-07
 -8.66734978899E-07
 -9.13677638437E-07
 -9.56385974860E-07
 -9.94581682789E-07
 -1.02801584489E-06
 -1.05647006876E-06
 -1.07975733954E-06
 -1.09772349788E-06
 -1.11024678517E-06
 -1.11723920782E-06
 -1.11864608243E-06
 -1.11444501272E-06
 -1.10464679892E-06
 -1.08929430098E-06
 -1.06846050585E-06
 -1.04224989173E-06
 -1.01079410797E-06
 -9.74253339336E-07
 -9.32813293275E-07
 -8.86683835688E-07
 -8.36097399315E-07
 -7.81307164743E-07
 -7.22585355106E-07
 -6.60221132875E-07
 -5.94518553498E-07
 -5.25795087469E-07
 -4.54379517123E-07
 -3.80609691319E-07
 -3.04831388576E-07
 -2.27395830166E-07
 -1.48658514831E-07
 -6.89770729423E-08
  1.12899822824E-08
  9.17850542237E-08
  1.72152724076E-07
  2.52041246540E-07
  3.31103819917E-07
  4.08999738966E-07
  4.85395730720E-07
  5.59966849778E-07
  6.32397586742E-07
  7.02382692452E-07
  7.69628400121E-07
  8.33853164295E-07
  8.94788172445E-07
  9.52178709213E-07
  1.00578427009E-06
  1.05538015305E-06
  1.10075734483E-06
  1.14172325993E-06
  1.17810373013E-06
  1.20974220863E-06
  1.23650056594E-06
  1.25826136355E-06
  1.27492637603E-06
  1.28641863739E-06
  1.29268312321E-06
  1.29368640955E-06
  1.28941792354E-06
  1.27989096654E-06
  1.26514203203E-06
  1.24523216982E-06
  1.22024732718E-06
  1.19029743928E-06
  1.15551881663E-06
  1.11607209874E-06
  1.07214316358E-06
  1.02394324131E-06
  9.71707663666E-07
  9.15696489301E-07
  8.56192627907E-07
  7.93502124452E-07
  7.27952283341E-07
  6.59891156829E-07
  5.89685384966E-07
  5.17719342952E-07
  4.44392782128E-07
  3.70118783621E-07
  2.95322138300E-07
  2.20436319864E-07
  1.45901267956E-07
  7.21605815102E-08
 -3.41431827255E-10
 -7.11625816052E-08
 -1.39866060067E-07
 -2.06023514693E-07
 -2.69218418225E-07
 -3.29049157699E-07
 -3.85132551628E-07
 -4.37107075868E-07
 -4.84635677367E-07
 -5.27409497408E-07
 -5.65150514831E-07
 -5.97614132403E-07
 -6.24592530585E-07
 -6.45916429676E-07
 -6.61457420392E-07
 -6.71130180763E-07
 -6.74893669839E-07
 -6.72752548780E-07
 -6.64758147195E-07
 -6.51008804198E-07
 -6.31650209471E-07
 -6.06874721143E-07
 -5.76921422635E-07
 -5.42074019450E-07
 -5.02660157053E-07
 -4.59048834500E-07
 -4.11648528598E-07
 -3.60903896990E-07
 -3.07293021251E-07
 -2.51323513112E-07
 -1.93529032799E-07
 -1.34464599455E-07
 -7.47024060388E-08
 -1.48271075417E-08
  4.45693437712E-08
  1.02892677489E-07
  1.59551476031E-07
  2.13962749740E-07
  2.65556877821E-07
  3.13783374395E-07
  3.58115585186E-07
  3.98056357653E-07
  4.33142474776E-07
  4.62949628854E-07
  4.87096826873E-07
  5.05250227434E-07
  5.17127261901E-07
  5.22499419731E-07
  5.21195659076E-07
  5.13104225774E-07
  4.98174756558E-07
  4.76419785400E-07
  4.47914999313E-07
  4.12799636251E-07
  3.71276229316E-07
  3.23609043562E-07
  2.70122967549E-07
  2.11201154343E-07
  1.47281895124E-07
  7.88558125464E-08
  6.46153930361E-09
 -6.93184034617E-08
 -1.47862550648E-07
 -2.28515716572E-07
 -3.10594572284E-07
 -3.93393861486E-07
 -4.76192070664E-07
 -5.58258591354E-07
 -6.38859887658E-07
 -7.17266004813E-07
 -7.92758044099E-07
 -8.64633875608E-07
 -9.32215471039E-07
 -9.94855213321E-07
 -1.05194169464E-06
 -1.10290613975E-06
 -1.14722729450E-06
 -1.18443767860E-06
 -1.21412733733E-06
 -1.23594804791E-06
 -1.24961798065E-06
 -1.25492317693E-06
 -1.25172130083E-06
 -1.23994334444E-06
 -1.21959340049E-06
 -1.19075104976E-06
 -1.15356976949E-06
 -1.10827579647E-06
 -1.05516767235E-06
 -9.94613060357E-07
 -9.27045675780E-07
 -8.52961989040E-07
 -7.72917076119E-07
 -6.87519388975E-07
 -5.97425980686E-07
 -5.03336366364E-07
 -4.05986327223E-07
 -3.06141373585E-07
 -2.04590236308E-07
 -1.02137256874E-07
  4.04487249250E-10
  1.02220731435E-07
  2.02503272817E-07
  3.00457344338E-07
  3.95308916268E-07
  4.86311421355E-07
  5.72752924199E-07
  6.53961990338E-07
  7.29314592718E-07
  7.98238886546E-07
  8.60220779941E-07
  9.14808367725E-07
  9.61616137829E-07
  1.00032809769E-06
  1.03070044588E-06
  1.05256378902E-06
  1.06582467652E-06
  1.07046503217E-06
  1.06654408683E-06
  1.05419542251E-06
  1.03362663140E-06
  1.00511726941E-06
  9.69014877228E-07
  9.25732308588E-07
  8.75743580764E-07
  8.19578588107E-07
  7.57818440889E-07
  6.91089724114E-07
  6.20057846845E-07
  5.45421357856E-07
  4.67905010737E-07
  3.88252630046E-07
  3.07220233253E-07
  2.25568868473E-07
  1.44057452189E-07
  6.34356140949E-08
 -1.55629997778E-08
 -9.22277365589E-08
 -1.65877366953E-07
 -2.35866139064E-07
 -3.01589665241E-07
 -3.62490141015E-07
 -4.18061375740E-07
 -4.67853055852E-07
 -5.11474240739E-07
 -5.48596858607E-07
 -5.78958179176E-07
 -6.02362263180E-07
 -6.18682122422E-07
 -6.27859094493E-07
 -6.29903354366E-07
 -6.24893289114E-07
 -6.12973565239E-07
 -5.94353423367E-07
 -5.69303836073E-07
 -5.38154381502E-07
 -5.01289434851E-07
 -4.59143677745E-07
 -4.12197721289E-07
 -3.60972791213E-07
 -3.06025441432E-07
 -2.47941642328E-07
 -1.87330826407E-07
 -1.24819948155E-07
 -6.10471104778E-08
  3.34466654373E-09
  6.77136213767E-08
  1.31425522909E-07
  1.93859506226E-07
  2.54413976108E-07
  3.12512270284E-07
  3.67607441376E-07
  4.19187756506E-07
  4.66780676334E-07
  5.09957203576E-07
  5.48335094663E-07
  5.81582128234E-07
  6.09418748354E-07
  6.31619855085E-07
  6.48016111882E-07
  6.58495025618E-07
  6.63001173962E-07
  6.61535864310E-07
  6.54156281144E-07
  6.40974235466E-07
  6.22154402663E-07
  5.97911423483E-07
  5.68507800836E-07
  5.34250489181E-07
  4.95486574437E-07
  4.52600687595E-07
  4.06009462495E-07
  3.56157698889E-07
  3.03513843392E-07
  2.48564617777E-07
  1.91810542560E-07
  1.33760877929E-07
  7.49286073187E-08
  1.58255613059E-08
 -4.30422986142E-08
 -1.01179551848E-07
 -1.58105834203E-07
 -2.13359939494E-07
 -2.66503718649E-07
 -3.17125824267E-07
 -3.64844908063E-07
 -4.09312576721E-07
 -4.50215964065E-07
 -4.87279635308E-07
 -5.20267690263E-07
 -5.48984701254E-07
 -5.73276736304E-07
 -5.93031586504E-07
 -6.08179391293E-07
 -6.18691217369E-07
 -6.24579342912E-07
 -6.25895268058E-07
 -6.22728748567E-07
 -6.15205408394E-07
 -6.03485091233E-07
 -5.87759075188E-07
 -5.68247628507E-07
 -5.45196598978E-07
 -5.18875253874E-07
 -4.89572244078E-07
 -4.57592591374E-07
 -4.23254675752E-07
 -3.86886313208E-07
 -3.48821771468E-07
 -3.09398416221E-07
 -2.68953243676E-07
 -2.27819995757E-07
 -1.86326218454E-07
 -1.44790206491E-07
 -1.03518694061E-07
 -6.28043110851E-08
 -2.29233982907E-08
  1.58657851301E-08
  5.33247970225E-08
  8.92363587468E-08
  1.23405413888E-07
  1.55659989787E-07
  1.85851774859E-07
  2.13856253595E-07
  2.39572955252E-07
  2.62924999106E-07
  2.83858668126E-07
  3.02342812120E-07
  3.18367824548E-07
  3.31944590926E-07
  3.43103209843E-07
  3.51891713990E-07
  3.58374279585E-07
  3.62629947404E-07
  3.64750718518E-07
  3.64839792155E-07
  3.63010116189E-07
  3.59382198667E-07
  3.54082686727E-07
  3.47242661292E-07
  3.38995846505E-07
  3.29477131800E-07
  3.18821292922E-07
  3.07161371893E-07
  2.94627767516E-07
  2.81346899556E-07
  2.67440469770E-07
  2.53024552421E-07
  2.38208940573E-07
  2.23096819241E-07
  2.07784239592E-07
  1.92359976836E-07
  1.76905530225E-07
  1.61495066209E-07
  1.46195716866E-07
  1.31067835696E-07
  1.16165395525E-07
  1.01536372199E-07
  8.72234195981E-08
  7.32643883339E-08
  5.96929368157E-08
  4.65392204774E-08
  3.38305241598E-08
  2.15919051527E-08
  9.84680514904E-09
 -1.38239919512E-09
 -1.20737713161E-08
 -2.22054996613E-08
 -3.17553698892E-08
 -4.07005948944E-08
 -4.90174478784E-08
 -5.66812765612E-08
 -6.36664267972E-08
 -6.99463384990E-08
 -7.54936806402E-08
 -8.02806781053E-08
 -8.42794705136E-08
 -8.74625811775E-08
 -8.98034215879E-08
 -9.12769095862E-08
 -9.18601799071E-08
 -9.15332876161E-08
 -9.02798902302E-08
 -8.80881501075E-08
 -8.49514165679E-08
 -8.08690074905E-08
 -7.58470264373E-08
 -6.98990163528E-08
 -6.30465848417E-08
 -5.53200862896E-08
 -4.67590197673E-08
 -3.74125121994E-08
 -2.73395581729E-08
 -1.66092384291E-08
 -5.30073540617E-09
  6.49674536390E-09
  1.86842079586E-08
  3.11532488695E-08
  4.37865850245E-08
  5.64587345764E-08
  6.90368295864E-08
  8.13816072309E-08
  9.33484685106E-08
  1.04788782096E-07
  1.15551138435E-07
  1.25482841895E-07
  1.34431530796E-07
  1.42246634027E-07
  1.48781182929E-07
  1.53893452648E-07
  1.57448752702E-07
  1.59321061233E-07
  1.59394843990E-07
  1.57566688586E-07
  1.53746896103E-07
  1.47861001665E-07
  1.39851195513E-07
  1.29677630412E-07
  1.17319579829E-07
  1.02776390065E-07
  8.60683115889E-08
  6.72371243127E-08
  4.63465639200E-08
  2.34824888423E-08
 -1.24711607707E-09
 -2.77123870518E-08
 -5.57620793984E-08
 -8.52242720839E-08
 -1.15907319298E-07
 -1.47601042499E-07
 -1.80078060907E-07
 -2.13095503909E-07
 -2.46396695047E-07
 -2.79713304963E-07
 -3.12767355126E-07
 -3.45273605262E-07
 -3.76941954983E-07
 -4.07480030162E-07
 -4.36595883002E-07
 -4.64000493139E-07
 -4.89410695081E-07
 -5.12551707743E-07
 -5.33160005034E-07
 -5.50986101189E-07
 -5.65796710816E-07
 -5.77377477384E-07
 -5.85535417486E-07
 -5.90101137732E-07
 -5.90930426370E-07
 -5.87906527016E-07
 -5.80941843964E-07
 -5.69978624299E-07
 -5.54990776891E-07
 -5.35984156613E-07
 -5.12997701207E-07
 -4.86103033381E-07
 -4.55404943978E-07
 -4.21040681431E-07
 -3.83179610708E-07
 -3.42022076438E-07
 -2.97798351312E-07
 -2.50766987619E-07
 -2.01213040896E-07
 -1.49446080400E-07
 -9.57979935379E-08
 -4.06203817249E-08
  1.57181219151E-08
  7.28347018253E-08
  1.30335280346E-07
  1.87817946085E-07
  2.44875792532E-07
  3.01100584466E-07
  3.56085877229E-07
  4.09430384707E-07
  4.60741460984E-07
  5.09638255153E-07
  5.55754809284E-07
  5.98743326918E-07
  6.38276844711E-07
  6.74052273553E-07
  7.05793013367E-07
  7.33250715257E-07
  7.56208237362E-07
  7.74481065946E-07
  7.87918509104E-07
  7.96405913661E-07
  7.99865006229E-07
  7.98254916390E-07
  7.91572063008E-07
  7.79850836352E-07
  7.63163143347E-07
  7.41617498079E-07
  7.15358794423E-07
  6.84566657583E-07
  6.49454079849E-07
  6.10265772139E-07
  5.67276345009E-07
  5.20787693858E-07
  4.71126725188E-07
  4.18643026023E-07
  3.63705709105E-07
  3.06700428609E-07
  2.48026594818E-07
  1.88093963516E-07
  1.27319609078E-07
  6.61244214939E-08
  4.93004348456E-09
 -5.58444703813E-08
 -1.15785859123E-07
 -1.74489798610E-07
 -2.31563859643E-07
 -2.86630523760E-07
 -3.39329801591E-07
 -3.89321940020E-07
 -4.36289866457E-07
 -4.79941036247E-07
 -5.20009848515E-07
 -5.56259067253E-07
 -5.88481384511E-07
 -6.16500528849E-07
 -6.40172572730E-07
 -6.59386046209E-07
 -6.74062732742E-07
 -6.84157839714E-07
 -6.89659430009E-07
 -6.90588535690E-07
 -6.86998248511E-07
 -6.78972924106E-07
 -6.66626704060E-07
 -6.50102720101E-07
 -6.29571104582E-07
 -6.05227285178E-07
 -5.77290393267E-07
 -5.46000876511E-07
 -5.11618395649E-07
 -4.74419238117E-07
 -4.34694641172E-07
 -3.92747494971E-07
 -3.48890608848E-07
 -3.03443442817E-07
 -2.56730146475E-07
 -2.09076816304E-07
 -1.60809079830E-07
 -1.12249651352E-07
 -6.37161221562E-08
 -1.55186334894E-08
  3.20421449373E-08
  7.86770257832E-08
  1.24110144384E-07
  1.68080575236E-07
  2.10343898743E-07
  2.50673508617E-07
  2.88861741637E-07
  3.24720900835E-07
  3.58083980245E-07
  3.88805204921E-07
  4.16760599364E-07
  4.41848015953E-07
  4.63987362309E-07
  4.83120061290E-07
  4.99209306781E-07
  5.12239125783E-07
  5.22213838394E-07
  5.29157432538E-07
  5.33112483936E-07
  5.34139189767E-07
  5.32314231805E-07
  5.27729639543E-07
  5.20491312272E-07
  5.10717711677E-07
  4.98538724969E-07
  4.84093732211E-07
  4.67530412607E-07
  4.49003437097E-07
  4.28672677799E-07
  4.06701957445E-07
  3.83257685144E-07
  3.58507378451E-07
  3.32618526500E-07
  3.05757083652E-07
  2.78086758954E-07
  2.49767595051E-07
  2.20955072905E-07
  1.91799372828E-07
  1.62444464991E-07
  1.33027540983E-07
  1.03678374330E-07
  7.45189510098E-08
  4.56630360191E-08
  1.72160845580E-08
 -1.07250439640E-08
 -3.80720344140E-08
 -6.47450448810E-08
 -9.06725574623E-08
 -1.15791259248E-07
 -1.40045500530E-07
 -1.63387099406E-07
 -1.85774851502E-07
 -2.07174053912E-07
 -2.27555901233E-07
 -2.46896973977E-07
 -2.65178698555E-07
 -2.82386622530E-07
 -2.98509974073E-07
 -3.13540823527E-07
 -3.27473799189E-07
 -3.40305263080E-07
 -3.52032856199E-07
 -3.62655157460E-07
 -3.72170944729E-07
 -3.80578995873E-07
 -3.87877662433E-07
 -3.94064642251E-07
 -3.99136780516E-07
 -4.03089643441E-07
 -4.05917859325E-07
 -4.07614663800E-07
 -4.08172383004E-07
 -4.07582120943E-07
 -4.05834185813E-07
 -4.02918345799E-07
 -3.98823971182E-07
 -3.93540574350E-07
 -3.87057980333E-07
 -3.79367065761E-07
 -3.70460014665E-07
 -3.60330801641E-07
 -3.48976044506E-07
 -3.36395061140E-07
 -3.22591006352E-07
 -3.07570729774E-07
 -2.91346054837E-07
 -2.73933721928E-07
 -2.55356098933E-07
 -2.35641735458E-07
 -2.14825590206E-07
 -1.92949499933E-07
 -1.70062463667E-07
 -1.46220884290E-07
 -1.21488682225E-07
 -9.59375370257E-08
 -6.96466742056E-08
 -4.27030535377E-08
 -1.52009782539E-08
  1.27578587694E-08
  4.10650216054E-08
  6.96055906246E-08
  9.82584609233E-08
  1.26897347741E-07
  1.55391049361E-07
  1.83604427662E-07
  2.11399068917E-07
  2.38634299876E-07
  2.65167869884E-07
  2.90857201435E-07
  3.15560271247E-07
  3.39136562388E-07
  3.61448428521E-07
  3.82361776019E-07
  4.01747570322E-07
  4.19482660163E-07
  4.35450743907E-07
  4.49543790637E-07
  4.61662637008E-07
  4.71718237804E-07
  4.79632319639E-07
  4.85338375711E-07
  4.88782234243E-07
  4.89922740599E-07
  4.88732723625E-07
  4.85198825118E-07
  4.79322125102E-07
  4.71118568157E-07
  4.60618849729E-07
  4.47868444553E-07
  4.32927549809E-07
  4.15870943016E-07
  3.96787214640E-07
  3.75778881789E-07
  3.52961279759E-07
  3.28462022026E-07
  3.02420346543E-07
  2.74985808346E-07
  2.46317540586E-07
  2.16583188717E-07
  1.85957389931E-07
  1.54620678927E-07
  1.22758450516E-07
  9.05590198386E-08
  5.82126382653E-08
  2.59099515176E-08
 -6.15957240768E-09
 -3.78088600428E-08
 -6.88548666972E-08
 -9.91199087252E-08
 -1.28432915858E-07
 -1.56630889592E-07
 -1.83560075584E-07
 -2.09077228419E-07
 -2.33050528209E-07
 -2.55360674828E-07
 -2.75901697933E-07
 -2.94581866456E-07
 -3.11324100721E-07
 -3.26066697198E-07
 -3.38763499030E-07
 -3.49384492893E-07
 -3.57915439508E-07
 -3.64358101024E-07
 -3.68730269429E-07
 -3.71064942328E-07
 -3.71410237676E-07
 -3.69828796920E-07
 -3.66396875506E-07
 -3.61203774446E-07
 -3.54350703446E-07
 -3.45949700886E-07
 -3.36122582212E-07
 -3.24999973600E-07
 -3.12719492968E-07
 -2.99424783634E-07
 -2.85264036393E-07
 -2.70388369472E-07
 -2.54950805356E-07
 -2.39104309685E-07
 -2.23000753863E-07
 -2.06789238177E-07
 -1.90614827034E-07
 -1.74617213133E-07
 -1.58929339023E-07
 -1.43676274433E-07
 -1.28974136260E-07
 -1.14928987216E-07
 -1.01635947658E-07
 -8.91785205681E-08
 -7.76276039005E-08
 -6.70412489967E-08
 -5.74641561002E-08
 -4.89271556603E-08
 -4.14476311050E-08
 -3.50288864581E-08
 -2.96606508243E-08
 -2.53192382615E-08
 -2.19679581193E-08
 -1.95577740669E-08
 -1.80278103556E-08
 -1.73062133513E-08
 -1.73110166202E-08
 -1.79511694398E-08
 -1.91276257056E-08
 -2.07344434955E-08
 -2.26600818110E-08
 -2.47886706717E-08
 -2.70013114090E-08
 -2.91774782113E-08
 -3.11963610500E-08
 -3.29382530140E-08
 -3.42859109992E-08
 -3.51259075160E-08
 -3.53498741390E-08
 -3.48558302221E-08
 -3.35493268722E-08
 -3.13445447375E-08
 -2.81653349532E-08
 -2.39461019902E-08
 -1.86326474250E-08
 -1.21829666355E-08
 -4.56768978196E-09
  4.22947143974E-09
  1.42111717949E-08
  2.53665426442E-08
  3.76709294869E-08
  5.10859727854E-08
  6.55599947663E-08
  8.10281406416E-08
  9.74129434894E-08
  1.14625024139E-07
  1.32563570787E-07
  1.51117390601E-07
  1.70165847635E-07
  1.89579651533E-07
  2.09222264402E-07
  2.28950938208E-07
  2.48617993748E-07
  2.68072170684E-07
  2.87159849677E-07
  3.05726558736E-07
  3.23618280618E-07
  3.40682845490E-07
  3.56771323595E-07
  3.71739332650E-07
  3.85448288398E-07
  3.97766825699E-07
  4.08571821708E-07
  4.17749504322E-07
  4.25196674314E-07
  4.30821359032E-07
  4.34544062955E-07
  4.36297909800E-07
  4.36029893081E-07
  4.33700904523E-07
  4.29286330927E-07
  4.22776253117E-07
  4.14175531205E-07
  4.03503861435E-07
  3.90795577232E-07
  3.76099450250E-07
  3.59478235623E-07
  3.41008131954E-07
  3.20778440255E-07
  2.98890398653E-07
  2.75456841337E-07
  2.50600862728E-07
  2.24455163789E-07
  1.97160773041E-07
  1.68865980754E-07
  1.39725202075E-07
  1.09897726475E-07
  7.95465169290E-08
  4.88368243623E-08
  1.79351236085E-08
 -1.29923609649E-08
 -4.37807372577E-08
 -7.42677883636E-08
 -1.04295018843E-07
 -1.33708951466E-07
 -1.62362013612E-07
 -1.90113667031E-07
 -2.16831381294E-07
 -2.42391280381E-07
 -2.66679137439E-07
 -2.89590815328E-07
 -3.11033090838E-07
 -3.30923938918E-07
 -3.49192873728E-07
 -3.65781374967E-07
 -3.80642774189E-07
 -3.93742766391E-07
 -4.05058614206E-07
 -4.14579773178E-07
 -4.22307095960E-07
 -4.28252747042E-07
 -4.32439605902E-07
 -4.34900840673E-07
 -4.35679368138E-07
 -4.34826915807E-07
 -4.32403624018E-07
 -4.28477108017E-07
 -4.23121576887E-07
 -4.16417179849E-07
 -4.08448869393E-07
 -3.99305690735E-07
 -3.89079758634E-07
 -3.77865518431E-07
 -3.65758666021E-07
 -3.52855323626E-07
 -3.39251357673E-07
 -3.25041241922E-07
 -3.10317659569E-07
 -2.95170593745E-07
 -2.79686560134E-07
 -2.63948265911E-07
 -2.48033870776E-07
 -2.32016688528E-07
 -2.15964576000E-07
 -1.99939876211E-07
 -1.83998935199E-07
 -1.68192158867E-07
 -1.52563742972E-07
 -1.37151772606E-07
 -1.21988222190E-07
 -1.07099154434E-07
 -9.25049050693E-08
 -7.82202320693E-08
 -6.42548485530E-08
 -5.06136252909E-08
 -3.72970454521E-08
 -2.43017659329E-08
 -1.16209850631E-08
  7.54929341262E-10
  1.28379475939E-08
  2.46417908301E-08
  3.61813903282E-08
  4.74723123034E-08
  5.85301620504E-08
  6.93701238674E-08
  8.00063446604E-08
  9.04515431444E-08
  1.00716484042E-07
  1.10809565967E-07
  1.20736501685E-07
  1.30499984152E-07
  1.40099345458E-07
  1.49530450244E-07
  1.58785482540E-07
  1.67852903132E-07
  1.76717350087E-07
  1.85359752436E-07
  1.93757344391E-07
  2.01883949558E-07
  2.09710066201E-07
  2.17203208308E-07
  2.24328246645E-07
  2.31047650345E-07
  2.37322183239E-07
  2.43111060172E-07
  2.48372685974E-07
  2.53064968092E-07
  2.57146041349E-07
  2.60574751110E-07
  2.63311250137E-07
  2.65317538606E-07
  2.66557975692E-07
  2.67000132226E-07
  2.66614904376E-07
  2.65377366304E-07
  2.63267168066E-07
  2.60268848251E-07
  2.56372430840E-07
  2.51573652577E-07
  2.45874417715E-07
  2.39282883285E-07
  2.31813672258E-07
  2.23488157758E-07
  2.14334335169E-07
  2.04386935820E-07
  1.93687256456E-07
  1.82283073968E-07
  1.70228418028E-07
  1.57583343707E-07
  1.44413434100E-07
  1.30789558739E-07
  1.16787319371E-07
  1.02486509945E-07
  8.79705979173E-08
  7.33260705488E-08
  5.86417776560E-08
  4.40082317255E-08
  2.95168955944E-08
  1.52594186176E-08
  1.32689947918E-09
 -1.21908989570E-08
 -2.52062779538E-08
 -3.76344146957E-08
 -4.93940675028E-08
 -6.04083254530E-08
 -7.06052389887E-08
 -7.99185642109E-08
 -8.82882957853E-08
 -9.56612851155E-08
 -1.01991673773E-07
 -1.07241483249E-07
 -1.11380863643E-07
 -1.14388463146E-07
 -1.16251690940E-07
 -1.16966887731E-07
 -1.16539411010E-07
 -1.14983620847E-07
 -1.12322943835E-07
 -1.08589581771E-07
 -1.03824397968E-07
 -9.80766472480E-08
 -9.14035567234E-08
 -8.38698852590E-08
 -7.55475397796E-08
 -6.65149144652E-08
 -5.68563010006E-08
 -4.66612739558E-08
 -3.60239056363E-08
 -2.50420786330E-08
 -1.38166820207E-08
 -2.45079423422E-09
  8.95113849708E-09
  2.02841370367E-08
  3.14435375515E-08
  4.23258512683E-08
  5.28295593938E-08
  6.28559817528E-08
  7.23100157529E-08
  8.11009712720E-08
  8.91431994887E-08
  9.63568567158E-08
  1.02668550994E-07
  1.08011853683E-07
  1.12327867896E-07
  1.15565754299E-07
  1.17682979806E-07
  1.18645807845E-07
  1.18429490215E-07
  1.17018451817E-07
  1.14406411456E-07
  1.10596467096E-07
  1.05601003497E-07
  9.94416566868E-08
  9.21491007944E-08
  8.37627993633E-08
  7.43307708717E-08
  6.39091055632E-08
  5.25616528080E-08
  4.03594491161E-08
  2.73802349682E-08
  1.37078242091E-08
 -5.68477265261E-10
 -1.53545478554E-08
 -3.05521723476E-08
 -4.60597249230E-08
 -6.17729085661E-08
 -7.75855752977E-08
 -9.33903905320E-08
 -1.09079699939E-07
 -1.24546232882E-07
 -1.39683834277E-07
 -1.54388260398E-07
 -1.68557946267E-07
 -1.82094666457E-07
 -1.94904117734E-07
 -2.06896729082E-07
 -2.17988173290E-07
 -2.28099921173E-07
 -2.37159895278E-07
 -2.45102768304E-07
 -2.51870545753E-07
 -2.57412864357E-07
 -2.61687432612E-07
 -2.64660144467E-07
 -2.66305420382E-07
 -2.66606377863E-07
 -2.65554803036E-07
 -2.63151491708E-07
 -2.59405908309E-07
 -2.54336384842E-07
 -2.47969836664E-07
 -2.40341705648E-07
 -2.31495690173E-07
 -2.21483489327E-07
 -2.10364490272E-07
 -1.98205398760E-07
 -1.85079755965E-07
 -1.71067625843E-07
 -1.56254913009E-07
 -1.40732950626E-07
 -1.24597903550E-07
 -1.07950164363E-07
 -9.08936712563E-08
 -7.35353395953E-08
 -5.59842483483E-08
 -3.83510503355E-08
 -2.07471995139E-08
 -3.28423377383E-09
  1.39269644706E-08
  3.07769205676E-08
  4.71583128103E-08
  6.29666772056E-08
  7.81012303719E-08
  9.24654344203E-08
  1.05967828290E-07
  1.18522706316E-07
  1.30050665348E-07
  1.40479357924E-07
  1.49743954125E-07
  1.57787781063E-07
  1.64562734994E-07
  1.70029906599E-07
  1.74159751509E-07
  1.76932644536E-07
  1.78339035983E-07
  1.78379622184E-07
  1.77065686557E-07
  1.74419028554E-07
  1.70471992078E-07
  1.65267394436E-07
  1.58858426857E-07
  1.51308285012E-07
  1.42690026905E-07
  1.33086089704E-07
  1.22587792362E-07
  1.11294745864E-07
  9.93144055883E-08
  8.67610907562E-08
  7.37554088914E-08
  6.04232468504E-08
  4.68949679089E-08
  3.33042748935E-08
  1.97873308849E-08
  6.48155040750E-09
 -6.47550590926E-09
 -1.89473059464E-08
 -3.07994696414E-08
 -4.19011136898E-08
 -5.21259515551E-08
 -6.13535817706E-08
 -6.94706159265E-08
 -7.63719540942E-08
 -8.19617937964E-08
 -8.61548556941E-08
 -8.88773286079E-08
 -9.00678500670E-08
 -8.96784158044E-08
 -8.76751400369E-08
 -8.40389589030E-08
 -7.87662628454E-08
 -7.18692589885E-08
 -6.33763690416E-08
 -5.33324140406E-08
 -4.17986960599E-08
 -2.88528578807E-08
 -1.45886680514E-08
  8.84342543639E-10
  1.74415184517E-08
  3.49437172531E-08
  5.32381285723E-08
  7.21594020092E-08
  9.15306728189E-08
  1.11165029182E-07
  1.30866709469E-07
  1.50432882151E-07
  1.69655180571E-07
  1.88321450878E-07
  2.06217777077E-07
  2.23130129484E-07
  2.38846666889E-07
  2.53159470276E-07
  2.65866759719E-07
  2.76774983377E-07
  2.85700707536E-07
  2.92472634555E-07
  2.96933677646E-07
  2.98942836707E-07
  2.98376619412E-07
  2.95131229677E-07
  2.89123704533E-07
  2.80293505739E-07
  2.68603628228E-07
  2.54041594872E-07
  2.36620351757E-07
  2.16378950313E-07
  1.93382675207E-07
  1.67723527511E-07
  1.39519883646E-07
  1.08916317743E-07
  7.60828982038E-08
  4.12144309792E-08
  4.52936488315E-09
 -3.37316130583E-08
 -7.33069924763E-08
 -1.13916463818E-07
 -1.55262739554E-07
 -1.97033813265E-07
 -2.38905528249E-07
 -2.80544043108E-07
 -3.21608439435E-07
 -3.61753961897E-07
 -4.00634519337E-07
 -4.37906123807E-07
 -4.73229761155E-07
 -5.06274659529E-07
 -5.36721131539E-07
 -5.64264098557E-07
 -5.88615819197E-07
 -6.09508674643E-07
 -6.26698181350E-07
 -6.39965719529E-07
 -6.49120920571E-07
 -6.54003486034E-07
 -6.54485916129E-07
 -6.50474930808E-07
 -6.41912833999E-07
 -6.28778707323E-07
 -6.11089660651E-07
 -5.88900888943E-07
 -5.62306013308E-07
 -5.31437365225E-07
 -4.96464735988E-07
 -4.57594950376E-07
 -4.15070758208E-07
 -3.69169043779E-07
 -3.20198978443E-07
 -2.68499860567E-07
 -2.14438529156E-07
 -1.58406621154E-07
 -1.00817409532E-07
 -4.21024708430E-08
  1.72918639407E-08
  7.69081296426E-08
  1.36281840923E-07
  1.94945286580E-07
  2.52431732406E-07
  3.08279567207E-07
  3.62036388424E-07
  4.13263080645E-07
  4.61538007812E-07
  5.06460878569E-07
  5.47656270555E-07
  5.84777694712E-07
  6.17510636403E-07
  6.45575653380E-07
  6.68731502174E-07
  6.86777411829E-07
  6.99554789207E-07
  7.06950288532E-07
  7.08895697699E-07
  7.05370041487E-07
  6.96399524713E-07
  6.82057702761E-07
  6.62465822643E-07
  6.37790947167E-07
  6.08245784406E-07
  5.74086470806E-07
  5.35610922725E-07
  4.93155937420E-07
  4.47094947731E-07
  3.97834213572E-07
  3.45809922919E-07
  2.91483843284E-07
  2.35339697952E-07
  1.77878504815E-07
  1.19614313121E-07
  6.10694215197E-08
  2.76970490987E-09
 -5.47602425627E-08
 -1.11001902781E-07
 -1.65447659128E-07
 -2.17605474973E-07
 -2.67003514409E-07
 -3.13194561841E-07
 -3.55760306547E-07
 -3.94315065932E-07
 -4.28509821404E-07
 -4.58035231077E-07
 -4.82624841425E-07
 -5.02057446283E-07
 -5.16159389008E-07
 -5.24806466728E-07
 -5.27924669314E-07
 -5.25491600456E-07
 -5.17536193456E-07
 -5.04139052282E-07
 -4.85431371544E-07
 -4.61593799628E-07
 -4.32855188137E-07
 -3.99490090786E-07
 -3.61816347549E-07
 -3.20192270920E-07
 -2.75012951079E-07
 -2.26707058459E-07
 -1.75732338903E-07
 -1.22571563566E-07
 -6.77279317074E-08
 -1.17202594296E-08
  4.49218688914E-08
  1.01663168550E-07
  1.57967662062E-07
  2.13303891883E-07
  2.67149715683E-07
  3.18997535942E-07
  3.68359025060E-07
  4.14769573354E-07
  4.57792850739E-07
  4.97025041568E-07
  5.32098340500E-07
  5.62684476790E-07
  5.88498267007E-07
  6.09299547705E-07
  6.24895676538E-07
  6.35143578620E-07
  6.39950599179E-07
  6.39275583580E-07
  6.33128593108E-07
  6.21571530246E-07
  6.04716944963E-07
  5.82726670473E-07
  5.55810402147E-07
  5.24223537468E-07
  4.88264618070E-07
  4.48271833875E-07
  4.04620550398E-07
  3.57718704436E-07
  3.08003365035E-07
  2.55936072335E-07
  2.01998432203E-07
  1.46687469282E-07
  9.05106460891E-08
  3.39810171113E-08
 -2.23877858474E-08
 -7.80864866101E-08
 -1.32615056714E-07
 -1.85487508020E-07
 -2.36236516571E-07
 -2.84417893681E-07
 -3.29614607608E-07
 -3.71440933122E-07
 -4.09545776847E-07
 -4.43615959966E-07
 -4.73379145660E-07
 -4.98606027577E-07
 -5.19112518305E-07
 -5.34761227300E-07
 -5.45462398804E-07
 -5.51174423435E-07
 -5.51904122403E-07
 -5.47706235920E-07
 -5.38682797924E-07
 -5.24981317085E-07
 -5.06793526256E-07
 -4.84352824515E-07
 -4.57931975006E-07
 -4.27839864869E-07
 -3.94418378846E-07
 -3.58038789727E-07
 -3.19097665624E-07
 -2.78013061461E-07
 -2.35219914657E-07
 -1.91165852925E-07
 -1.46306462057E-07
 -1.01100788186E-07
 -5.60067618949E-08
 -1.14765317250E-08
  3.20478896754E-08
  7.41390522307E-08
  1.14388164718E-07
  1.52409143084E-07
  1.87842246646E-07
  2.20357534886E-07
  2.49657944096E-07
  2.75482022971E-07
  2.97606419508E-07
  3.15847699994E-07
  3.30064068521E-07
  3.40156503853E-07
  3.46069413126E-07
  3.47790916067E-07
  3.45352731301E-07
  3.38829636348E-07
  3.28338387590E-07
  3.14036242344E-07
  2.96119338827E-07
  2.74820308732E-07
  2.50405889801E-07
  2.23173913128E-07
  1.93450375718E-07
  1.61585859360E-07
  1.27951921058E-07
  9.29373840108E-08
  5.69442697440E-08
  2.03838084190E-08
 -1.63277338316E-08
 -5.27731955913E-08
 -8.85386413074E-08
 -1.23217517967E-07
 -1.56414543540E-07
 -1.87749648717E-07
 -2.16861593572E-07
 -2.43411562906E-07
 -2.67086306849E-07
 -2.87601125137E-07
 -3.04702723497E-07
 -3.18171458957E-07
 -3.27823300950E-07
 -3.33511792405E-07
 -3.35129129780E-07
 -3.32607356768E-07
 -3.25918591670E-07
 -3.15075737944E-07
 -3.00131830500E-07
 -2.81179723061E-07
 -2.58351150251E-07
 -2.31815434404E-07
 -2.01777851316E-07
 -1.68477697571E-07
 -1.32186073643E-07
 -9.32034538437E-08
 -5.18567553343E-08
