  1.40883537824E-04
  1.39676587423E-04
  1.38473900734E-04
  1.37275827001E-04
  1.36082730023E-04
  1.34894900839E-04
  1.33712659590E-04
  1.32536282763E-04
  1.31366046844E-04
  1.30202257424E-04
  1.29045118229E-04
  1.27894876641E-04
  1.26751736389E-04
  1.25615886645E-04
  1.24487487483E-04
  1.23366669868E-04
  1.22253593872E-04
  1.21148324979E-04
  1.20050965052E-04
  1.18961601402E-04
  1.17880255857E-04
  1.16806950246E-04
  1.15741750051E-04
  1.14684618893E-04
  1.13635585876E-04
  1.12594614620E-04
  1.11561712401E-04
  1.10536842840E-04
  1.09520005935E-04
  1.08511143480E-04
  1.07510270027E-04
  1.06517385575E-04
  1.05532468297E-04
  1.04555489088E-04
  1.03586506157E-04
  1.02625497675E-04
  1.01672529127E-04
  1.00727644167E-04
  9.97909082798E-05
  9.88623651210E-05
  9.79421238299E-05
  9.70302644419E-05
  9.61268815445E-05
  9.52320988290E-05
  9.43460618146E-05
  9.34688723646E-05
  9.26006759983E-05
  9.17416109587E-05
  9.08918300411E-05
  9.00514351088E-05
  8.92205789569E-05
  8.83993925527E-05
  8.75880068634E-05
  8.67864800966E-05
  8.59949795995E-05
  8.52135344758E-05
  8.44422247610E-05
  8.36810722831E-05
  8.29301425256E-05
  8.21894209366E-05
  8.14588929643E-05
  8.07385004009E-05
  8.00281995907E-05
  7.93279104983E-05
  7.86375167081E-05
  7.79568799771E-05
  7.72858838900E-05
  7.66243392718E-05
  7.59720933274E-05
  7.53289277782E-05
  7.46946680010E-05
  7.40690738894E-05
  7.34519562684E-05
  7.28430968593E-05
  7.22422701074E-05
  7.16492722859E-05
  7.10639069439E-05
  7.04859921825E-05
  6.99153315509E-05
  6.93518086337E-05
  6.87952779117E-05
  6.82456302457E-05
  6.77027783240E-05
  6.71666712151E-05
  6.66373016429E-05
  6.61146550556E-05
  6.55987896607E-05
  6.50897854939E-05
  6.45877298666E-05
  6.40927682980E-05
  6.36050754110E-05
  6.31248331047E-05
  6.26522669336E-05
  6.21876315563E-05
  6.17311743554E-05
  6.12831936451E-05
  6.08439804637E-05
  6.04138331255E-05
  5.99930644967E-05
  5.95819910814E-05
  5.91809148318E-05
  5.87901267863E-05
  5.84099107073E-05
  5.80405321671E-05
  5.76822312723E-05
  5.73352226638E-05
  5.69996846025E-05
  5.66757589695E-05
  5.63635840081E-05
  5.60631924600E-05
  5.57746134291E-05
  5.54978505534E-05
  5.52328237973E-05
  5.49794131075E-05
  5.47374693269E-05
  5.45067887288E-05
  5.42871275684E-05
  5.40782020835E-05
  5.38796775800E-05
  5.36911757081E-05
  5.35123253940E-05
  5.33426755283E-05
  5.31817859155E-05
  5.30291981704E-05
  5.28844284418E-05
  5.27469783265E-05
  5.26163712493E-05
  5.24921015312E-05
  5.23737071489E-05
  5.22607078892E-05
  5.21526744706E-05
  5.20491848874E-05
  5.19498462381E-05
  5.18543092767E-05
  5.17622502230E-05
  5.16733925906E-05
  5.15875144629E-05
  5.15044157510E-05
  5.14239764016E-05
  5.13460727234E-05
  5.12707010785E-05
  5.11978614668E-05
  5.11275975441E-05
  5.10600002599E-05
  5.09952151333E-05
  5.09334058734E-05
  5.08747834829E-05
  5.08195989823E-05
  5.07681033923E-05
  5.07205841132E-05
  5.06773139932E-05
  5.06386131747E-05
  5.06047654198E-05
  5.05760726810E-05
  5.05528187205E-05
  5.05352836626E-05
  5.05237003381E-05
  5.05183234054E-05
  5.05193274876E-05
  5.05268653797E-05
  5.05410498590E-05
  5.05619755131E-05
  5.05896750838E-05
  5.06241303810E-05
  5.06652977492E-05
  5.07130753249E-05
  5.07673321408E-05
  5.08278862981E-05
  5.08944904141E-05
  5.09669152962E-05
  5.10448589921E-05
  5.11280086357E-05
  5.12160440849E-05
  5.13085797138E-05
  5.14052881044E-05
  5.15057836310E-05
  5.16096988576E-05
  5.17166772624E-05
  5.18263768754E-05
  5.19384993822E-05
  5.20527210028E-05
  5.21688016306E-05
  5.22865193489E-05
  5.24056849827E-05
  5.25261712028E-05
  5.26478688698E-05
  5.27707488800E-05
  5.28948221472E-05
  5.30201687070E-05
  5.31468685949E-05
  5.32751146238E-05
  5.34050886927E-05
  5.35370563739E-05
  5.36712868779E-05
  5.38081185368E-05
  5.39478642168E-05
  5.40909022675E-05
  5.42375928489E-05
  5.43882852071E-05
  5.45433722436E-05
  5.47031959286E-05
  5.48680945940E-05
  5.50383265363E-05
  5.52141646040E-05
  5.53958125238E-05
  5.55834085390E-05
  5.57770144951E-05
  5.59766740480E-05
  5.61823035241E-05
  5.63937719562E-05
  5.66108319617E-05
  5.68331925024E-05
  5.70604861423E-05
  5.72921999265E-05
  5.75278063479E-05
  5.77666687605E-05
  5.80080886721E-05
  5.82512984693E-05
  5.84954832448E-05
  5.87397844356E-05
  5.89832889091E-05
  5.92250871705E-05
  5.94642187934E-05
  5.96997597313E-05
  5.99307968514E-05
  6.01564170211E-05
  6.03757762292E-05
  6.05880923104E-05
  6.07926122029E-05
  6.09887174505E-05
  6.11758514424E-05
  6.13535739831E-05
  6.15215612925E-05
  6.16796169197E-05
  6.18276681053E-05
  6.19657876086E-05
  6.20941937086E-05
  6.22132356511E-05
  6.23234445811E-05
  6.24254316790E-05
  6.25199973001E-05
  6.26080509392E-05
  6.26906257821E-05
  6.27688859822E-05
  6.28440466244E-05
  6.29174683127E-05
  6.29905262031E-05
  6.30646827631E-05
  6.31414222880E-05
  6.32222290733E-05
  6.33086165180E-05
  6.34020034340E-05
  6.35038013570E-05
  6.36153708911E-05
  6.37379271211E-05
  6.38726196485E-05
  6.40204307274E-05
  6.41822116449E-05
  6.43586536171E-05
  6.45502805128E-05
  6.47573833703E-05
  6.49800858810E-05
  6.52183007332E-05
  6.54717296129E-05
  6.57398704789E-05
  6.60220030113E-05
  6.63172104396E-05
  6.66243722662E-05
  6.69421933708E-05
  6.72691967338E-05
  6.76037525409E-05
  6.79441218381E-05
  6.82884128764E-05
  6.86346684233E-05
  6.89808803145E-05
  6.93249821779E-05
  6.96649076417E-05
  6.99986121617E-05
  7.03241094016E-05
  7.06394857843E-05
  7.09429441486E-05
  7.12328110239E-05
  7.15076093911E-05
  7.17659859220E-05
  7.20068637747E-05
  7.22293552826E-05
  7.24328492652E-05
  7.26169819245E-05
  7.27816368453E-05
  7.29270104785E-05
  7.30535757612E-05
  7.31620311853E-05
  7.32533808332E-05
  7.33289052732E-05
  7.33900888008E-05
  7.34386849217E-05
  7.34766144888E-05
  7.35059875296E-05
  7.35290668672E-05
  7.35482026357E-05
  7.35658759368E-05
  7.35845533200E-05
  7.36067668186E-05
  7.36349466024E-05
  7.36715010135E-05
  7.37186783226E-05
  7.37786249374E-05
  7.38532617106E-05
  7.39442839404E-05
  7.40531395422E-05
  7.41809853935E-05
  7.43286509532E-05
  7.44966309867E-05
  7.46850855649E-05
  7.48937818571E-05
  7.51221159589E-05
  7.53691492719E-05
  7.56334920879E-05
  7.59135145927E-05
  7.62071285862E-05
  7.65120057622E-05
  7.68254903960E-05
  7.71446648287E-05
  7.74664440542E-05
  7.77875029598E-05
  7.81044509495E-05
  7.84137810115E-05
  7.87120152381E-05
  7.89956466178E-05
  7.92613354861E-05
  7.95058367657E-05
  7.97261382104E-05
  7.99195477157E-05
  8.00835914561E-05
  8.02162685432E-05
  8.03159346106E-05
  8.03814764367E-05
  8.04122173577E-05
  8.04080991657E-05
  8.03695365903E-05
  8.02975264378E-05
  8.01937130746E-05
  8.00602792879E-05
  7.98999608378E-05
  7.97160828370E-05
  7.95124797150E-05
  7.92934515630E-05
  7.90637495811E-05
  7.88285105955E-05
  7.85931915743E-05
  7.83634823165E-05
  7.81452545198E-05
  7.79444671934E-05
  7.77670793468E-05
  7.76189044700E-05
  7.75056323619E-05
  7.74326254032E-05
  7.74048676249E-05
  7.74268410169E-05
  7.75025037001E-05
  7.76350861997E-05
  7.78271059971E-05
  7.80802656664E-05
  7.83953582868E-05
  7.87722528912E-05
  7.92097853264E-05
  7.97058091848E-05
  8.02571157692E-05
  8.08594122645E-05
  8.15073726699E-05
  8.21946669021E-05
  8.29139753478E-05
  8.36569815874E-05
  8.44145906740E-05
  8.51768782013E-05
  8.59332503751E-05
  8.66725240485E-05
  8.73831086210E-05
  8.80530569702E-05
  8.86703564902E-05
  8.92229145393E-05
  8.96988349268E-05
  9.00865707081E-05
  9.03750551515E-05
  9.05539636733E-05
  9.06137574930E-05
  9.05460037757E-05
  9.03434047359E-05
  9.00000595720E-05
  8.95115445019E-05
  8.88750582817E-05
  8.80895895534E-05
  8.71559241205E-05
  8.60768268467E-05
  8.48569980008E-05
  8.35032406030E-05
  8.20243585622E-05
  8.04311857792E-05
  7.87365861470E-05
  7.69552934798E-05
  7.51039478928E-05
  7.32008920750E-05
  7.12660184945E-05
  6.93206675351E-05
  6.73873946653E-05
  6.54896939523E-05
  6.36519107502E-05
  6.18988051428E-05
  6.02554100624E-05
  5.87466784054E-05
  5.73971883568E-05
  5.62308741792E-05
  5.52706187591E-05
  5.45380826225E-05
  5.40532528248E-05
  5.38342028449E-05
  5.38967760804E-05
  5.42543457414E-05
  5.49174983462E-05
  5.58937899768E-05
  5.71875825699E-05
  5.87998074479E-05
  6.07277797826E-05
  6.29651694908E-05
  6.55018156976E-05
  6.83237230987E-05
  7.14130655979E-05
  7.47481681174E-05
  7.83036521170E-05
  8.20505374577E-05
  8.59563224367E-05
  8.99853257579E-05
  9.40988538787E-05
  9.82555066003E-05
  1.02411460830E-04
  1.06520965346E-04
  1.10536602733E-04
  1.14409776870E-04
  1.18091084005E-04
  1.21530923934E-04
  1.24679892906E-04
  1.27489227452E-04
  1.29911451950E-04
  1.31900742417E-04
  1.33413530421E-04
  1.34408852318E-04
  1.34848960442E-04
  1.34699657792E-04
  1.33930734592E-04
  1.32516404847E-04
  1.30435582832E-04
  1.27672159579E-04
  1.24215337564E-04
  1.20059637993E-04
  1.15205293696E-04
  1.09658103611E-04
  1.03429520095E-04
  9.65365979937E-05
  8.90018563950E-05
  8.08531403891E-05
  7.21232499927E-05
  6.28497728030E-05
  5.30745965079E-05
  4.28434759669E-05
  3.22056148434E-05
  2.12130162254E-05
  9.91991691990E-06
 -1.61784419106E-06
 -1.33435169118E-05
 -2.52001373156E-05
 -3.71313035430E-05
 -4.90818893013E-05
 -6.09987946518E-05
 -7.28317390895E-05
 -8.45339891384E-05
 -9.60631077760E-05
 -1.07381638372E-04
 -1.18457806821E-04
 -1.29266161821E-04
 -1.39788055094E-04
 -1.50012376253E-04
 -1.59935734700E-04
 -1.69563092641E-04
 -1.78907896043E-04
 -1.87992496649E-04
 -1.96847977350E-04
 -2.05514545087E-04
 -2.14041254367E-04
 -2.22485905397E-04
 -2.30914811254E-04
 -2.39402434090E-04
 -2.48030963121E-04
 -2.56889790762E-04
 -2.66074843239E-04
 -2.75687809335E-04
 -2.85835441900E-04
 -2.96628510114E-04
 -3.08181188302E-04
 -3.20609484334E-04
 -3.34030803060E-04
 -3.48562316503E-04
 -3.64319887012E-04
 -3.81417281460E-04
 -3.99964454118E-04
 -4.20066760853E-04
 -4.41823533038E-04
 -4.65326913400E-04
 -4.90661012009E-04
 -5.17900218256E-04
 -5.47109055333E-04
 -5.78340317588E-04
 -6.11634692177E-04
 -6.47019827738E-04
 -6.84509926941E-04
 -7.24104407709E-04
 -7.65788077842E-04
 -8.09530902188E-04
 -8.55286954902E-04
 -9.02995234355E-04
 -9.52578790020E-04
 -1.00394582842E-03
 -1.05698930565E-03
 -1.11158750951E-03
 -1.16760504898E-03
 -1.22489337809E-03
 -1.28329044674E-03
 -1.34262407664E-03
 -1.40271068085E-03
 -1.46335805766E-03
 -1.52436550707E-03
 -1.58552569337E-03
 -1.64662685711E-03
 -1.70745269861E-03
 -1.76778493915E-03
 -1.82740553282E-03
 -1.88609643374E-03
 -1.94364332128E-03
 -1.99983548373E-03
 -2.05446849577E-03
 -2.10734573193E-03
 -2.15827883221E-03
 -2.20709084533E-03
 -2.25361669436E-03
 -2.29770410806E-03
 -2.33921594918E-03
 -2.37802974880E-03
 -2.41404073313E-03
 -2.44716019370E-03
 -2.47731921263E-03
 -2.50446656719E-03
 -2.52857035957E-03
 -2.54961824976E-03
 -2.56761698984E-03
 -2.58259428665E-03
 -2.59459437802E-03
 -2.60368338786E-03
 -2.60994420387E-03
 -2.61347787455E-03
 -2.61440197937E-03
 -2.61285016313E-03
 -2.60897213593E-03
 -2.60292924941E-03
 -2.59489682503E-03
 -2.58506042883E-03
 -2.57361540571E-03
 -2.56076385267E-03
 -2.54671624862E-03
 -2.53168516792E-03
 -2.51588784158E-03
 -2.49954219908E-03
 -2.48286500573E-03
 -2.46607093140E-03
 -2.44937092066E-03
 -2.43297079578E-03
 -2.41706706583E-03
 -2.40185041912E-03
 -2.38749827258E-03
 -2.37417942844E-03
 -2.36204778776E-03
 -2.35124421306E-03
 -2.34189536422E-03
 -2.33411067165E-03
 -2.32798489742E-03
 -2.32359394431E-03
 -2.32099764980E-03
 -2.32023792341E-03
 -2.32133851387E-03
 -2.32430477627E-03
 -2.32912646607E-03
 -2.33577354811E-03
 -2.34420062043E-03
 -2.35434598289E-03
 -2.36613117158E-03
 -2.37946468405E-03
 -2.39423965104E-03
 -2.41033802740E-03
 -2.42762896232E-03
 -2.44597159326E-03
 -2.46521667577E-03
 -2.48520681635E-03
 -2.50577810220E-03
 -2.52676196396E-03
 -2.54798657261E-03
 -2.56927846931E-03
 -2.59046233259E-03
 -2.61136493646E-03
 -2.63181561604E-03
 -2.65164626762E-03
 -2.67069414258E-03
 -2.68880301155E-03
 -2.70582293160E-03
 -2.72161420435E-03
 -2.73604388349E-03
 -2.74899136275E-03
 -2.76034628041E-03
 -2.77000921778E-03
 -2.77789356187E-03
 -2.78392573819E-03
 -2.78804381378E-03
 -2.79020052403E-03
 -2.79036001302E-03
 -2.78850062750E-03
 -2.78461468406E-03
 -2.77870497666E-03
 -2.77078873478E-03
 -2.76089343242E-03
 -2.74905958213E-03
 -2.73533724248E-03
 -2.71978764795E-03
 -2.70248018205E-03
 -2.68349400721E-03
 -2.66291503794E-03
 -2.64083617367E-03
 -2.61735660024E-03
 -2.59257969446E-03
 -2.56661302410E-03
 -2.53956671804E-03
 -2.51155393198E-03
 -2.48268689029E-03
 -2.45308061130E-03
 -2.42284638807E-03
 -2.39209597930E-03
 -2.36093765125E-03
 -2.32947687618E-03
 -2.29781470262E-03
 -2.26604822092E-03
 -2.23426870070E-03
 -2.20256252214E-03
 -2.17100954615E-03
 -2.13968264870E-03
 -2.10864958353E-03
 -2.07796972245E-03
 -2.04769568518E-03
 -2.01787333935E-03
 -1.98854133487E-03
 -1.95973087102E-03
 -1.93146686070E-03
 -1.90376699902E-03
 -1.87664234545E-03
 -1.85009848792E-03
 -1.82413461152E-03
 -1.79874454625E-03
 -1.77391734906E-03
 -1.74963730387E-03
 -1.72588450368E-03
 -1.70263554901E-03
 -1.67986378074E-03
 -1.65754032787E-03
 -1.63563387468E-03
 -1.61411135923E-03
 -1.59293913748E-03
 -1.57208228484E-03
 -1.55150622595E-03
 -1.53117615264E-03
 -1.51105865370E-03
 -1.49112043437E-03
 -1.47133017890E-03
 -1.45165831782E-03
 -1.43207679503E-03
 -1.41256011557E-03
 -1.39308476355E-03
 -1.37363001704E-03
 -1.35417783167E-03
 -1.33471284062E-03
 -1.31522235461E-03
 -1.29569659475E-03
 -1.27612822689E-03
 -1.25651271082E-03
 -1.23684830032E-03
 -1.21713557746E-03
 -1.19737698697E-03
 -1.17757741828E-03
 -1.15774408914E-03
 -1.13788514864E-03
 -1.11801084131E-03
 -1.09813269228E-03
 -1.07826269232E-03
 -1.05841446202E-03
 -1.03860185482E-03
 -1.01883884054E-03
 -9.99139971100E-04
 -9.79519565590E-04
 -9.59991419222E-04
 -9.40569269005E-04
 -9.21266037039E-04
 -9.02093888726E-04
 -8.83063883521E-04
 -8.64186440594E-04
 -8.45470349304E-04
 -8.26923467685E-04
 -8.08552314993E-04
 -7.90362013504E-04
 -7.72356404923E-04
 -7.54537933972E-04
 -7.36907764804E-04
 -7.19465664588E-04
 -7.02210236341E-04
 -6.85138918925E-04
 -6.68248045258E-04
 -6.51532784104E-04
 -6.34987547528E-04
 -6.18606049102E-04
 -6.02381071076E-04
 -5.86304988246E-04
 -5.70369767956E-04
 -5.54566911887E-04
 -5.38888154551E-04
 -5.23324590176E-04
 -5.07867778651E-04
 -4.92509338073E-04
 -4.77241235785E-04
 -4.62055759272E-04
 -4.46945778094E-04
 -4.31904598372E-04
 -4.16926282924E-04
 -4.02005505748E-04
 -3.87137843063E-04
 -3.72319540475E-04
 -3.57547745807E-04
 -3.42820334481E-04
 -3.28136200551E-04
 -3.13494994771E-04
 -2.98897153698E-04
 -2.84344016109E-04
 -2.69837619271E-04
 -2.55380786257E-04
 -2.40976965870E-04
 -2.26630276302E-04
 -2.12345432374E-04
 -1.98127541807E-04
 -1.83982250746E-04
 -1.69915496372E-04
 -1.55933536007E-04
 -1.42042859807E-04
 -1.28250030684E-04
 -1.14561727969E-04
 -1.00984674646E-04
 -8.75254554558E-05
 -7.41905678296E-05
 -6.09863345744E-05
 -4.79188311147E-05
 -3.49938636646E-05
 -2.22169110202E-05
 -9.59310364124E-06
  2.87279726763E-06
  1.51764443217E-05
  2.73139230558E-05
  3.92817200918E-05
  5.10767786182E-05
  6.26964538242E-05
  7.41385447327E-05
  8.54012469063E-05
  9.64831269812E-05
  1.07383202703E-04
  1.18100753753E-04
  1.28635438159E-04
  1.38987190439E-04
  1.49156199768E-04
  1.59142917255E-04
  1.68948012288E-04
  1.78572227014E-04
  1.88016536413E-04
  1.97282046429E-04
  2.06369790249E-04
  2.15281019337E-04
  2.24016941502E-04
  2.32578793657E-04
  2.40967739956E-04
  2.49185017310E-04
  2.57231702562E-04
  2.65109003522E-04
  2.72817822406E-04
  2.80359177850E-04
  2.87734088488E-04
  2.94943369227E-04
  3.01987805869E-04
  3.08868213324E-04
  3.15585377393E-04
  3.22140025673E-04
  3.28532885760E-04
  3.34764830768E-04
  3.40836617397E-04
  3.46749031451E-04
  3.52503120666E-04
  3.58099845471E-04
  3.63540311810E-04
  3.68825887563E-04
  3.73957853299E-04
  3.78937838832E-04
  3.83767386666E-04
  3.88448563172E-04
  3.92983376514E-04
  3.97373922169E-04
  4.01622790378E-04
  4.05732454965E-04
  4.09705768107E-04
  4.13545611082E-04
  4.17255127104E-04
  4.20837488491E-04
  4.24296158599E-04
  4.27634513471E-04
  4.30856249295E-04
  4.33964916738E-04
  4.36964241089E-04
  4.39857918536E-04
  4.42649645265E-04
  4.45343088359E-04
  4.47941769380E-04
  4.50449297205E-04
  4.52869047876E-04
  4.55204135505E-04
  4.57457732409E-04
  4.59632632555E-04
  4.61731484393E-04
  4.63756674435E-04
  4.65710298158E-04
  4.67594218208E-04
  4.69409889774E-04
  4.71158651635E-04
  4.72841289593E-04
  4.74458443932E-04
  4.76010347484E-04
  4.77496942040E-04
  4.78917761939E-04
  4.80272196000E-04
  4.81559167383E-04
  4.82777453726E-04
  4.83925454319E-04
  4.85001306515E-04
  4.86002943944E-04
  4.86928271130E-04
  4.87774668727E-04
  4.88539808430E-04
  4.89220896270E-04
  4.89815196488E-04
  4.90319915116E-04
  4.90732374601E-04
  4.91049722768E-04
  4.91269223858E-04
  4.91388374940E-04
  4.91404614877E-04
  4.91315731779E-04
  4.91119630169E-04
  4.90814389195E-04
  4.90398379043E-04
  4.89870377351E-04
  4.89229336381E-04
  4.88474499434E-04
  4.87605691887E-04
  4.86622797325E-04
  4.85526310513E-04
  4.84316929942E-04
  4.82995994389E-04
  4.81564959045E-04
  4.80025890283E-04
  4.78381116409E-04
  4.76633344078E-04
  4.74785832921E-04
  4.72841900773E-04
  4.70805418445E-04
  4.68680547783E-04
  4.66471567051E-04
  4.64183278382E-04
  4.61820571218E-04
  4.59388480522E-04
  4.56892390503E-04
  4.54337656265E-04
  4.51729778433E-04
  4.49074403150E-04
  4.46377089247E-04
  4.43643511971E-04
  4.40879113739E-04
  4.38089453382E-04
  4.35279827798E-04
  4.32455417467E-04
  4.29621199146E-04
  4.26781916758E-04
  4.23942052294E-04
  4.21105854912E-04
  4.18277137214E-04
  4.15459449869E-04
  4.12655994296E-04
  4.09869448049E-04
  4.07102401368E-04
  4.04356571380E-04
  4.01633617003E-04
  3.98934673285E-04
  3.96260322304E-04
  3.93610855099E-04
  3.90986009734E-04
  3.88385262340E-04
  3.85807594284E-04
  3.83251433959E-04
  3.80715122446E-04
  3.78196389647E-04
  3.75692761736E-04
  3.73201590264E-04
  3.70719557395E-04
  3.68243461708E-04
  3.65769781638E-04
  3.63294675481E-04
  3.60814417945E-04
  3.58324992703E-04
  3.55822383426E-04
  3.53302573785E-04
  3.50761518348E-04
  3.48195258994E-04
  3.45599954017E-04
  3.42971878126E-04
  3.40307451552E-04
  3.37603356456E-04
  3.34856566042E-04
  3.32064140821E-04
  3.29223723384E-04
  3.26333160046E-04
  3.23390559060E-04
  3.20394639857E-04
  3.17344325595E-04
  3.14239121508E-04
  3.11078911182E-04
  3.07863898342E-04
  3.04594897898E-04
  3.01273161313E-04
  2.97900260193E-04
  2.94478348223E-04
  2.91009870125E-04
  2.87497736281E-04
  2.83945410047E-04
  2.80356296571E-04
  2.76734645013E-04
  2.73084646324E-04
  2.69410986220E-04
  2.65718554147E-04
  2.62012297753E-04
  2.58297572145E-04
  2.54579732427E-04
  2.50864191912E-04
  2.47156480327E-04
  2.43462171056E-04
  2.39786648308E-04
  2.36135383602E-04
  2.32513586525E-04
  2.28926379350E-04
  2.25378622417E-04
  2.21875015995E-04
  2.18419867451E-04
  2.15017207665E-04
  2.11670761928E-04
  2.08383833524E-04
  2.05159332836E-04
  2.01999748242E-04
  1.98907087906E-04
  1.95882981643E-04
  1.92928520846E-04
  1.90044389456E-04
  1.87230689335E-04
  1.84487202205E-04
  1.81813113159E-04
  1.79207228939E-04
  1.76667890628E-04
  1.74192988197E-04
  1.71780106029E-04
  1.69426391949E-04
  1.67128615431E-04
  1.64883313118E-04
  1.62686716067E-04
  1.60534793395E-04
  1.58423368703E-04
  1.56348076416E-04
  1.54304419993E-04
  1.52287873789E-04
  1.50293868501E-04
  1.48317820276E-04
  1.46355247125E-04
  1.44401725265E-04
  1.42453049193E-04
  1.40505057061E-04
  1.38553994475E-04
  1.36596179800E-04
  1.34628353408E-04
  1.32647503051E-04
  1.30650965730E-04
  1.28636500449E-04
  1.26602186356E-04
  1.24546553707E-04
  1.22468540212E-04
  1.20367440104E-04
  1.18243100587E-04
  1.16095696285E-04
  1.13925874757E-04
  1.11734691018E-04
  1.09523614810E-04
  1.07294472400E-04
  1.05049468402E-04
  1.02791200334E-04
  1.00522527646E-04
  9.82466517598E-05
  9.59669996519E-05
  9.36872456805E-05
  9.14112970349E-05
  8.91431045602E-05
  8.68868810358E-05
  8.46468101372E-05
  8.24271919555E-05
  8.02322610980E-05
  7.80662885518E-05
  7.59334070608E-05
  7.38376766094E-05
  7.17829971109E-05
  6.97730793036E-05
  6.78114374750E-05
  6.59013167024E-05
  6.40457001282E-05
  6.22473089607E-05
  6.05084751442E-05
  5.88312432228E-05
  5.72172866669E-05
  5.56679333386E-05
  5.41840927326E-05
  5.27663469256E-05
  5.14148377988E-05
  5.01293652633E-05
  4.89093617944E-05
  4.77538487758E-05
  4.66615347250E-05
  4.56307498098E-05
  4.46595113317E-05
  4.37455237261E-05
  4.28862258559E-05
  4.20787800977E-05
  4.13201087213E-05
  4.06069375458E-05
  3.99358214054E-05
  3.93031623389E-05
  3.87052277802E-05
  3.81382160413E-05
  3.75982890546E-05
  3.70815505448E-05
  3.65841406165E-05
  3.61022321158E-05
  3.56320888386E-05
  3.51700437022E-05
  3.47125715052E-05
  3.42563034792E-05
  3.37980418408E-05
  3.33347961714E-05
  3.28637906932E-05
  3.23825006490E-05
  3.18886304740E-05
  3.13801901939E-05
  3.08554335788E-05
  3.03129309032E-05
  2.97515161947E-05
  2.91703527182E-05
  2.85688765871E-05
  2.79468385997E-05
  2.73042805929E-05
  2.66415190708E-05
  2.59591706708E-05
  2.52581139648E-05
  2.45394785452E-05
  2.38046413870E-05
  2.30552122957E-05
  2.22930066229E-05
  2.15200416278E-05
  2.07385073736E-05
  1.99507576326E-05
  1.91592789633E-05
  1.83666543307E-05
  1.75755758391E-05
  1.67887901625E-05
  1.60091331054E-05
  1.52394022734E-05
  1.44824462041E-05
  1.37410906973E-05
  1.30181106215E-05
  1.23162481032E-05
  1.16381588668E-05
  1.09863931357E-05
  1.03634256448E-05
  9.77157014859E-06
  9.21302034840E-06
  8.68982260727E-06
  8.20384775579E-06
  7.75679109211E-06
  7.35018011255E-06
  6.98534040566E-06
  6.66340383759E-06
  6.38530082142E-06
  6.15175804342E-06
  5.96329391556E-06
  5.82022221352E-06
  5.72264843868E-06
  5.67048664379E-06
  5.66344215258E-06
  5.70101701669E-06
  5.78252911509E-06
  5.90713125348E-06
  6.07378979112E-06
  6.28129237157E-06
  6.52830067338E-06
  6.81331084706E-06
  7.13469626135E-06
  7.49069067751E-06
  7.87945282354E-06
  8.29902091937E-06
  8.74733632372E-06
  9.22230537981E-06
  9.72175166680E-06
  1.02434760265E-05
  1.07852365545E-05
  1.13447840704E-05
  1.19198475659E-05
  1.25081833175E-05
  1.31075785248E-05
  1.37158522193E-05
  1.43308689076E-05
  1.49505331137E-05
  1.55728703248E-05
  1.61959360412E-05
  1.68178994500E-05
  1.74370379682E-05
  1.80517217814E-05
  1.86604520422E-05
  1.92618244910E-05
  1.98545858439E-05
  2.04376028705E-05
  2.10098842217E-05
  2.15705749724E-05
  2.21189584408E-05
  2.26544598263E-05
  2.31766407524E-05
  2.36852174567E-05
  2.41800189542E-05
  2.46610088652E-05
  2.51283090620E-05
  2.55821414612E-05
  2.60228644038E-05
  2.64509326371E-05
  2.68669136858E-05
  2.72714914900E-05
  2.76654100162E-05
  2.80495132756E-05
  2.84247125819E-05
  2.87919847324E-05
  2.91523574560E-05
  2.95068984997E-05
  2.98567174468E-05
  3.02029329760E-05
  3.05466783175E-05
  3.08891030727E-05
  3.12313131872E-05
  3.15744291584E-05
  3.19195205520E-05
  3.22676351061E-05
  3.26197623508E-05
  3.29768263327E-05
  3.33397147187E-05
  3.37092169502E-05
  3.40860715369E-05
  3.44709224009E-05
  3.48643116013E-05
  3.52667084371E-05
  3.56784948963E-05
  3.60999292752E-05
  3.65311898349E-05
  3.69723638869E-05
  3.74234368792E-05
  3.78842560167E-05
  3.83546394005E-05
  3.88342668884E-05
  3.93227419409E-05
  3.98195916205E-05
  4.03242593165E-05
  4.08361156587E-05
  4.13544585172E-05
  4.18785275542E-05
  4.24075042247E-05
  4.29405299656E-05
  4.34767134720E-05
  4.40151161456E-05
  4.45548066637E-05
  4.50948318758E-05
  4.56342058897E-05
  4.61719828309E-05
  4.67071986350E-05
  4.72389328934E-05
  4.77662797493E-05
  4.82883915538E-05
  4.88044279336E-05
  4.93136285513E-05
  4.98152658110E-05
  5.03087139805E-05
  5.07933254994E-05
  5.12686310685E-05
  5.17341504747E-05
  5.21895308339E-05
  5.26344629179E-05
  5.30687648279E-05
  5.34922764928E-05
  5.39049578947E-05
  5.43068708794E-05
  5.46981027583E-05
  5.50788499822E-05
  5.54493781237E-05
  5.58100364287E-05
  5.61612287129E-05
  5.65034351894E-05
  5.68371979170E-05
  5.71631171624E-05
  5.74818150199E-05
  5.77940008952E-05
  5.81003951083E-05
  5.84017616347E-05
  5.86988899158E-05
  5.89925730310E-05
  5.92836549913E-05
  5.95729543420E-05
  5.98613041802E-05
  6.01495230512E-05
  6.04384331382E-05
  6.07288202445E-05
  6.10214628978E-05
  6.13170777797E-05
  6.16164106759E-05
  6.19201018708E-05
  6.22287698206E-05
  6.25430111540E-05
  6.28633206361E-05
  6.31901712040E-05
  6.35239775875E-05
  6.38650672045E-05
  6.42137238174E-05
  6.45701657049E-05
  6.49345311103E-05
  6.53069146210E-05
  6.56873089611E-05
  6.60756704747E-05
  6.64718609187E-05
  6.68756983941E-05
  6.72869136906E-05
  6.77051721141E-05
  6.81301025907E-05
  6.85612540110E-05
  6.89981461619E-05
  6.94401824148E-05
  6.98868025211E-05
  7.03372934368E-05
  7.07910076017E-05
  7.12471810402E-05
  7.17050279491E-05
  7.21637625247E-05
  7.26225262042E-05
  7.30804895284E-05
  7.35367648304E-05
  7.39904717193E-05
  7.44407152524E-05
  7.48866004869E-05
  7.53272324800E-05
  7.57617162890E-05
  7.61891860748E-05
  7.66087759985E-05
  7.70196857047E-05
  7.74210711825E-05
  7.78121757321E-05
  7.81922572060E-05
  7.85606098361E-05
  7.89165860624E-05
  7.92595819803E-05
  7.95890373411E-05
  7.99044428277E-05
  8.02053837106E-05
  8.04914598120E-05
  8.07623800938E-05
  8.10178898973E-05
  8.12578145997E-05
  8.14820668893E-05
  8.16905885586E-05
  8.18834523670E-05
  8.20607310743E-05
  8.22226356831E-05
  8.23694281280E-05
  8.25014139991E-05
  8.26190298540E-05
  8.27227268019E-05
  8.28130578157E-05
  8.28906122479E-05
  8.29560885904E-05
  8.30101780593E-05
  8.30536664580E-05
  8.30873977975E-05
  8.31122233649E-05
  8.31290963106E-05
  8.31389334053E-05
  8.31427387311E-05
  8.31415236462E-05
  8.31362922327E-05
  8.31281140563E-05
  8.31180150271E-05
  8.31070574350E-05
  8.30962526379E-05
  8.30866629258E-05
  8.30792632769E-05
  8.30750432215E-05
  8.30749486340E-05
  8.30799108371E-05
  8.30907665659E-05
  8.31083088997E-05
  8.31333527458E-05
  8.31665238366E-05
  8.32084770082E-05
  8.32597652334E-05
  8.33208760014E-05
  8.33921585581E-05
  8.34739912534E-05
  8.35665414343E-05
  8.36699837237E-05
  8.37843472254E-05
  8.39096101117E-05
  8.40456195874E-05
  8.41921646497E-05
  8.43489251565E-05
  8.45154863782E-05
  8.46913972055E-05
  8.48760391818E-05
  8.50687501952E-05
  8.52688244777E-05
  8.54754180182E-05
  8.56876940816E-05
  8.59046849655E-05
  8.61254229676E-05
  8.63487948664E-05
  8.65737529239E-05
  8.67991693667E-05
  8.70238654898E-05
  8.72466553119E-05
  8.74663237482E-05
  8.76817139215E-05
  8.78915598150E-05
  8.80946972757E-05
  8.82899403223E-05
  8.84761248017E-05
  8.86521447683E-05
  8.88169015525E-05
  8.89693837962E-05
  8.91086019692E-05
  8.92336393008E-05
  8.93436517799E-05
  8.94379118108E-05
  8.95157063496E-05
  8.95764242159E-05
  8.96196070244E-05
  8.96448254935E-05
  8.96517740330E-05
  8.96402489161E-05
  8.96101701073E-05
  8.95615448826E-05
  8.94944751053E-05
  8.94092227099E-05
  8.93061078386E-05
  8.91855888767E-05
  8.90481896931E-05
  8.88946015039E-05
  8.87255519046E-05
  8.85418994585E-05
  8.83445827640E-05
  8.81346204551E-05
  8.79131257534E-05
  8.76812628121E-05
  8.74402830959E-05
  8.71914744494E-05
  8.69361902005E-05
  8.66758055054E-05
  8.64117318997E-05
  8.61454318510E-05
  8.58783314470E-05
  8.56119149830E-05
  8.53476012708E-05
  8.50868236739E-05
  8.48310010042E-05
  8.45814793138E-05
  8.43395901029E-05
  8.41065775603E-05
  8.38836567709E-05
  8.36719191284E-05
  8.34724341985E-05
  8.32861405797E-05
  8.31138895592E-05
  8.29564014566E-05
  8.28143311082E-05
  8.26882169349E-05
  8.25784081826E-05
  8.24852104415E-05
  8.24087619549E-05
  8.23490991024E-05
  8.23060763651E-05
  8.22794754640E-05
  8.22689253255E-05
  8.22739457362E-05
  8.22938964120E-05
  8.23280497571E-05
  8.23755763122E-05
  8.24354865472E-05
  8.25067545520E-05
  8.25882088975E-05
  8.26786417747E-05
  8.27767216833E-05
  8.28810807434E-05
  8.29902928672E-05
  8.31028883113E-05
  8.32173755043E-05
  8.33322119433E-05
  8.34458915051E-05
  8.35568716866E-05
  8.36636827444E-05
  8.37648185552E-05
  8.38588603074E-05
  8.39444328449E-05
  8.40202264953E-05
  8.40850261739E-05
  8.41376895551E-05
  8.41771907290E-05
  8.42025910970E-05
  8.42130830279E-05
  8.42079971335E-05
  8.41867440613E-05
  8.41489745653E-05
  8.40943830553E-05
  8.40228676680E-05
  8.39344356791E-05
  8.38292835397E-05
  8.37077459437E-05
  8.35702812765E-05
  8.34175152704E-05
  8.32501827972E-05
  8.30692224554E-05
  8.28756237752E-05
  8.26705363579E-05
  8.24552189442E-05
  8.22309957584E-05
  8.19993365440E-05
  8.17617401481E-05
  8.15197927295E-05
  8.12751022750E-05
  8.10293640825E-05
  8.07842443464E-05
  8.05414529168E-05
  8.03026487119E-05
  8.00694906502E-05
  7.98436303739E-05
  7.96265740064E-05
  7.94198713265E-05
  7.92249047663E-05
  7.90430276538E-05
  7.88754114183E-05
  7.87231620052E-05
  7.85872543929E-05
  7.84684671089E-05
  7.83674913691E-05
  7.82848437666E-05
  7.82208735473E-05
  7.81757626100E-05
  7.81495255069E-05
  7.81420239946E-05
  7.81529306551E-05
  7.81817507232E-05
  7.82278366387E-05
  7.82903662184E-05
  7.83683790360E-05
  7.84607764217E-05
  7.85662996350E-05
  7.86835880717E-05
  7.88111719885E-05
  7.89474433986E-05
  7.90907433839E-05
  7.92393184383E-05
  7.93913932284E-05
  7.95451196609E-05
  7.96986350906E-05
  7.98500550445E-05
  7.99975532573E-05
  8.01392743597E-05
  8.02734139143E-05
  8.03982547950E-05
  8.05121308076E-05
  8.06135067251E-05
  8.07008837000E-05
  8.07729375083E-05
  8.08284239611E-05
  8.08662880445E-05
  8.08856129879E-05
  8.08856129879E-05
  8.08657132438E-05
  8.08254771982E-05
  8.07646429166E-05
  8.06831449154E-05
  8.05810923339E-05
  8.04587616585E-05
  8.03166185506E-05
  8.01552669145E-05
  7.99755143817E-05
  7.97783213784E-05
  7.95647647465E-05
  7.93361177784E-05
  7.90937119746E-05
  7.88390534581E-05
  7.85737211118E-05
  7.82993593020E-05
  7.80177433626E-05
  7.77306704549E-05
  7.74399668444E-05
  7.71475170041E-05
  7.68551908550E-05
  7.65648583183E-05
  7.62783674872E-05
  7.59975227993E-05
  7.57240413805E-05
  7.54596549086E-05
  7.52059422666E-05
  7.49643950257E-05
  7.47363956179E-05
  7.45232318877E-05
  7.43260316085E-05
  7.41458061384E-05
  7.39834213164E-05
  7.38395610824E-05
  7.37147929613E-05
  7.36095244065E-05
  7.35239809728E-05
  7.34582645237E-05
  7.34122804715E-05
  7.33858032618E-05
  7.33784618205E-05
  7.33897395548E-05
  7.34189889045E-05
  7.34654240659E-05
  7.35281428206E-05
  7.36061629141E-05
  7.36983565730E-05
  7.38035669201E-05
  7.39205206628E-05
  7.40478935768E-05
  7.41843541618E-05
  7.43284908822E-05
  7.44788776501E-05
  7.46341102058E-05
  7.47927624616E-05
  7.49534447095E-05
  7.51147817937E-05
  7.52754422138E-05
  7.54341745051E-05
  7.55897635827E-05
  7.57410671213E-05
  7.58870228310E-05
  7.60266557336E-05
  7.61591072660E-05
  7.62835552450E-05
  7.63993302826E-05
  7.65058794059E-05
  7.66027005739E-05
  7.66894299886E-05
  7.67657766119E-05
  7.68316240283E-05
  7.68868630985E-05
  7.69315447542E-05
  7.69657854107E-05
  7.69897669670E-05
  7.70037950133E-05
  7.70082042436E-05
  7.70034384914E-05
  7.69899343140E-05
  7.69682592363E-05
  7.69389371271E-05
  7.69025791669E-05
  7.68597892602E-05
  7.68112004152E-05
  7.67574820202E-05
  7.66992307035E-05
  7.66371085774E-05
  7.65716977185E-05
  7.65036311350E-05
  7.64334545238E-05
  7.63616917538E-05
  7.62888666941E-05
  7.62154086260E-05
  7.61417686590E-05
  7.60682887631E-05
  7.59953109082E-05
  7.59231043048E-05
  7.58519163355E-05
  7.57819361752E-05
  7.57132875151E-05
  7.56461085984E-05
  7.55804358050E-05
  7.55163418944E-05
  7.54538050387E-05
  7.53928325139E-05
  7.53333806642E-05
  7.52753694542E-05
  7.52187697799E-05
  7.51634797780E-05
  7.51094630687E-05
  7.50566396164E-05
  7.50049366616E-05
  7.49543396523E-05
  7.49048194848E-05
  7.48563761590E-05
  7.48090242269E-05
  7.47628073441E-05
  7.47178273741E-05
  7.46742007323E-05
  7.46320438338E-05
  7.45915531297E-05
  7.45529177948E-05
  7.45164070395E-05
  7.44822464185E-05
  7.44507196941E-05
  7.44221615605E-05
  7.43968630559E-05
  7.43752025301E-05
  7.43574855733E-05
  7.43440832593E-05
  7.43353302823E-05
  7.43315540603E-05
  7.43330820114E-05
  7.43401978980E-05
  7.43531782064E-05
  7.43722412153E-05
  7.43975906516E-05
  7.44293720345E-05
  7.44676726754E-05
  7.45125362300E-05
  7.45639117667E-05
  7.46217483538E-05
  7.46858568164E-05
  7.47560552554E-05
  7.48319798731E-05
  7.49133105273E-05
  7.49995888327E-05
  7.50903054723E-05
  7.51848856453E-05
  7.52826599637E-05
  7.53829590394E-05
  7.54849752411E-05
  7.55879300414E-05
  7.56909430493E-05
  7.57931484259E-05
  7.58936002967E-05
  7.59913527872E-05
  7.60854672990E-05
  7.61749761296E-05
  7.62589479564E-05
  7.63364587328E-05
  7.64066135162E-05
  7.64685464674E-05
  7.65214499552E-05
  7.65646036598E-05
  7.65973236412E-05
  7.66190350987E-05
  7.66292141634E-05
  7.66274897614E-05
  7.66135126469E-05
  7.65871445765E-05
  7.65483055147E-05
  7.64970027376E-05
  7.64334545238E-05
  7.63579373597E-05
  7.62708805269E-05
  7.61728442740E-05
  7.60644979891E-05
  7.59466274758E-05
  7.58201786084E-05
  7.56861554692E-05
  7.55456858315E-05
  7.54000138841E-05
  7.52504347474E-05
  7.50983526814E-05
  7.49452083255E-05
  7.47925296309E-05
  7.46418445488E-05
  7.44947319617E-05
  7.43527780287E-05
  7.42175616324E-05
  7.40906398278E-05
  7.39735187381E-05
  7.38677263143E-05
  7.37746231607E-05
  7.36955844332E-05
  7.36318324925E-05
  7.35844951123E-05
  7.35546127544E-05
  7.35430439818E-05
  7.35505673219E-05
  7.35777502996E-05
  7.36250294722E-05
  7.36926594982E-05
  7.37807713449E-05
  7.38892413210E-05
  7.40178147680E-05
  7.41660696804E-05
  7.43333439459E-05
  7.45188808651E-05
  7.47216763557E-05
  7.49406026443E-05
  7.51743500587E-05
  7.54214925109E-05
  7.56804147386E-05
  7.59493850637E-05
  7.62266208767E-05
  7.65101431170E-05
  7.67979508964E-05
  7.70879414631E-05
  7.73779829615E-05
  7.76659071562E-05
  7.79494876042E-05
  7.82265851740E-05
  7.84950025263E-05
  7.87526296335E-05
  7.89973928477E-05
  7.92273203842E-05
  7.94404913904E-05
  7.96351669123E-05
  7.98096807557E-05
  7.99625195214E-05
  8.00923517090E-05
  8.01979986136E-05
  8.02784707048E-05
  8.03329749033E-05
  8.03609218565E-05
  8.03618895588E-05
  8.03357397672E-05
  8.02824870334E-05
  8.02024005679E-05
  8.00959533080E-05
  7.99638146418E-05
  7.98069086159E-05
  7.96263047960E-05
  7.94233201304E-05
  7.91994098108E-05
  7.89562254795E-05
  7.86956006777E-05
  7.84194635344E-05
  7.81299531809E-05
  7.78292160248E-05
  7.75195949245E-05
  7.72034327383E-05
  7.68832105678E-05
  7.65613804106E-05
  7.62404306442E-05
  7.59228714742E-05
  7.56111621740E-05
  7.53077401896E-05
  7.50149702071E-05
  7.47351368773E-05
  7.44704375393E-05
  7.42229385651E-05
  7.39945608075E-05
  7.37870941521E-05
  7.36021684133E-05
  7.34412242309E-05
  7.33055130695E-05
  7.31960826670E-05
  7.31138061383E-05
  7.30592801119E-05
  7.30329411454E-05
  7.30349929654E-05
  7.30653773644E-05
  7.31238906155E-05
  7.32100306777E-05
  7.33231136110E-05
  7.34622663003E-05
  7.36263828003E-05
  7.38141898182E-05
  7.40242321626E-05
  7.42548581911E-05
  7.45042707422E-05
  7.47705853428E-05
  7.50516992412E-05
  7.53455024096E-05
  7.56497247494E-05
  7.59620525059E-05
  7.62801137171E-05
  7.66014927649E-05
  7.69237740315E-05
  7.72445346229E-05
  7.75614025770E-05
  7.78719986556E-05
  7.81740382081E-05
  7.84653093433E-05
  7.87436583778E-05
  7.90071135270E-05
  7.92537393863E-05
  7.94818188297E-05
  7.96897074906E-05
  7.98760011094E-05
  8.00393827376E-05
  8.01787900855E-05
  8.02933136583E-05
  8.03821894806E-05
  8.04449518910E-05
  8.04812225397E-05
  8.04909068393E-05
  8.04740338936E-05
  8.04308947409E-05
  8.03619332146E-05
  8.02677823231E-05
  8.01492351457E-05
  8.00072812126E-05
  7.98430846771E-05
  7.96579115558E-05
  7.94531952124E-05
  7.92305145296E-05
  7.89915357018E-05
  7.87380267866E-05
  7.84718504292E-05
  7.81949347584E-05
  7.79092661105E-05
  7.76168963057E-05
  7.73198480601E-05
  7.70202168496E-05
  7.67200472183E-05
  7.64214055380E-05
  7.61262854212E-05
  7.58366513764E-05
  7.55544388085E-05
  7.52814448788E-05
  7.50194449211E-05
  7.47700614738E-05
  7.45348806959E-05
  7.43153213989E-05
  7.41127005313E-05
  7.39282113500E-05
  7.37628797651E-05
  7.36176298233E-05
  7.34932255000E-05
  7.33902998036E-05
  7.33093111194E-05
  7.32505941414E-05
  7.32143089408E-05
  7.32004918973E-05
  7.32090484235E-05
  7.32397020329E-05
  7.32920816517E-05
  7.33656634111E-05
  7.34598215786E-05
  7.35737703508E-05
  7.37066729926E-05
  7.38575545256E-05
  7.40253308322E-05
  7.42088886909E-05
  7.44069693610E-05
  7.46182995499E-05
  7.48415404814E-05
  7.50752951717E-05
  7.53181302571E-05
  7.55685832701E-05
  7.58251990192E-05
  7.60864641052E-05
  7.63509087847E-05
  7.66170414863E-05
  7.68834433984E-05
  7.71486156737E-05
  7.74112122599E-05
  7.76698434493E-05
  7.79231922934E-05
  7.81700218795E-05
  7.84091025707E-05
  7.86392993177E-05
  7.88595352788E-05
  7.90688427514E-05
  7.92662394815E-05
  7.94509251136E-05
  7.96221211203E-05
  7.97791290097E-05
  7.99213667051E-05
  8.00483103376E-05
  8.01595379016E-05
  8.02546928753E-05
  8.03335351520E-05
  8.03958537290E-05
  8.04415831226E-05
  8.04707087809E-05
  8.04832598078E-05
  8.04794181022E-05
  8.04593873909E-05
  8.04234514362E-05
  8.03719740361E-05
  8.03053771961E-05
  8.02241484053E-05
  8.01288260845E-05
  8.00200214144E-05
  7.98983819550E-05
  7.97646280262E-05
  7.96195090516E-05
  7.94638108346E-05
  7.92983628344E-05
  7.91240672697E-05
  7.89418045315E-05
  7.87525132182E-05
  7.85571537563E-05
  7.83566865721E-05
  7.81521302997E-05
  7.79444817454E-05
  7.77347522671E-05
  7.75239968789E-05
  7.73132123868E-05
  7.71034319769E-05
  7.68956961110E-05
  7.66909943195E-05
  7.64903597883E-05
  7.62947383919E-05
  7.61051196605E-05
  7.59224349167E-05
  7.57476009312E-05
  7.55814762670E-05
  7.54249049351E-05
  7.52787018428E-05
  7.51436164137E-05
  7.50203616917E-05
  7.49095852370E-05
  7.48118836782E-05
  7.47278027120E-05
  7.46578079998E-05
  7.46023069951E-05
  7.45616707718E-05
  7.45361248846E-05
  7.45258948882E-05
  7.45310753700E-05
  7.45517172618E-05
  7.45877550798E-05
  7.46390724089E-05
  7.47054582462E-05
  7.47865997255E-05
  7.48821548768E-05
  7.49916071072E-05
  7.51144543756E-05
  7.52500491217E-05
  7.53977001295E-05
  7.55566143198E-05
  7.57259185775E-05
  7.59047252359E-05
  7.60920011089E-05
  7.62867275625E-05
  7.64877622714E-05
  7.66939992900E-05
  7.69041798776E-05
  7.71170962253E-05
  7.73315041442E-05
  7.75460794102E-05
  7.77595196269E-05
  7.79705296736E-05
  7.81777998782E-05
  7.83800278441E-05
  7.85759402788E-05
  7.87643002695E-05
  7.89438709035E-05
  7.91135098552E-05
  7.92720820755E-05
  7.94185616542E-05
  7.95519445091E-05
  7.96713575255E-05
  7.97759494162E-05
  7.98650362412E-05
  7.99379631644E-05
  7.99942208687E-05
  8.00333946245E-05
  8.00551715656E-05
  8.00593988970E-05
  8.00459456514E-05
  8.00149427960E-05
  7.99665067461E-05
  7.99009649199E-05
  7.98187393229E-05
  7.97203319962E-05
  7.96064196038E-05
  7.94777588453E-05
  7.93352010078E-05
  7.91797356214E-05
  7.90124249761E-05
  7.88344186731E-05
  7.86469245213E-05
  7.84512958489E-05
  7.82488568802E-05
  7.80410337029E-05
  7.78292887844E-05
  7.76150991442E-05
  7.73999709054E-05
  7.71854465711E-05
  7.69730177126E-05
  7.67641831771E-05
  7.65604272601E-05
  7.63631542213E-05
  7.61737755965E-05
  7.59936156101E-05
  7.58239330025E-05
  7.56658919272E-05
  7.55205837777E-05
  7.53889908083E-05
  7.52719788579E-05
  7.51703555579E-05
  7.50847466406E-05
  7.50156759750E-05
  7.49635510147E-05
  7.49286409700E-05
  7.49110622564E-05
  7.49108367017E-05
  7.49278115109E-05
  7.49617247493E-05
  7.50121689634E-05
  7.50786130084E-05
  7.51604457037E-05
  7.52568448661E-05
  7.53669664846E-05
  7.54898283049E-05
  7.56243316573E-05
  7.57693342166E-05
  7.59235917940E-05
  7.60857947171E-05
  7.62545751058E-05
  7.64285432524E-05
  7.66062512412E-05
  7.67862366047E-05
  7.69670368754E-05
  7.71471823100E-05
  7.73252468207E-05
  7.74997679400E-05
  7.76694068918E-05
  7.78327957960E-05
  7.79886831879E-05
  7.81358539825E-05
  7.82731949585E-05
  7.83996729297E-05
  7.85143347457E-05
  7.86163654993E-05
  7.87050230429E-05
  7.87797107478E-05
  7.88399192970E-05
  7.88853067206E-05
  7.89155965322E-05
  7.89306795923E-05
  7.89305631770E-05
  7.89153564256E-05
  7.88853212725E-05
  7.88407996879E-05
  7.87822864368E-05
  7.87103563198E-05
  7.86257005529E-05
  7.85290758358E-05
  7.84213698353E-05
  7.83035211498E-05
  7.81765120337E-05
  7.80414848123E-05
  7.78994944994E-05
  7.77517416282E-05
  7.75994121796E-05
  7.74437066866E-05
  7.72858547862E-05
  7.71270861151E-05
  7.69685939304E-05
  7.68115569372E-05
  7.66571465647E-05
  7.65064687585E-05
  7.63605712564E-05
  7.62204726925E-05
  7.60871116654E-05
  7.59613540140E-05
  7.58439709898E-05
  7.57356829126E-05
  7.56370864110E-05
  7.55487199058E-05
  7.54709981265E-05
  7.54042484914E-05
  7.53487329348E-05
  7.53045605961E-05
  7.52717824071E-05
  7.52503256081E-05
  7.52400665078E-05
  7.52407649998E-05
  7.52520936658E-05
  7.52736596041E-05
  7.53049898776E-05
  7.53455533413E-05
  7.53947097110E-05
  7.54518332542E-05
  7.55162182031E-05
  7.55871151341E-05
  7.56637236918E-05
  7.57452799007E-05
  7.58309397497E-05
  7.59198883316E-05
  7.60113034630E-05
  7.61043629609E-05
  7.61982591939E-05
  7.62922136346E-05
  7.63854986872E-05
  7.64773794799E-05
  7.65671647969E-05
  7.66542652855E-05
  7.67380552134E-05
  7.68180689192E-05
  7.68937898101E-05
  7.69648540881E-05
  7.70309197833E-05
  7.70916958572E-05
  7.71469931351E-05
  7.71966515458E-05
  7.72406274336E-05
  7.72788771428E-05
  7.73114807089E-05
  7.73385181674E-05
  7.73602005211E-05
  7.73767096689E-05
  7.73883439251E-05
  7.73954088800E-05
  7.73982610554E-05
  7.73973006289E-05
  7.73929568822E-05
  7.73856663727E-05
  7.73758947616E-05
  7.73641222622E-05
  7.73508581915E-05
  7.73365609348E-05
  7.73217252572E-05
  7.73068240960E-05
  7.72923449404E-05
  7.72786879679E-05
  7.72663115640E-05
  7.72555576987E-05
  7.72468411014E-05
  7.72404455347E-05
  7.72366329329E-05
  7.72356870584E-05
  7.72377607063E-05
  7.72430284997E-05
  7.72515850258E-05
  7.72634884925E-05
  7.72787316237E-05
  7.72972780396E-05
  7.73190477048E-05
  7.73438805481E-05
  7.73716310505E-05
  7.74020663812E-05
  7.74349464336E-05
  7.74699437898E-05
  7.75067601353E-05
  7.75450535002E-05
  7.75844091550E-05
  7.76244851295E-05
  7.76648084866E-05
  7.77050154284E-05
  7.77446257416E-05
  7.77832392487E-05
  7.78204121161E-05
  7.78557368903E-05
  7.78887915658E-05
  7.79191832407E-05
  7.79465699452E-05
  7.79705587775E-05
  7.79908732511E-05
  7.80071932240E-05
  7.80193004175E-05
  7.80269474490E-05
  7.80299960752E-05
  7.80283007771E-05
  7.80217669671E-05
  7.80103582656E-05
  7.79940965003E-05
  7.79730180511E-05
  7.79472175054E-05
  7.79168549343E-05
  7.78821195127E-05
  7.78432295192E-05
  7.78004832682E-05
  7.77541645220E-05
  7.77046589064E-05
  7.76523156674E-05
  7.75976004661E-05
  7.75409134803E-05
  7.74827276473E-05
  7.74235450081E-05
  7.73638603278E-05
  7.73041756474E-05
  7.72450148361E-05
  7.71869017626E-05
  7.71303457441E-05
  7.70758633735E-05
  7.70239348640E-05
  7.69750404288E-05
  7.69296457293E-05
  7.68881509430E-05
  7.68509707996E-05
  7.68184909248E-05
  7.67910023569E-05
  7.67688179621E-05
  7.67521560192E-05
  7.67412348068E-05
  7.67361707403E-05
  7.67370729591E-05
  7.67439851188E-05
  7.67568853917E-05
  7.67757373978E-05
  7.68004101701E-05
  7.68307218095E-05
  7.68664685893E-05
  7.69073521951E-05
  7.69530743128E-05
  7.70032565924E-05
  7.70574843045E-05
  7.71152990637E-05
  7.71762133809E-05
  7.72397397668E-05
  7.73052670411E-05
  7.73722495069E-05
  7.74400832597E-05
  7.75081498432E-05
  7.75758308009E-05
  7.76425004005E-05
  7.77075401857E-05
  7.77703098720E-05
  7.78302419349E-05
  7.78867106419E-05
  7.79391484684E-05
  7.79870460974E-05
  7.80298796599E-05
  7.80671980465E-05
  7.80985646998E-05
  7.81236085459E-05
  7.81419948908E-05
  7.81534763519E-05
  7.81578346505E-05
  7.81548951636E-05
  7.81445851317E-05
  7.81268754508E-05
  7.81018025009E-05
  7.80694608693E-05
  7.80300470069E-05
  7.79837646405E-05
  7.79309411882E-05
  7.78719186201E-05
  7.78071262175E-05
  7.77370150900E-05
  7.76621309342E-05
  7.75830703788E-05
  7.75004227762E-05
  7.74148720666E-05
  7.73271094658E-05
  7.72378552938E-05
  7.71478589741E-05
  7.70578917582E-05
  7.69687248976E-05
  7.68811369198E-05
  7.67959063523E-05
  7.67137680668E-05
  7.66355151427E-05
  7.65618242440E-05
  7.64934229665E-05
  7.64309297665E-05
  7.63749558246E-05
  7.63260832173E-05
  7.62847921578E-05
  7.62515555834E-05
  7.62267154641E-05
  7.62106137699E-05
  7.62034687796E-05
  7.62054187362E-05
  7.62165873311E-05
  7.62369381846E-05
  7.62664130889E-05
  7.63048301451E-05
  7.63519856264E-05
  7.64075230109E-05
  7.64710275689E-05
  7.65420700191E-05
  7.66200610087E-05
  7.67044111853E-05
  7.67944366089E-05
  7.68893878558E-05
  7.69884791225E-05
  7.70908955019E-05
  7.71957420511E-05
  7.73021092755E-05
  7.74090658524E-05
  7.75156877353E-05
  7.76210072218E-05
  7.77240493335E-05
  7.78239118517E-05
  7.79196125222E-05
  7.80102782301E-05
  7.80950431363E-05
  7.81730705057E-05
  7.82435599831E-05
  7.83058130764E-05
  7.83591531217E-05
  7.84029980423E-05
  7.84368239692E-05
  7.84602161730E-05
  7.84727963037E-05
  7.84743024269E-05
  7.84645817475E-05
  7.84435469541E-05
  7.84112198744E-05
  7.83677096479E-05
  7.83132200013E-05
  7.82480783528E-05
  7.81726557761E-05
  7.80874397606E-05
  7.79930269346E-05
  7.78900503065E-05
  7.77792665758E-05
  7.76614251663E-05
  7.75374428486E-05
  7.74082145654E-05
  7.72747298470E-05
  7.71379927755E-05
  7.69990365370E-05
  7.68589670770E-05
  7.67188321333E-05
  7.65797667555E-05
  7.64428114053E-05
  7.63090793043E-05
  7.61796036386E-05
  7.60554248700E-05
  7.59375179769E-05
  7.58268070058E-05
  7.57242160034E-05
  7.56305089453E-05
  7.55464716349E-05
  7.54727589083E-05
  7.54099673941E-05
  7.53586064093E-05
  7.53190543037E-05
  7.52916603233E-05
  7.52766354708E-05
  7.52741107135E-05
  7.52840787754E-05
  7.53064887249E-05
  7.53411586629E-05
  7.53878121031E-05
  7.54460852477E-05
  7.55155197112E-05
  7.55955916247E-05
  7.56856534281E-05
  7.57850284572E-05
  7.58929309086E-05
  7.60085458751E-05
  7.61309929658E-05
  7.62593190302E-05
  7.63925854699E-05
  7.65297736507E-05
  7.66698649386E-05
  7.68118334236E-05
  7.69546386437E-05
  7.70972328610E-05
  7.72386192693E-05
  7.73777792347E-05
  7.75137450546E-05
  7.76456072344E-05
  7.77724490035E-05
  7.78934336267E-05
  7.80077971285E-05
  7.81148119131E-05
  7.82138231443E-05
  7.83042705734E-05
  7.83856448834E-05
  7.84575022408E-05
  7.85195297794E-05
  7.85714364611E-05
  7.86130840424E-05
  7.86443342804E-05
  7.86651944509E-05
  7.86757300375E-05
  7.86760647316E-05
  7.86664459156E-05
  7.86471064202E-05
  7.86184536992E-05
  7.85808588262E-05
  7.85348092904E-05
  7.84808362368E-05
  7.84194708103E-05
  7.83513460192E-05
  7.82770730439E-05
  7.81973431003E-05
  7.81127964729E-05
  7.80241607572E-05
  7.79321053415E-05
  7.78373505455E-05
  7.77405803092E-05
  7.76424712967E-05
  7.75437001721E-05
  7.74448781158E-05
  7.73466454120E-05
  7.72495623096E-05
  7.71542036091E-05
  7.70610422478E-05
  7.69705802668E-05
  7.68832396716E-05
  7.67993697082E-05
  7.67193341744E-05
  7.66434022808E-05
  7.65718432376E-05
  7.65048243920E-05
  7.64425349189E-05
  7.63850548537E-05
  7.63324933359E-05
  7.62848503655E-05
  7.62421550462E-05
  7.62043637224E-05
  7.61714181863E-05
  7.61432529544E-05
  7.61197661632E-05
  7.61008195695E-05
  7.60863113101E-05
  7.60760667617E-05
  7.60699840612E-05
  7.60678740335E-05
  7.60696420912E-05
  7.60750990594E-05
  7.60841430747E-05
  7.60966577218E-05
  7.61125265853E-05
  7.61316769058E-05
  7.61540068197E-05
  7.61794799473E-05
  7.62080453569E-05
  7.62396957725E-05
  7.62744020903E-05
  7.63122079661E-05
  7.63531279517E-05
  7.63972129789E-05
  7.64445212553E-05
  7.64951037127E-05
  7.65490476624E-05
  7.66064258642E-05
  7.66673183534E-05
  7.67318124417E-05
  7.67999590607E-05
  7.68718382460E-05
  7.69474791014E-05
  7.70269543864E-05
  7.71102131694E-05
  7.71972918301E-05
  7.72881321609E-05
  7.73826686782E-05
  7.74807922426E-05
  7.75823718868E-05
  7.76872329880E-05
  7.77951354394E-05
  7.79058536864E-05
  7.80190603109E-05
  7.81344351708E-05
  7.82515853643E-05
  7.83700888860E-05
  7.84894727985E-05
  7.86092641647E-05
  7.87289100117E-05
  7.88478282630E-05
  7.89654441178E-05
  7.90811172919E-05
  7.91942147771E-05
  7.93040744611E-05
  7.94100196799E-05
  7.95113737695E-05
  7.96074673417E-05
  7.96976237325E-05
  7.97811662778E-05
  7.98574837972E-05
  7.99259360065E-05
  7.99859335530E-05
  8.00369380158E-05
  8.00784328021E-05
  8.01099595265E-05
  8.01310889074E-05
  8.01414935268E-05
  8.01408750704E-05
  8.01290079835E-05
  8.01057249191E-05
  8.00709749456E-05
  8.00247289590E-05
  7.99670815468E-05
  7.98981782282E-05
  7.98182227300E-05
  7.97275497462E-05
  7.96265449026E-05
  7.95156665845E-05
  7.93954459368E-05
  7.92665086919E-05
  7.91295169620E-05
  7.89851983427E-05
  7.88343895692E-05
  7.86778909969E-05
  7.85166339483E-05
  7.83515351941E-05
  7.81835842645E-05
  7.80137561378E-05
  7.78430912760E-05
  7.76726083132E-05
  7.75033258833E-05
  7.73362844484E-05
  7.71725026425E-05
  7.70129554439E-05
  7.68586323829E-05
  7.67104429542E-05
  7.65692966525E-05
  7.64360083849E-05
  7.63113857829E-05
  7.61961200624E-05
  7.60908951634E-05
  7.59962713346E-05
  7.59127506171E-05
  7.58407477406E-05
  7.57806119509E-05
  7.57325906307E-05
  7.56968365749E-05
  7.56734152674E-05
  7.56623194320E-05
  7.56634399295E-05
  7.56765657570E-05
  7.57014422561E-05
  7.57376692491E-05
  7.57848247304E-05
  7.58423702791E-05
  7.59097165428E-05
  7.59862014093E-05
  7.60710827308E-05
  7.61635965318E-05
  7.62629133533E-05
  7.63681528042E-05
  7.64784199419E-05
  7.65927543398E-05
  7.67102392274E-05
  7.68298632465E-05
  7.69506877987E-05
  7.70717088017E-05
  7.71919876570E-05
  7.73105639382E-05
  7.74265135988E-05
  7.75389635237E-05
  7.76470187702E-05
  7.77499153628E-05
  7.78468602221E-05
  7.79371548560E-05
  7.80201226007E-05
  7.80952177593E-05
  7.81618946348E-05
  7.82197166700E-05
  7.82682836871E-05
  7.83073119237E-05
  7.83365612733E-05
  7.83558716648E-05
  7.83652139944E-05
  7.83645300544E-05
  7.83539435361E-05
  7.83335708547E-05
  7.83036375651E-05
  7.82644492574E-05
  7.82163697295E-05
  7.81597918831E-05
  7.80952104833E-05
  7.80231493991E-05
  7.79441834311E-05
  7.78589674155E-05
  7.77681416366E-05
  7.76724045863E-05
  7.75724911364E-05
  7.74691652623E-05
  7.73631763877E-05
  7.72553175921E-05
  7.71463819547E-05
  7.70371552790E-05
  7.69284306443E-05
  7.68209720263E-05
  7.67155434005E-05
  7.66128869145E-05
  7.65137228882E-05
  7.64187425375E-05
  7.63285715948E-05
  7.62438648962E-05
  7.61651754146E-05
  7.60930270189E-05
  7.60279363021E-05
  7.59703107178E-05
  7.59205504437E-05
  7.58789683459E-05
  7.58458627388E-05
  7.58214373491E-05
  7.58058667998E-05
  7.57992456784E-05
  7.58016321925E-05
  7.58130190661E-05
  7.58333335398E-05
  7.58624737500E-05
  7.59002650739E-05
  7.59464819566E-05
  7.60008406360E-05
  7.60630355217E-05
  7.61327028158E-05
  7.62094059610E-05
  7.62927156757E-05
  7.63821371947E-05
  7.64771612012E-05
  7.65772274463E-05
  7.66817465774E-05
  7.67901365180E-05
  7.69017497078E-05
  7.70159604144E-05
  7.71321065258E-05
  7.72495259298E-05
  7.73675419623E-05
  7.74855070631E-05
  7.76027372922E-05
  7.77185705374E-05
  7.78323592385E-05
  7.79434485594E-05
  7.80512273195E-05
  7.81550916145E-05
  7.82544593676E-05
  7.83487703302E-05
  7.84375151852E-05
  7.85201773397E-05
  7.85963347880E-05
  7.86655509728E-05
  7.87274329923E-05
  7.87816752563E-05
  7.88279576227E-05
  7.88660472608E-05
  7.88957477198E-05
  7.89168989286E-05
  7.89294135757E-05
  7.89332261775E-05
  7.89283512859E-05
  7.89148252807E-05
  7.88927500253E-05
  7.88623001426E-05
  7.88236648077E-05
  7.87770841271E-05
  7.87228636909E-05
  7.86613672972E-05
  7.85929587437E-05
  7.85180891398E-05
  7.84372241469E-05
  7.83508658060E-05
  7.82595816418E-05
  7.81639246270E-05
  7.80645132181E-05
  7.79619731475E-05
  7.78569738031E-05
  7.77501554694E-05
  7.76422311901E-05
  7.75338703534E-05
  7.74258005549E-05
  7.73187057348E-05
  7.72132989368E-05
  7.71102786530E-05
  7.70102997194E-05
  7.69140533521E-05
  7.68221725593E-05
  7.67352976254E-05
  7.66540033510E-05
  7.65788863646E-05
  7.65104414313E-05
  7.64491996961E-05
  7.63955686125E-05
  7.63499701861E-05
  7.63127536629E-05
  7.62842246331E-05
  7.62646377552E-05
  7.62541822041E-05
  7.62530107750E-05
  7.62611962273E-05
  7.62787531130E-05
  7.63056377764E-05
  7.63417701819E-05
  7.63869829825E-05
  7.64410578995E-05
  7.65037257224E-05
  7.65746372053E-05
  7.66534285503E-05
  7.67396340962E-05
  7.68327445257E-05
  7.69322505221E-05
  7.70375554566E-05
  7.71480044932E-05
  7.72629500716E-05
  7.73816936999E-05
  7.75034641265E-05
  7.76275483076E-05
  7.77531240601E-05
  7.78793983045E-05
  7.80055634095E-05
  7.81307899160E-05
  7.82542774687E-05
  7.83751675044E-05
  7.84926887718E-05
  7.86060045357E-05
  7.87143726484E-05
  7.88170073065E-05
  7.89131809142E-05
  7.90022095316E-05
  7.90834383224E-05
  7.91562342783E-05
  7.92200371507E-05
  7.92743303464E-05
  7.93186554802E-05
  7.93525832705E-05
  7.93757935753E-05
  7.93879662524E-05
  7.93889266788E-05
  7.93784929556E-05
  7.93565850472E-05
  7.93231884018E-05
  7.92783903307E-05
  7.92222926975E-05
  7.91550992290E-05
  7.90770864114E-05
  7.89885816630E-05
  7.88900288171E-05
  7.87818717072E-05
  7.86646560300E-05
  7.85389929661E-05
  7.84055155236E-05
  7.82649585744E-05
  7.81180715421E-05
  7.79656766099E-05
  7.78086105129E-05
  7.76477609179E-05
  7.74840591475E-05
  7.73184510763E-05
  7.71518971305E-05
  7.69853650127E-05
  7.68198588048E-05
  7.66563607613E-05
  7.64958676882E-05
  7.63393472880E-05
  7.61877745390E-05
  7.60420734878E-05
  7.59031681810E-05
  7.57719462854E-05
  7.56491936045E-05
  7.55357395974E-05
  7.54323191359E-05
  7.53395943320E-05
  7.52581909182E-05
  7.51886691432E-05
  7.51314946683E-05
  7.50870749471E-05
  7.50557301217E-05
  7.50377294025E-05
  7.50332183088E-05
  7.50422696001E-05
  7.50648978283E-05
  7.51009720261E-05
  7.51503393985E-05
  7.52127161832E-05
  7.52877458581E-05
  7.53749845899E-05
  7.54739230615E-05
  7.55839355406E-05
  7.57043599151E-05
  7.58344467613E-05
  7.59733738960E-05
  7.61202536523E-05
  7.62741692597E-05
  7.64341093600E-05
  7.65990480431E-05
  7.67678939155E-05
  7.69395919633E-05
  7.71129853092E-05
  7.72869243519E-05
  7.74602813181E-05
  7.76318920543E-05
  7.78006215114E-05
  7.79653346399E-05
  7.81249473221E-05
  7.82783827162E-05
  7.84246076364E-05
  7.85626398283E-05
  7.86915625213E-05
  7.88104953244E-05
  7.89186669863E-05
  7.90153499111E-05
  7.90998819866E-05
  7.91717247921E-05
  7.92304126662E-05
  7.92755672592E-05
  7.93069048086E-05
  7.93242797954E-05
  7.93275758042E-05
  7.93168437667E-05
  7.92921928223E-05
  7.92538558017E-05
  7.92021673988E-05
  7.91375568951E-05
  7.90605263319E-05
  7.89717159932E-05
  7.88717952673E-05
  7.87615354056E-05
  7.86418095231E-05
  7.85135343904E-05
  7.83776995377E-05
  7.82353235991E-05
  7.80875125201E-05
  7.79353795224E-05
  7.77800669312E-05
  7.76227607275E-05
  7.74646396167E-05
  7.73068750277E-05
  7.71506602177E-05
  7.69971520640E-05
  7.68474856159E-05
  7.67027377151E-05
  7.65639924794E-05
  7.64322321629E-05
  7.63084099162E-05
  7.61933988542E-05
  7.60879993322E-05
  7.59929243941E-05
  7.59088216000E-05
  7.58362148190E-05
  7.57755697123E-05
  7.57272209739E-05
  7.56914378144E-05
  7.56683439249E-05
  7.56579829613E-05
  7.56603112677E-05
  7.56751542212E-05
  7.57022571634E-05
  7.57412562962E-05
  7.57917077863E-05
  7.58530586609E-05
  7.59246904636E-05
  7.60059047025E-05
  7.60959082982E-05
  7.61938863434E-05
  7.62989366194E-05
  7.64101059758E-05
  7.65264267102E-05
  7.66468801885E-05
  7.67704186728E-05
  7.68960162532E-05
  7.70226106397E-05
  7.71491468186E-05
  7.72746134317E-05
  7.73980063968E-05
  7.75183507358E-05
  7.76347078499E-05
  7.77462191763E-05
  7.78520479798E-05
  7.79514375608E-05
  7.80437112553E-05
  7.81282287790E-05
  7.82044953667E-05
  7.82720526331E-05
  7.83305295045E-05
  7.83796785981E-05
  7.84192961873E-05
  7.84493240644E-05
  7.84697622294E-05
  7.84806907177E-05
  7.84823350841E-05
  7.84749354352E-05
  7.84588628449E-05
  7.84345611464E-05
  7.84025105531E-05
  7.83633076935E-05
  7.83175928518E-05
  7.82660281402E-05
  7.82093629823E-05
  7.81483759056E-05
  7.80838745413E-05
  7.80166519689E-05
  7.79475813033E-05
  7.78774920036E-05
  7.78072135290E-05
  7.77375898906E-05
  7.76694287197E-05
  7.76034867158E-05
  7.75405278546E-05
  7.74812288000E-05
  7.74262371124E-05
  7.73761566961E-05
  7.73314968683E-05
  7.72927232902E-05
  7.72602143115E-05
  7.72342973505E-05
  7.72151906858E-05
  7.72030616645E-05
  7.71979757701E-05
  7.71999111748E-05
  7.72088096710E-05
  7.72244748077E-05
  7.72466810304E-05
  7.72750936449E-05
  7.73093343014E-05
  7.73489591666E-05
  7.73934298195E-05
  7.74421932874E-05
  7.74946311140E-05
  7.75500739110E-05
  7.76078450144E-05
  7.76672022766E-05
  7.77274181019E-05
  7.77877503424E-05
  7.78474277467E-05
  7.79057081672E-05
  7.79618494562E-05
  7.80151385698E-05
  7.80648915679E-05
  7.81104463385E-05
  7.81511917012E-05
  7.81865746831E-05
  7.82160859671E-05
  7.82392744441E-05
  7.82557544881E-05
  7.82652132330E-05
  7.82674178481E-05
  7.82622009865E-05
  7.82494753366E-05
  7.82292190706E-05
  7.82015049481E-05
  7.81664712122E-05
  7.81243579695E-05
  7.80754417065E-05
  7.80201007728E-05
  7.79587644502E-05
  7.78919347795E-05
  7.78201720095E-05
  7.77441018727E-05
  7.76643501013E-05
  7.75816515670E-05
  7.74967338657E-05
  7.74103536969E-05
  7.73233041400E-05
  7.72363709984E-05
  7.71503546275E-05
  7.70660699345E-05
  7.69842881709E-05
  7.69057805883E-05
  7.68312893342E-05
  7.67615129007E-05
  7.66971352277E-05
  7.66387820477E-05
  7.65869990573E-05
  7.65423246776E-05
  7.65051954659E-05
  7.64759824960E-05
  7.64550204622E-05
  7.64425276429E-05
  7.64386786614E-05
  7.64435535530E-05
  7.64571450418E-05
  7.64794021961E-05
  7.65101794968E-05
  7.65492222854E-05
  7.65962540754E-05
  7.66508965171E-05
  7.67127130530E-05
  7.67812234699E-05
  7.68558529671E-05
  7.69359903643E-05
  7.70209808252E-05
  7.71101258579E-05
  7.72026905906E-05
  7.72979255999E-05
  7.73950523580E-05
  7.74932559580E-05
  7.75917578721E-05
  7.76897504693E-05
  7.77864406700E-05
  7.78810644988E-05
  7.79728798079E-05
  7.80611444497E-05
  7.81451963121E-05
  7.82243732829E-05
  7.82980932854E-05
  7.83658178989E-05
  7.84270450822E-05
  7.84813746577E-05
  7.85284282756E-05
  7.85679148976E-05
  7.85996162449E-05
  7.86233795225E-05
  7.86391319707E-05
  7.86468590377E-05
  7.86466116551E-05
  7.86385353422E-05
  7.86228192737E-05
  7.85997253843E-05
  7.85695738159E-05
  7.85327647463E-05
  7.84897056292E-05
  7.84409130574E-05
  7.83868963481E-05
  7.83282230259E-05
  7.82654897193E-05
  7.81993294368E-05
  7.81303824624E-05
  7.80592963565E-05
  7.79867550591E-05
  7.79134206823E-05
  7.78399480623E-05
  7.77669920353E-05
  7.76951783337E-05
  7.76251181378E-05
  7.75573789724E-05
  7.74925138103E-05
  7.74310101406E-05
  7.73733481765E-05
  7.73199208197E-05
  7.72710991441E-05
  7.72271960159E-05
  7.71884369897E-05
  7.71550403442E-05
  7.71271224949E-05
  7.71047707531E-05
  7.70879923948E-05
  7.70767510403E-05
  7.70709375502E-05
  7.70704064053E-05
  7.70749320509E-05
  7.70842889324E-05
  7.70981350797E-05
  7.71161649027E-05
  7.71379491198E-05
  7.71631093812E-05
  7.71911727497E-05
  7.72216662881E-05
  7.72541243350E-05
  7.72880230215E-05
  7.73228603066E-05
  7.73581341491E-05
  7.73933206801E-05
  7.74279251345E-05
  7.74614891270E-05
  7.74935178924E-05
  7.75236039772E-05
  7.75513180997E-05
  7.75762891863E-05
  7.75981825427E-05
  7.76167071308E-05
  7.76316155680E-05
  7.76426822995E-05
  7.76497836341E-05
  7.76527958806E-05
  7.76516608312E-05
  7.76463857619E-05
  7.76370288804E-05
  7.76236702222E-05
  7.76064771344E-05
  7.75856460677E-05
  7.75614171289E-05
  7.75340886321E-05
  7.75039879954E-05
  7.74714790168E-05
  7.74369691499E-05
  7.74008731241E-05
  7.73636566009E-05
  7.73257706896E-05
  7.72877319832E-05
  7.72500279709E-05
  7.72131461417E-05
  7.71775958128E-05
  7.71438790252E-05
  7.71124614403E-05
  7.70838159951E-05
  7.70583865233E-05
  7.70366023062E-05
  7.70188344177E-05
  7.70054612076E-05
  7.69967737142E-05
  7.69930411479E-05
  7.69945254433E-05
  7.70013793954E-05
  7.70137485233E-05
  7.70317055867E-05
  7.70552942413E-05
  7.70844708313E-05
  7.71191844251E-05
  7.71592676756E-05
  7.72045750637E-05
  7.72548664827E-05
  7.73098436184E-05
  7.73691936047E-05
  7.74325526436E-05
  7.74994987296E-05
  7.75696025812E-05
  7.76423694333E-05
  7.77173117967E-05
  7.77938694227E-05
  7.78715111664E-05
  7.79496695031E-05
  7.80277550803E-05
  7.81051930971E-05
  7.81814087532E-05
  7.82558345236E-05
  7.83278883318E-05
  7.83970390330E-05
  7.84627554822E-05
  7.85245283623E-05
  7.85818992881E-05
  7.86344025983E-05
  7.86816672189E-05
  7.87233148003E-05
  7.87590179243E-05
  7.87885219324E-05
  7.88115794421E-05
  7.88280231063E-05
  7.88377292338E-05
  7.88406250649E-05
  7.88366887718E-05
  7.88259421824E-05
  7.88084726082E-05
  7.87844255683E-05
  7.87539756857E-05
  7.87173412391E-05
  7.86748059909E-05
  7.86266755313E-05
  7.85733209341E-05
  7.85151205491E-05
  7.84525109339E-05
  7.83859359217E-05
  7.83158757258E-05
  7.82428251114E-05
  7.81673006713E-05
  7.80898408266E-05
  7.80109767220E-05
  7.79312395025E-05
  7.78511675890E-05
  7.77712994022E-05
  7.76921515353E-05
  7.76142551331E-05
  7.75380758569E-05
  7.74641157477E-05
  7.73927968112E-05
  7.73245628807E-05
  7.72597923060E-05
  7.71988561610E-05
  7.71420745878E-05
  7.70897386246E-05
  7.70421102061E-05
  7.69993857830E-05
  7.69617545302E-05
  7.69293401390E-05
  7.69022663007E-05
  7.68805548432E-05
  7.68642348703E-05
  7.68532845541E-05
  7.68476602389E-05
  7.68472527852E-05
  7.68519530538E-05
  7.68615936977E-05
  7.68759855418E-05
  7.68949175836E-05
  7.69181569922E-05
  7.69454418332E-05
  7.69764883444E-05
  7.70110200392E-05
  7.70487094996E-05
  7.70892511355E-05
  7.71323102526E-05
  7.71775594330E-05
  7.72246712586E-05
  7.72732964833E-05
  7.73231076892E-05
  7.73737847339E-05
  7.74250074755E-05
  7.74764557718E-05
  7.75278458605E-05
  7.75788794272E-05
  7.76292727096E-05
  7.76787783252E-05
  7.77271488914E-05
  7.77741515776E-05
  7.78195899329E-05
  7.78632747824E-05
  7.79050242272E-05
  7.79446854722E-05
  7.79821202741E-05
  7.80172267696E-05
  7.80498812674E-05
  7.80800182838E-05
  7.81075650593E-05
  7.81324924901E-05
  7.81547350925E-05
  7.81742783147E-05
  7.81911512604E-05
  7.82053321018E-05
  7.82168426667E-05
  7.82257266110E-05
  7.82320130384E-05
  7.82357601565E-05
  7.82370261732E-05
  7.82358838478E-05
  7.82323986641E-05
  7.82266506576E-05
  7.82187416917E-05
  7.82087590778E-05
  7.81967901275E-05
  7.81829512562E-05
  7.81673443271E-05
  7.81500857556E-05
  7.81312774052E-05
  7.81110502430E-05
  7.80895279604E-05
  7.80668196967E-05
  7.80430709710E-05
  7.80183981988E-05
  7.79929323471E-05
  7.79668262112E-05
  7.79402107582E-05
  7.79132242315E-05
  7.78860121500E-05
  7.78587273089E-05
  7.78315006755E-05
  7.78044850449E-05
  7.77778259362E-05
  7.77516834205E-05
  7.77261957410E-05
  7.77015156928E-05
  7.76777887950E-05
  7.76551460149E-05
  7.76337401476E-05
  7.76137021603E-05
  7.75951630203E-05
  7.75782391429E-05
  7.75630469434E-05
  7.75497101131E-05
  7.75383014116E-05
  7.75289227022E-05
  7.75216467446E-05
  7.75165317464E-05
  7.75136286393E-05
  7.75129810791E-05
  7.75145817897E-05
  7.75184671511E-05
  7.75245935074E-05
  7.75329317548E-05
  7.75434382376E-05
  7.75560401962E-05
  7.75706430431E-05
  7.75871521910E-05
  7.76054439484E-05
  7.76253727963E-05
  7.76467859396E-05
  7.76694942033E-05
  7.76933302404E-05
  7.77180757723E-05
  7.77435270720E-05
  7.77694585850E-05
  7.77956302045E-05
  7.78218091000E-05
  7.78477478889E-05
  7.78731846367E-05
  7.78978937888E-05
  7.79216134106E-05
  7.79441106715E-05
  7.79651309131E-05
  7.79844631325E-05
  7.80018890509E-05
  7.80172194936E-05
  7.80302434578E-05
  7.80408081482E-05
  7.80487680458E-05
  7.80539994594E-05
  7.80564005254E-05
  7.80558912084E-05
  7.80524205766E-05
  7.80459740781E-05
  7.80365589890E-05
  7.80242116889E-05
  7.80089903856E-05
  7.79910114943E-05
  7.79703841545E-05
  7.79472538852E-05
  7.79218244134E-05
  7.78942921897E-05
  7.78649118729E-05
  7.78338871896E-05
  7.78015382821E-05
  7.77681489126E-05
  7.77340246714E-05
  7.76994857006E-05
  7.76648666942E-05
  7.76305241743E-05
  7.75967855589E-05
  7.75640146458E-05
  7.75325315772E-05
  7.75026855990E-05
  7.74748041295E-05
  7.74492000346E-05
  7.74261789047E-05
  7.74059953983E-05
  7.73889260017E-05
  7.73751962697E-05
  7.73650026531E-05
  7.73585197749E-05
  7.73558858782E-05
  7.73572028265E-05
  7.73625506554E-05
  7.73719511926E-05
  7.73854044382E-05
  7.74028740125E-05
  7.74242580519E-05
  7.74494474172E-05
  7.74782965891E-05
  7.75105945650E-05
  7.75461230660E-05
  7.75846274337E-05
  7.76258093538E-05
  7.76693559601E-05
  7.77149180067E-05
  7.77621389716E-05
  7.78106259531E-05
  7.78599714977E-05
  7.79097754275E-05
  7.79596230132E-05
  7.80090849730E-05
  7.80577320256E-05
  7.81051639933E-05
  7.81509588705E-05
  7.81947164796E-05
  7.82360511948E-05
  7.82746210461E-05
  7.83100695116E-05
  7.83420982771E-05
  7.83704308560E-05
  7.83947980381E-05
  7.84150033724E-05
  7.84308649600E-05
  7.84422372817E-05
  7.84490548540E-05
  7.84512230894E-05
  7.84487638157E-05
  7.84416843089E-05
  7.84300791565E-05
  7.84140356700E-05
  7.83937211963E-05
  7.83693394624E-05
  7.83411014709E-05
  7.83092764323E-05
  7.82741772127E-05
  7.82361094025E-05
  7.81954440754E-05
  7.81525377533E-05
  7.81078051659E-05
  7.80616392149E-05
  7.80144764576E-05
  7.79667316237E-05
  7.79188485467E-05
  7.78712565079E-05
  7.78243775130E-05
  7.77786408435E-05
  7.77344321250E-05
  7.76921442593E-05
  7.76521555963E-05
  7.76147862780E-05
  7.75803709985E-05
  7.75491862441E-05
  7.75214866735E-05
  7.74974905653E-05
  7.74773725425E-05
  7.74612781242E-05
  7.74493091740E-05
  7.74415311753E-05
  7.74379659561E-05
  7.74385989644E-05
  7.74433647166E-05
  7.74521831772E-05
  7.74649088271E-05
  7.74813888711E-05
  7.75013977545E-05
  7.75247244746E-05
  7.75510925450E-05
  7.75802254793E-05
  7.76118031354E-05
  7.76454980951E-05
  7.76809683884E-05
  7.77178502176E-05
  7.77557797846E-05
  7.77943787398E-05
  7.78332978371E-05
  7.78721296228E-05
  7.79105466790E-05
  7.79481779318E-05
  7.79846886871E-05
  7.80197442509E-05
  7.80530608608E-05
  7.80843329267E-05
  7.81133203418E-05
  7.81398048275E-05
  7.81635681051E-05
  7.81844428275E-05
  7.82023198553E-05
  7.82170682214E-05
  7.82286297181E-05
  7.82369825174E-05
  7.82421047916E-05
  7.82440620242E-05
  7.82428905950E-05
  7.82387069194E-05
  7.82316419645E-05
  7.82218485256E-05
  7.82095157774E-05
  7.81948474469E-05
  7.81780763646E-05
  7.81594571890E-05
  7.81392591307E-05
  7.81177659519E-05
  7.80952468631E-05
  7.80720365583E-05
  7.80484187999E-05
  7.80246919021E-05
  7.80011687311E-05
  7.79781476012E-05
  7.79559122748E-05
  7.79347465141E-05
  7.79149049777E-05
  7.78966350481E-05
  7.78801841079E-05
  7.78657413321E-05
  7.78534958954E-05
  7.78436224209E-05
  7.78362373239E-05
  7.78314715717E-05
  7.78293906478E-05
  7.78300527600E-05
  7.78334724600E-05
  7.78396643000E-05
  7.78485773480E-05
  7.78601606726E-05
  7.78743269620E-05
  7.78909525252E-05
  7.79099209467E-05
  7.79310503276E-05
  7.79541805969E-05
  7.79790861998E-05
  7.80055488576E-05
  7.80333502917E-05
  7.80622285674E-05
  7.80919363024E-05
  7.81222042860E-05
  7.81527414802E-05
  7.81832932262E-05
  7.82135757618E-05
  7.82433126005E-05
  7.82722199801E-05
  7.83000432421E-05
  7.83265350037E-05
  7.83514260547E-05
  7.83744981163E-05
  7.83955183579E-05
  7.84142976045E-05
  7.84306248534E-05
  7.84443473094E-05
  7.84553121775E-05
  7.84633957664E-05
  7.84684816608E-05
  7.84704825492E-05
  7.84693474998E-05
  7.84650474088E-05
  7.84575313446E-05
  7.84468211350E-05
  7.84329531598E-05
  7.84159637988E-05
  7.83959330874E-05
  7.83729483373E-05
  7.83471332397E-05
  7.83185823821E-05
  7.82874776633E-05
  7.82539573265E-05
  7.82182178227E-05
  7.81804410508E-05
  7.81408234616E-05
  7.80995833338E-05
  7.80569534982E-05
  7.80131449574E-05
  7.79684050940E-05
  7.79229667387E-05
  7.78770845500E-05
  7.78309986345E-05
  7.77849490987E-05
  7.77391978772E-05
  7.76939778007E-05
  7.76495216996E-05
  7.76060624048E-05
  7.75638400228E-05
  7.75230582803E-05
  7.74839427322E-05
  7.74466825533E-05
  7.74114887463E-05
  7.73785286583E-05
  7.73479696363E-05
  7.73199644755E-05
  7.72946732468E-05
  7.72722123656E-05
  7.72526909714E-05
  7.72362254793E-05
  7.72228959249E-05
  7.72127677919E-05
  7.72059065639E-05
  7.72023413447E-05
  7.72020939621E-05
  7.72051716922E-05
  7.72115672589E-05
  7.72212588345E-05
  7.72341954871E-05
  7.72503335611E-05
  7.72695930209E-05
  7.72918865550E-05
  7.73171195760E-05
  7.73451756686E-05
  7.73759165895E-05
  7.74092186475E-05
  7.74449072196E-05
  7.74828149588E-05
  7.75227963459E-05
  7.75646258262E-05
  7.76081215008E-05
  7.76530723670E-05
  7.76992819738E-05
  7.77465029387E-05
  7.77945388108E-05
  7.78431276558E-05
  7.78920730227E-05
  7.79411202529E-05
  7.79900437919E-05
  7.80385962571E-05
  7.80865593697E-05
  7.81337002991E-05
  7.81797934906E-05
  7.82246279414E-05
  7.82679853728E-05
  7.83096693340E-05
  7.83494833740E-05
  7.83872601460E-05
  7.84228250268E-05
  7.84560179454E-05
  7.84867152106E-05
  7.85147713032E-05
  7.85400989116E-05
  7.85625888966E-05
  7.85821830505E-05
  7.85988231655E-05
  7.86124728620E-05
  7.86231175880E-05
  7.86307500675E-05
  7.86353994044E-05
  7.86371019785E-05
  7.86359232734E-05
  7.86319287727E-05
  7.86252348917E-05
  7.86159289419E-05
  7.86041564425E-05
  7.85900410847E-05
  7.85737720435E-05
  7.85554875620E-05
  7.85353840911E-05
  7.85136362538E-05
  7.84904696047E-05
  7.84660587669E-05
  7.84406292951E-05
  7.84143849160E-05
  7.83875584602E-05
  7.83603536547E-05
  7.83329815022E-05
  7.83056530054E-05
  7.82785791671E-05
  7.82519418863E-05
  7.82259376138E-05
  7.82007336966E-05
  7.81765047577E-05
  7.81534035923E-05
  7.81315611675E-05
  7.81111084507E-05
  7.80921473051E-05
  7.80747723184E-05
  7.80590635259E-05
  7.80450500315E-05
  7.80327973189E-05
  7.80223126640E-05
  7.80135887908E-05
  7.80066329753E-05
  7.80013870099E-05
  7.79978290666E-05
  7.79958718340E-05
  7.79954498284E-05
  7.79964757385E-05
  7.79988331487E-05
  7.80024201958E-05
  7.80071059125E-05
  7.80127666076E-05
  7.80192640377E-05
  7.80264599598E-05
  7.80342088547E-05
  7.80423724791E-05
  7.80508053140E-05
  7.80593763920E-05
  7.80679401942E-05
  7.80763948569E-05
  7.80845948611E-05
  7.80924456194E-05
  7.80998379923E-05
  7.81066846685E-05
  7.81129201641E-05
  7.81184717198E-05
  7.81233102316E-05
  7.81273774919E-05
  7.81306807767E-05
  7.81331982580E-05
  7.81349590397E-05
  7.81359849498E-05
  7.81363050919E-05
  7.81359922257E-05
  7.81351118349E-05
  7.81337585067E-05
  7.81319977250E-05
  7.81299531809E-05
  7.81277194619E-05
  7.81254202593E-05
  7.81231865403E-05
  7.81211201684E-05
  7.81193666626E-05
  7.81180424383E-05
  7.81172857387E-05
  7.81171984272E-05
  7.81179041951E-05
  7.81194976298E-05
  7.81220733188E-05
  7.81257258495E-05
  7.81305207056E-05
  7.81365160947E-05
  7.81437483965E-05
  7.81522467150E-05
  7.81620110502E-05
  7.81730414019E-05
  7.81852941145E-05
  7.81987328082E-05
  7.82132774475E-05
  7.82288479968E-05
  7.82453353168E-05
  7.82626084401E-05
  7.82805291237E-05
  7.82989518484E-05
  7.83176801633E-05
  7.83365394454E-05
  7.83553259680E-05
  7.83738360042E-05
  7.83918439993E-05
  7.84091389505E-05
  7.84254807513E-05
  7.84406583989E-05
  7.84544317867E-05
  7.84665826359E-05
  7.84768926678E-05
  7.84851654316E-05
  7.84911753726E-05
  7.84947696957E-05
  7.84957665019E-05
  7.84940202720E-05
  7.84893927630E-05
  7.84818039392E-05
  7.84711446613E-05
  7.84573639976E-05
  7.84404401202E-05
  7.84203803050E-05
  7.83971991041E-05
  7.83709474490E-05
  7.83417417551E-05
  7.83096693340E-05
  7.82748975325E-05
  7.82375936978E-05
  7.81979688327E-05
  7.81562557677E-05
  7.81127091614E-05
  7.80676200520E-05
  7.80213013059E-05
  7.79740657890E-05
  7.79262627475E-05
  7.78782632551E-05
  7.78304383857E-05
  7.77831519372E-05
  7.77368259151E-05
  7.76918313932E-05
  7.76485758252E-05
  7.76074448368E-05
  7.75688167778E-05
  7.75330772740E-05
  7.75005828473E-05
  7.74716827436E-05
  7.74467116571E-05
  7.74259533500E-05
  7.74096988607E-05
  7.73982101236E-05
  7.73916835897E-05
  7.73903229856E-05
  7.73942811065E-05
  7.74036670919E-05
  7.74185609771E-05
  7.74390064180E-05
  7.74649888626E-05
  7.74964864831E-05
  7.75334046921E-05
  7.75756197982E-05
  7.76229717303E-05
  7.76752640377E-05
  7.77322493377E-05
  7.77936365921E-05
  7.78591493145E-05
  7.79284018790E-05
  7.80010523158E-05
  7.80766713433E-05
  7.81548442319E-05
  7.82351125963E-05
  7.83170180512E-05
  7.84000585554E-05
  7.84837538959E-05
  7.85675947554E-05
  7.86510499893E-05
  7.87336321082E-05
  7.88148245192E-05
  7.88941324572E-05
  7.89710611571E-05
  7.90451304056E-05
  7.91158818174E-05
  7.91828861111E-05
  7.92457285570E-05
  7.93040162534E-05
  7.93573781266E-05
  7.94055231381E-05
  7.94481384219E-05
  7.94849838712E-05
  7.95158412075E-05
  7.95405358076E-05
  7.95589439804E-05
  7.95709711383E-05
  7.95765663497E-05
  7.95757368905E-05
  7.95685118646E-05
  7.95549785835E-05
  7.95352534624E-05
  7.95095038484E-05
  7.94779334683E-05
  7.94407824287E-05
  7.93983053882E-05
  7.93508152128E-05
  7.92986684246E-05
  7.92422069935E-05
  7.91818310972E-05
  7.91179409134E-05
  7.90509802755E-05
  7.89813784650E-05
  7.89095938671E-05
  7.88360921433E-05
  7.87613389548E-05
  7.86858072388E-05
  7.86099699326E-05
  7.85342708696E-05
  7.84591829870E-05
  7.83851355664E-05
  7.83125651651E-05
  7.82418719609E-05
  7.81734415796E-05
  7.81076305429E-05
  7.80447880970E-05
  7.79852052801E-05
  7.79291876825E-05
  7.78769681347E-05
  7.78287503636E-05
  7.77847162681E-05
  7.77450113674E-05
  7.77097520768E-05
  7.76790038799E-05
  7.76528031565E-05
  7.76311571826E-05
  7.76140150265E-05
  7.76013184804E-05
  7.75929656811E-05
  7.75888256612E-05
  7.75887237978E-05
  7.75924709160E-05
  7.75998632889E-05
  7.76106389822E-05
  7.76245287852E-05
  7.76412707637E-05
  7.76605447754E-05
  7.76820379542E-05
  7.77054228820E-05
  7.77303575887E-05
  7.77565146564E-05
  7.77835448389E-05
  7.78110988904E-05
  7.78388348408E-05
  7.78664179961E-05
  7.78935209382E-05
  7.79198308010E-05
  7.79450419941E-05
  7.79688634793E-05
  7.79910333222E-05
  7.80113041401E-05
  7.80294358265E-05
  7.80452319304E-05
  7.80585105531E-05
  7.80691407272E-05
  7.80769551056E-05
  7.80818954809E-05
  7.80838818173E-05
  7.80828777351E-05
  7.80788614065E-05
  7.80718837632E-05
  7.80619520810E-05
  7.80491682235E-05
  7.80336340540E-05
  7.80154587119E-05
  7.79948168201E-05
  7.79718902777E-05
  7.79468682595E-05
  7.79199763201E-05
  7.78914400144E-05
  7.78615285526E-05
  7.78305038693E-05
  7.77986642788E-05
  7.77662789915E-05
  7.77336535975E-05
  7.77011009632E-05
  7.76689121267E-05
  7.76373926783E-05
  7.76068554842E-05
  7.75775988586E-05
  7.75499138399E-05
  7.75240769144E-05
  7.75003500166E-05
  7.74790023570E-05
  7.74602813181E-05
  7.74443979026E-05
  7.74315558374E-05
  7.74219370214E-05
  7.74157088017E-05
  7.74130021455E-05
  7.74139334681E-05
  7.74185973569E-05
  7.74270447437E-05
  7.74393338361E-05
  7.74554428062E-05
  7.74753716541E-05
  7.74990840000E-05
  7.75265070843E-05
  7.75575390435E-05
  7.75920707383E-05
  7.76299639256E-05
  7.76710512582E-05
  7.77151435614E-05
  7.77620371082E-05
  7.78115063440E-05
  7.78633184382E-05
  7.79172114562E-05
  7.79729089118E-05
  7.80301561463E-05
  7.80886402936E-05
  7.81480703154E-05
  7.82081478974E-05
  7.82685674494E-05
  7.83290161053E-05
  7.83892028267E-05
  7.84488074714E-05
  7.85075462773E-05
  7.85651282058E-05
  7.86212622188E-05
  7.86756863818E-05
  7.87281242083E-05
  7.87783428677E-05
  7.88261022535E-05
  7.88711840869E-05
  7.89133919170E-05
  7.89525438449E-05
  7.89884870755E-05
  7.90210688137E-05
  7.90501653682E-05
  7.90756675997E-05
  7.90975100244E-05
  7.91156271589E-05
  7.91299753473E-05
  7.91405400378E-05
  7.91473212303E-05
  7.91503334767E-05
  7.91496204329E-05
  7.91452403064E-05
  7.91372731328E-05
  7.91258134996E-05
  7.91109632701E-05
  7.90928679635E-05
  7.90716294432E-05
  7.90474296082E-05
  7.90204212535E-05
  7.89907790022E-05
  7.89586847532E-05
  7.89243276813E-05
  7.88879042375E-05
  7.88496181485E-05
  7.88096804172E-05
  7.87682874943E-05
  7.87256722106E-05
  7.86820310168E-05
  7.86375676398E-05
  7.85925149103E-05
  7.85470838309E-05
  7.85014563007E-05
  7.84558505984E-05
  7.84104777267E-05
  7.83655050327E-05
  7.83211216913E-05
  7.82775387052E-05
  7.82348870416E-05
  7.81933777034E-05
  7.81531489338E-05
  7.81143608037E-05
  7.80771442805E-05
  7.80416521593E-05
  7.80080081313E-05
  7.79763286118E-05
  7.79467227403E-05
  7.79192996561E-05
  7.78941466706E-05
  7.78713510954E-05
  7.78509929660E-05
  7.78331304900E-05
  7.78178291512E-05
  7.78051326051E-05
  7.77950845077E-05
  7.77877212386E-05
  7.77830573497E-05
  7.77811073931E-05
  7.77818786446E-05
  7.77853711043E-05
  7.77915629442E-05
  7.78004105086E-05
  7.78119210736E-05
  7.78260218794E-05
  7.78426692705E-05
  7.78618050390E-05
  7.78833491495E-05
  7.79072288424E-05
  7.79333568062E-05
  7.79616239015E-05
  7.79919137130E-05
  7.80241243774E-05
  7.80580958235E-05
  7.80937261879E-05
  7.81308481237E-05
  7.81693015597E-05
  7.82089409768E-05
  7.82495844760E-05
  7.82910428825E-05
  7.83331488492E-05
  7.83756913734E-05
  7.84184958320E-05
  7.84613512224E-05
  7.85040538176E-05
  7.85463926150E-05
  7.85881784395E-05
  7.86291784607E-05
  7.86692035035E-05
  7.87080498412E-05
  7.87455064710E-05
  7.87813842180E-05
  7.88154720794E-05
  7.88476245361E-05
  7.88776305853E-05
  7.89053301560E-05
  7.89305850049E-05
  7.89532277850E-05
  7.89731348050E-05
  7.89902114775E-05
  7.90043268353E-05
  7.90154008428E-05
  7.90233752923E-05
  7.90281847003E-05
  7.90297999629E-05
  7.90281992522E-05
  7.90233971202E-05
  7.90154008428E-05
  7.90042540757E-05
  7.89900223026E-05
  7.89727710071E-05
  7.89526020526E-05
  7.89296173025E-05
  7.89039404481E-05
  7.88757388364E-05
  7.88451507105E-05
  7.88123579696E-05
  7.87775352364E-05
  7.87408935139E-05
  7.87026147009E-05
  7.86629243521E-05
  7.86220480222E-05
  7.85801967140E-05
  7.85375887062E-05
  7.84944786574E-05
  7.84510848462E-05
  7.84076255513E-05
  7.83643190516E-05
  7.83213909017E-05
  7.82790521043E-05
  7.82374918344E-05
  7.81969138188E-05
  7.81574854045E-05
  7.81193666626E-05
  7.80827322160E-05
  7.80477057560E-05
  7.80144182499E-05
  7.79829715611E-05
  7.79534602771E-05
  7.79259498813E-05
  7.79005058575E-05
  7.78771718615E-05
  7.78559551691E-05
  7.78368848842E-05
  7.78199537308E-05
  7.78051107773E-05
  7.77923414716E-05
  7.77815948823E-05
  7.77728128014E-05
  7.77659006417E-05
  7.77608074713E-05
  7.77574241511E-05
  7.77556633693E-05
  7.77554232627E-05
  7.77565946919E-05
  7.77590685175E-05
  7.77627356001E-05
  7.77675013524E-05
  7.77732493589E-05
  7.77798777563E-05
  7.77873137849E-05
  7.77954264777E-05
  7.78041649028E-05
  7.78134417487E-05
  7.78231915319E-05
  7.78333633207E-05
  7.78439061833E-05
  7.78547764639E-05
  7.78659668867E-05
  7.78774337959E-05
  7.78891917435E-05
  7.79012407293E-05
  7.79135807534E-05
  7.79262481956E-05
  7.79392648838E-05
  7.79526599217E-05
  7.79664915171E-05
  7.79807887739E-05
  7.79956098995E-05
  7.80110058258E-05
  7.80270274845E-05
  7.80437185313E-05
  7.80611371738E-05
  7.80793197919E-05
  7.80983173172E-05
  7.81181443017E-05
  7.81388516771E-05
  7.81604248914E-05
  7.81828930485E-05
  7.82062343205E-05
  7.82304414315E-05
  7.82554852776E-05
  7.82813003752E-05
  7.83078576205E-05
  7.83350697020E-05
  7.83628493082E-05
  7.83911018516E-05
  7.84197254688E-05
  7.84485746408E-05
  7.84775256761E-05
  7.85064330557E-05
  7.85351439845E-05
  7.85634838394E-05
  7.85912779975E-05
  7.86183663877E-05
