  2.71025797360E-08
  3.05272500611E-08
  3.39690906515E-08
  3.74215716192E-08
  4.08779676775E-08
  4.43313474818E-08
  4.77746233685E-08
  5.12005584596E-08
  5.46018128489E-08
  5.79709293902E-08
  6.13004260686E-08
  6.45827711310E-08
  6.78104896679E-08
  7.09760996642E-08
  7.40722185810E-08
  7.70916201986E-08
  8.00271635626E-08
  8.28719137758E-08
  8.56191633147E-08
  8.82624107135E-08
  9.07954387230E-08
  9.32122858899E-08
  9.55073247155E-08
  9.76752119186E-08
  9.97109950163E-08
  1.01609977321E-07
  1.03367845838E-07
  1.04980642845E-07
  1.06444694836E-07
  1.07756711998E-07
  1.08913688734E-07
  1.09912932089E-07
  1.10752019111E-07
  1.11428825278E-07
  1.11941439229E-07
  1.12288169873E-07
  1.12467546387E-07
  1.12478240055E-07
  1.12319071377E-07
  1.11989002960E-07
  1.11487040044E-07
  1.10812322873E-07
  1.09963977479E-07
  1.08941236476E-07
  1.07743282740E-07
  1.06369355990E-07
  1.04818674629E-07
  1.03090464165E-07
  1.01183964318E-07
  9.90983863858E-08
  9.68330127193E-08
  9.43870972492E-08
  9.17600218031E-08
  8.89512179469E-08
  8.59601954062E-08
  8.27866770692E-08
  7.94305279328E-08
  7.58918403676E-08
  7.21709909612E-08
  6.82686618347E-08
  6.41858903805E-08
  5.99241261057E-08
  5.54852874757E-08
  5.08717832304E-08
  4.60865692276E-08
  4.11331875227E-08
  3.60158303181E-08
  3.07393328569E-08
  2.53092338198E-08
  1.97318090756E-08
  1.40140654636E-08
  8.16376566348E-09
  2.18944706809E-09
 -3.89959398106E-09
 -1.00933021940E-08
 -1.63808717701E-08
 -2.27507896966E-08
 -2.91908328620E-08
 -3.56881422192E-08
 -4.22292387725E-08
 -4.88000893029E-08
 -5.53861596586E-08
 -6.19724858097E-08
 -6.85437129277E-08
 -7.50842374941E-08
 -8.15781930896E-08
 -8.80095996081E-08
 -9.43624556271E-08
 -1.00620717092E-07
 -1.06768524688E-07
 -1.12790175422E-07
 -1.18670257621E-07
 -1.24393721990E-07
 -1.29945945559E-07
 -1.35312802740E-07
 -1.40480750588E-07
 -1.45436885646E-07
 -1.50168972368E-07
 -1.54665471541E-07
 -1.58915653969E-07
 -1.62909614687E-07
 -1.66638187693E-07
 -1.70093116481E-07
 -1.73266954562E-07
 -1.76153065468E-07
 -1.78745750645E-07
 -1.81040050506E-07
 -1.83031815482E-07
 -1.84717663387E-07
 -1.86094965215E-07
 -1.87161774079E-07
 -1.87916825212E-07
 -1.88359422282E-07
 -1.88489494235E-07
 -1.88307453186E-07
 -1.87814194419E-07
 -1.87011025332E-07
 -1.85899637017E-07
 -1.84482118470E-07
 -1.82760771850E-07
 -1.80738297217E-07
 -1.78417536745E-07
 -1.75801602609E-07
 -1.72893834360E-07
 -1.69697798924E-07
 -1.66217191122E-07
 -1.62456018415E-07
 -1.58418487217E-07
 -1.54109017103E-07
 -1.49532354499E-07
 -1.44693586890E-07
 -1.39598057558E-07
 -1.34251664008E-07
 -1.28660573750E-07
 -1.22831607996E-07
 -1.16772049807E-07
 -1.10489857263E-07
 -1.03993585299E-07
 -9.72925704446E-08
 -9.03968526700E-08
 -8.33173174897E-08
 -7.60657101750E-08
 -6.86546215434E-08
 -6.10975519066E-08
 -5.34089572568E-08
 -4.56041711061E-08
 -3.76994755413E-08
 -2.97120568149E-08
 -2.16599556069E-08
 -1.35620563668E-08
 -5.43800959818E-09
  2.69182476309E-09
  1.08064632798E-08
  1.88843909399E-08
  2.69036721789E-08
  3.48420527985E-08
  4.26771187279E-08
  5.03863901713E-08
  5.79475099016E-08
  6.53383551708E-08
  7.25372117927E-08
  7.95229624373E-08
  8.62751790009E-08
  9.27743499801E-08
  9.90020012637E-08
  1.04940873769E-07
  1.10575037127E-07
  1.15890038899E-07
  1.20873067999E-07
  1.25513039961E-07
  1.29800682203E-07
  1.33728690344E-07
  1.37291706892E-07
  1.40486463351E-07
  1.43311737588E-07
  1.45768368043E-07
  1.47859395838E-07
  1.49589837406E-07
  1.50966741330E-07
  1.51999117293E-07
  1.52697779754E-07
  1.53075433218E-07
  1.53146245907E-07
  1.52925991870E-07
  1.52431709921E-07
  1.51681661009E-07
  1.50694972945E-07
  1.49491668822E-07
  1.48092325958E-07
  1.46517848520E-07
  1.44789339629E-07
  1.42927888191E-07
  1.40954298899E-07
  1.38888935908E-07
  1.36751538093E-07
  1.34561034315E-07
  1.32335244984E-07
  1.30090953121E-07
  1.27843605924E-07
  1.25607215296E-07
  1.23394258367E-07
  1.21215592230E-07
  1.19080382888E-07
  1.16996126565E-07
  1.14968543130E-07
  1.13001618729E-07
  1.11097648414E-07
  1.09257243253E-07
  1.07479486644E-07
  1.05761898794E-07
  1.04100671194E-07
  1.02490716358E-07
  1.00925845459E-07
  9.93989104359E-08
  9.79019461056E-08
  9.64264046388E-08
  9.49632834590E-08
  9.35033526162E-08
  9.20372826840E-08
  9.05558579234E-08
  8.90501894446E-08
  8.75117933674E-08
  8.59328466163E-08
  8.43062153422E-08
  8.26257675612E-08
  8.08862736790E-08
  7.90836480746E-08
  7.72149704176E-08
  7.52785638269E-08
  7.32739948717E-08
  7.12021090976E-08
  6.90650381330E-08
  6.68661144232E-08
  6.46098570201E-08
  6.23018863166E-08
  5.99488458874E-08
  5.75582426166E-08
  5.51383756431E-08
  5.26981800419E-08
  5.02470456354E-08
  4.77947104116E-08
  4.53510473619E-08
  4.29259259249E-08
  4.05290201400E-08
  3.81696665386E-08
  3.58567149306E-08
  3.35983258992E-08
  3.14018997472E-08
  2.92739006369E-08
  2.72197837603E-08
  2.52438869808E-08
  2.33493704371E-08
  2.15381810165E-08
  1.98110186034E-08
  1.81673414090E-08
  1.66053943929E-08
  1.51222749878E-08
  1.37139899437E-08
  1.23755690140E-08
  1.11011884130E-08
  9.88430937099E-09
  8.71784511247E-09
  7.59433316233E-09
  6.50614007114E-09
  5.44565148530E-09
  4.40548664216E-09
  3.37871175482E-09
  2.35905206480E-09
  1.34110211825E-09
  3.20520193720E-10
 -7.05781877386E-10
 -1.73945524651E-09
 -2.78057998848E-09
 -3.82751741412E-09
 -4.87682516592E-09
 -5.92316373726E-09
 -6.95926916094E-09
 -7.97594701396E-09
 -8.96209240153E-09
 -9.90475701457E-09
 -1.07892565993E-08
 -1.15993330496E-08
 -1.23172805289E-08
 -1.29242359037E-08
 -1.34003759200E-08
 -1.37252369470E-08
 -1.38780045233E-08
 -1.38378890568E-08
 -1.35844624438E-08
 -1.30980879476E-08
 -1.23602532653E-08
 -1.13540563618E-08
 -1.00645651813E-08
 -8.47925196723E-09
 -6.58839027778E-09
 -4.38543601433E-09
 -1.86740689578E-09
  9.64789248492E-10
  4.10604483747E-09
  7.54678985970E-09
  1.12727605028E-08
  1.52648400586E-08
  1.94989357993E-08
  2.39459190254E-08
  2.85716588166E-08
  3.33370309136E-08
  3.81981344333E-08
  4.31064499651E-08
  4.80091379984E-08
  5.28493799834E-08
  5.75668330782E-08
  6.20980458166E-08
  6.63771260179E-08
  7.03362275090E-08
  7.39063210631E-08
  7.70178303355E-08
  7.96014987259E-08
  8.15890786043E-08
  8.29142550174E-08
  8.35134983390E-08
  8.33268529732E-08
  8.22988894811E-08
  8.03795288107E-08
  7.75249660023E-08
  7.36983594152E-08
  6.88707899599E-08
  6.30218366382E-08
  5.61404149835E-08
  4.82252957568E-08
  3.92857160136E-08
  2.93418054298E-08
  1.84250019686E-08
  6.57829790640E-09
 -6.14357587025E-09
 -1.96740632674E-08
 -3.39348709133E-08
 -4.88361102668E-08
 -6.42765840553E-08
 -8.01441828457E-08
 -9.63164978884E-08
 -1.12661297180E-07
 -1.29037488250E-07
 -1.45295899756E-07
 -1.61280254929E-07
 -1.76828265808E-07
 -1.91772855374E-07
 -2.05943521792E-07
 -2.19167461069E-07
 -2.31271130247E-07
 -2.42081767965E-07
 -2.51428843967E-07
 -2.59145622294E-07
 -2.65070696059E-07
 -2.69049593271E-07
 -2.70936425295E-07
 -2.70595364782E-07
 -2.67902009909E-07
 -2.62745118107E-07
 -2.55027828189E-07
 -2.44668996174E-07
 -2.31604389000E-07
 -2.15787892444E-07
 -1.97192420615E-07
 -1.75810868086E-07
 -1.51656763592E-07
 -1.24764895304E-07
 -9.51918579517E-08
 -6.30161309800E-08
 -2.83383219113E-08
  8.71885852405E-09
  4.80110848855E-08
  8.93724063644E-08
  1.32616236215E-07
  1.77535781631E-07
  2.23905360031E-07
  2.71481070513E-07
  3.20002442322E-07
  3.69193514871E-07
  4.18764699361E-07
  4.68414242505E-07
  5.17830244462E-07
  5.66692733628E-07
  6.14675116140E-07
  6.61447188577E-07
  7.06676701157E-07
  7.50031972530E-07
  7.91184163518E-07
  8.29809664538E-07
  8.65592369337E-07
  8.98226460322E-07
  9.27418113861E-07
  9.52888626671E-07
  9.74375780061E-07
  9.91636966319E-07
  1.00445072349E-06
  1.01261923646E-06
  1.01596958757E-06
  1.01435625766E-06
  1.00766226296E-06
  9.95800633063E-07
  9.78716002464E-07
  9.56385520112E-07
  9.28819929413E-07
  8.96063681921E-07
  8.58196244735E-07
  8.15331929971E-07
  7.67619496855E-07
  7.15242720162E-07
  6.58419594401E-07
  5.97401253799E-07
  5.32471517545E-07
  4.63945667661E-07
  3.92168544749E-07
  3.17513382697E-07
  2.40379563365E-07
  1.61190769177E-07
  8.03922262094E-08
 -1.55146961944E-09
 -8.41592822098E-08
 -1.66936729329E-07
 -2.49378672379E-07
 -3.30972994789E-07
 -4.11203728845E-07
 -4.89554508931E-07
 -5.65511925288E-07
 -6.38570099909E-07
 -7.08232960278E-07
 -7.74019156324E-07
 -8.35465016280E-07
 -8.92128355190E-07
 -9.43592283420E-07
 -9.89468162516E-07
 -1.02939952740E-06
 -1.06306549696E-06
 -1.09018276362E-06
 -1.11050962914E-06
 -1.12384736894E-06
 -1.13004443847E-06
 -1.12899670057E-06
 -1.12064969926E-06
 -1.10500093342E-06
 -1.08210019789E-06
 -1.05204992451E-06
 -1.01500688743E-06
 -9.71181179921E-07
 -9.20835020679E-07
 -8.64283947521E-07
 -8.01893691005E-07
 -7.34078980713E-07
 -6.61301839955E-07
 -5.84068345688E-07
 -5.02925786350E-07
 -4.18459734419E-07
 -3.31289584210E-07
 -2.42064714939E-07
 -1.51460156417E-07
 -6.01712812909E-08
  3.10907886103E-08
  1.21605054915E-07
  2.10645737297E-07
  2.97488469414E-07
  3.81415787842E-07
  4.61723658418E-07
  5.37726862149E-07
  6.08765276411E-07
  6.74210525631E-07
  7.33470074010E-07
  7.85994984653E-07
  8.31283500702E-07
  8.68887525485E-07
  8.98416828932E-07
  9.19543367672E-07
  9.32005605137E-07
  9.35611865316E-07
  9.30243402308E-07
  9.15856332995E-07
  8.92484422366E-07
  8.60238856148E-07
  8.19309946110E-07
  7.69966277403E-07
  7.12553685389E-07
  6.47494005079E-07
  5.75282228965E-07
  4.96483551160E-07
  4.11729530470E-07
  3.21713599760E-07
  2.27185580570E-07
  1.28945970346E-07
  2.78391443231E-08
 -7.52531619241E-08
 -1.79420126756E-07
 -2.83729463035E-07
 -3.87236013921E-07
 -4.88990679059E-07
 -5.88049090311E-07
 -6.83481403030E-07
 -7.74380907842E-07
 -8.59873807713E-07
 -9.39128199207E-07
 -1.01136333797E-06
 -1.07585788101E-06
 -1.13195869744E-06
 -1.17908859920E-06
 -1.21675338960E-06
 -1.24454902561E-06
 -1.26216741592E-06
 -1.26940119571E-06
 -1.26614850160E-06
 -1.25241592741E-06
 -1.22832068428E-06
 -1.19409207855E-06
 -1.15007162549E-06
 -1.09671191240E-06
 -1.03457398382E-06
 -9.64324726738E-07
 -8.86731982064E-07
 -8.02658007615E-07
 -7.13053907475E-07
 -6.18950764419E-07
 -5.21450829183E-07
 -4.21717345489E-07
 -3.20963749800E-07
 -2.20441535248E-07
 -1.21428143984E-07
 -2.52131542311E-08
  6.69150423960E-08
  1.53683643589E-07
  2.33849675624E-07
  3.06214843704E-07
  3.69639678865E-07
  4.23058480692E-07
  4.65492718149E-07
  4.96065183597E-07
  5.14012981512E-07
  5.18699039276E-07
  5.09624157985E-07
  4.86436817937E-07
  4.48942273579E-07
  3.97109999994E-07
  3.31080059368E-07
  2.51167506349E-07
  1.57865088113E-07
  5.18447400566E-08
 -6.60435190980E-08
 -1.94774131046E-07
 -3.33150723009E-07
 -4.79812570120E-07
 -6.33243246284E-07
 -7.91781303633E-07
 -9.53632422807E-07
 -1.11688416382E-06
 -1.27952125695E-06
 -1.43944487263E-06
 -1.59449064085E-06
 -1.74244985374E-06
 -1.88109231658E-06
 -2.00818908525E-06
 -2.12153599932E-06
 -2.21898039854E-06
 -2.29844476962E-06
 -2.35795369008E-06
 -2.39565883930E-06
 -2.40986696554E-06
 -2.39905966737E-06
 -2.36192545344E-06
 -2.29737634072E-06
 -2.20457513933E-06
 -2.08295250559E-06
 -1.93222922462E-06
 -1.75243155809E-06
 -1.54390659191E-06
 -1.30733462811E-06
 -1.04373975773E-06
 -7.54495943056E-07
 -4.41331962975E-07
 -1.06331881966E-07
  2.48066925224E-07
  6.19079628450E-07
  1.00358306554E-06
  1.39812777888E-06
  1.79895448582E-06
  2.20201377488E-06
  2.60298838839E-06
  2.99731914311E-06
  3.38023505719E-06
  3.74678711523E-06
  4.09187941841E-06
  4.41031215814E-06
  4.69682026960E-06
  4.94611413160E-06
  5.15292776981E-06
  5.31206114829E-06
  5.41843382962E-06
  5.46712499272E-06
  5.45342845726E-06
  5.37290134162E-06
  5.22140953763E-06
  4.99517727803E-06
  4.69083488497E-06
  4.30546560892E-06
  3.83664337278E-06
  3.28248052028E-06
  2.64166101260E-06
  1.91347862710E-06
  1.09786662961E-06
  1.95426835603E-07
 -7.92548746631E-07
 -1.86405725344E-06
 -3.01637305711E-06
 -4.24603695137E-06
 -5.54885355086E-06
 -6.91989498591E-06
 -8.35350419948E-06
 -9.84331654763E-06
 -1.13822661660E-05
 -1.29626259877E-05
 -1.45760259329E-05
 -1.62134947459E-05
 -1.78655045602E-05
 -1.95220181922E-05
 -2.11725327972E-05
 -2.28061453527E-05
 -2.44116145041E-05
 -2.59774315055E-05
 -2.74918747891E-05
 -2.89430990961E-05
 -3.03192045976E-05
 -3.16083169309E-05
 -3.27986745106E-05
 -3.38787031069E-05
 -3.48370922438E-05
 -3.56629097951E-05
 -3.63456347259E-05
 -3.68752880604E-05
 -3.72424765374E-05
 -3.74385053874E-05
 -3.74554147129E-05
 -3.72860849893E-05
 -3.69242843590E-05
 -3.63647486665E-05
 -3.56032105628E-05
 -3.46364831785E-05
 -3.34624965035E-05
 -3.20803192153E-05
 -3.04902278003E-05
 -2.86936956400E-05
 -2.66934330284E-05
 -2.44933853537E-05
 -2.20987476496E-05
 -1.95159445866E-05
 -1.67526250152E-05
 -1.38176364999E-05
 -1.07209989437E-05
 -7.47385411159E-06
 -4.08843334299E-06
 -5.77991954742E-07
  3.04324998979E-06
  6.76017498336E-06
  1.05568469735E-05
  1.44165933307E-05
  1.83220909094E-05
  2.22554608627E-05
  2.61983695964E-05
  3.01321324514E-05
  3.40378064720E-05
  3.78963195544E-05
  4.16885559389E-05
  4.53955035482E-05
  4.89983212901E-05
  5.24784991285E-05
  5.58179272048E-05
  5.89990304434E-05
  6.20048740529E-05
  6.48192508379E-05
  6.74268085277E-05
  6.98131261743E-05
  7.19647796359E-05
  7.38695089240E-05
  7.55161963752E-05
  7.68949903431E-05
  7.79973634053E-05
  7.88161923992E-05
  7.93457293184E-05
  7.95817250037E-05
  7.95213927631E-05
  7.91634738562E-05
  7.85082447692E-05
  7.75574735599E-05
  7.63144489611E-05
  7.47839949327E-05
  7.29723469703E-05
  7.08872103132E-05
  6.85376799083E-05
  6.59341676510E-05
  6.30884023849E-05
  6.00132625550E-05
  5.67227980355E-05
  5.32320918865E-05
  4.95571875945E-05
  4.57149872091E-05
  4.17231603933E-05
  3.76000389224E-05
  3.33645002684E-05
  2.90358730126E-05
  2.46338167926E-05
  2.01782058866E-05
  1.56890146172E-05
  1.11862145786E-05
  6.68965139994E-06
  2.21893833441E-06
 -2.20665015149E-06
 -6.56828706269E-06
 -1.08476924652E-05
 -1.50272298924E-05
 -1.90899991139E-05
 -2.30199239013E-05
 -2.68018266070E-05
 -3.04215063807E-05
 -3.38658064720E-05
 -3.71226706193E-05
 -4.01811848860E-05
 -4.30316467828E-05
 -4.56655798189E-05
 -4.80757516925E-05
 -5.02562324982E-05
 -5.22023583471E-05
 -5.39107641089E-05
 -5.53793724976E-05
 -5.66073649679E-05
 -5.75951889914E-05
 -5.83444998483E-05
 -5.88581424381E-05
 -5.91400967096E-05
 -5.91954521951E-05
 -5.90303170611E-05
 -5.86517926422E-05
 -5.80678788538E-05
 -5.72874305362E-05
 -5.63200701436E-05
 -5.51761040697E-05
 -5.38664717169E-05
 -5.24026181665E-05
 -5.07964759890E-05
 -4.90603160870E-05
 -4.72067004011E-05
 -4.52484091511E-05
 -4.31983207818E-05
 -4.10693646700E-05
 -3.88744374504E-05
 -3.66263011529E-05
 -3.43375468219E-05
 -3.20205072057E-05
 -2.96871912724E-05
 -2.73492187262E-05
 -2.50177763519E-05
 -2.27035561693E-05
 -2.04167081392E-05
 -1.81668074219E-05
 -1.59628034453E-05
 -1.38130017149E-05
 -1.17250365292E-05
 -9.70584551396E-06
 -7.76165597927E-06
 -5.89798310102E-06
 -4.11961991631E-06
 -2.43063891503E-06
 -8.34401078009E-07
  6.66433095375E-07
  2.06988966056E-06
  3.37465939992E-06
  4.58007480120E-06
  5.68608220419E-06
  6.69321161695E-06
  7.60254260967E-06
  8.41566816234E-06
  9.13465373742E-06
  9.76200590230E-06
  1.03006177596E-05
  1.07537380245E-05
  1.11249237307E-05
  1.14179920274E-05
  1.16369856187E-05
  1.17861272884E-05
  1.18697735161E-05
  1.18923753689E-05
  1.18584457596E-05
  1.17725130622E-05
  1.16390910989E-05
  1.14626391223E-05
  1.12475390779E-05
  1.09980546767E-05
  1.07183232103E-05
  1.04123128040E-05
  1.00838133221E-05
  9.73641272140E-06
  9.37348977459E-06
  8.99819042388E-06
  8.61342869030E-06
  8.22187757876E-06
  7.82596271165E-06
  7.42786323826E-06
  7.02951228959E-06
  6.63260561851E-06
  6.23859841653E-06
  5.84872395848E-06
  5.46399542145E-06
  5.08522316522E-06
  4.71302519145E-06
  4.34784169556E-06
  3.98995143769E-06
  3.63948811355E-06
  3.29645854436E-06
  2.96075813822E-06
  2.63218862528E-06
  2.31047806665E-06
  1.99529631573E-06
  1.68627332187E-06
  1.38301527386E-06
  1.08512028874E-06
  7.92194782662E-07
  5.03865749124E-07
  2.19794898726E-07
 -6.03099934438E-08
 -3.36684621516E-07
 -6.09499068105E-07
 -8.78850528352E-07
 -1.14475665214E-06
 -1.40715201269E-06
 -1.66588370121E-06
 -1.92071092897E-06
 -2.17130491365E-06
 -2.41724910666E-06
 -2.65804396804E-06
 -2.89310787593E-06
 -3.12178781314E-06
 -3.34335959451E-06
 -3.55703991772E-06
 -3.76199272978E-06
 -3.95734014091E-06
 -4.14217083744E-06
 -4.31555054092E-06
 -4.47653519586E-06
 -4.62418165625E-06
 -4.75755632579E-06
 -4.87574925501E-06
 -4.97788687426E-06
 -5.06314017912E-06
 -5.13073791808E-06
 -5.17997477800E-06
 -5.21022457178E-06
 -5.22094387634E-06
 -5.21168885825E-06
 -5.18211163580E-06
 -5.13197892360E-06
 -5.06116839460E-06
 -4.96967595609E-06
 -4.85762075186E-06
 -4.72524698125E-06
 -4.57291980638E-06
 -4.40113308287E-06
 -4.21050390287E-06
 -4.00176804760E-06
 -3.77578135158E-06
 -3.53350992555E-06
 -3.27602788275E-06
 -3.00450847135E-06
 -2.72021679848E-06
 -2.42450096266E-06
 -2.11878386835E-06
 -1.80455072041E-06
 -1.48333992911E-06
 -1.15673185519E-06
 -8.26335849524E-07
 -4.93779623412E-07
 -1.60696330909E-07
  1.71287354078E-07
  5.00563487549E-07
  8.25554991479E-07
  1.14472697987E-06
  1.45659873851E-06
  1.75975355887E-06
  2.05285118682E-06
  2.33463492805E-06
  2.60394108409E-06
  2.85970895675E-06
  3.10098585032E-06
  3.32693366545E-06
  3.53683481080E-06
  3.73009515897E-06
  3.90624791180E-06
  4.06495519201E-06
  4.20600872530E-06
  4.32932847616E-06
  4.43496082880E-06
  4.52308131571E-06
  4.59398188468E-06
  4.64806953460E-06
  4.68586722491E-06
  4.70799568575E-06
  4.71517159895E-06
  4.70820305054E-06
  4.68797043141E-06
  4.65542552774E-06
  4.61157651444E-06
  4.55747976957E-06
  4.49422304882E-06
  4.42292321168E-06
  4.34470712207E-06
  4.26070209869E-06
  4.17202818426E-06
  4.07978131989E-06
  3.98502606913E-06
  3.88878515878E-06
  3.79202788281E-06
  3.69566214431E-06
  3.60052672477E-06
  3.50738105226E-06
  3.41690133610E-06
  3.32967283612E-06
  3.24618531522E-06
  3.16683053825E-06
  3.09189863401E-06
  3.02157559418E-06
  2.95594554700E-06
  2.89498916572E-06
  2.83858685179E-06
  2.78652078123E-06
  2.73848058896E-06
  2.69406768894E-06
  2.65280095846E-06
  2.61412515101E-06
  2.57741771748E-06
  2.54199881056E-06
  2.50714015237E-06
  2.47207458415E-06
  2.43600879912E-06
  2.39813221015E-06
  2.35762877310E-06
  2.31368971981E-06
  2.26552356253E-06
  2.21236814468E-06
  2.15350155486E-06
  2.08825463233E-06
  2.01601824301E-06
  1.93625646716E-06
  1.84851364793E-06
  1.75242394107E-06
  1.64771824984E-06
  1.53423104621E-06
  1.41190650993E-06
  1.28080148443E-06
  1.14109025162E-06
  9.93065896182E-07
  8.37141101329E-07
  6.73847466715E-07
  5.03833973653E-07
  3.27863801886E-07
  1.46809810531E-07
 -3.83511071789E-08
 -2.26544827342E-07
 -4.16608145315E-07
 -6.07297749866E-07
 -7.97300572231E-07
 -9.85244923868E-07
 -1.16971204989E-06
 -1.34924891881E-06
 -1.52238226292E-06
 -1.68763108377E-06
 -1.84352131782E-06
 -1.98860016098E-06
 -2.12145073419E-06
 -2.24070572585E-06
 -2.34506160268E-06
 -2.43329463956E-06
 -2.50426955972E-06
 -2.55695681517E-06
 -2.59044190898E-06
 -2.60393767348E-06
 -2.59679404735E-06
 -2.56850671576E-06
 -2.51872529589E-06
 -2.44725879384E-06
 -2.35408310800E-06
 -2.23934284804E-06
 -2.10335360862E-06
 -1.94660356101E-06
 -1.76975152044E-06
 -1.57362637765E-06
 -1.35922141453E-06
 -1.12768975669E-06
 -8.80337211129E-07
 -6.18614478753E-07
 -3.44106638295E-07
 -5.85228399075E-08
  2.36316225255E-07
  5.38491519819E-07
  8.45999750254E-07
  1.15676891710E-06
  1.46867364492E-06
  1.77955212166E-06
  2.08722258321E-06
  2.38950065068E-06
  2.68421717919E-06
  2.96923531096E-06
  3.24246616401E-06
  3.50188929588E-06
  3.74556475435E-06
  3.97165240429E-06
  4.17842466049E-06
  4.36428217654E-06
  4.52776657767E-06
  4.66757137474E-06
  4.78255287817E-06
  4.87174338559E-06
  4.93435345561E-06
  4.96978054798E-06
  4.97761766383E-06
  4.95764970765E-06
  4.90986212753E-06
  4.83443636767E-06
  4.73175168736E-06
  4.60237833977E-06
  4.44707666247E-06
  4.26678843723E-06
  4.06262961405E-06
  3.83588303521E-06
  3.58798547495E-06
  3.32051831720E-06
  3.03519163936E-06
  2.73383398053E-06
  2.41837688009E-06
  2.09083782465E-06
  1.75330615093E-06
  1.40792565162E-06
  1.05687865926E-06
  7.02368424754E-07
  3.46602632817E-07
 -8.22355161745E-09
 -3.59943896910E-07
 -7.06437162989E-07
 -1.04564298908E-06
 -1.37557628932E-06
 -1.69434201780E-06
 -2.00014756047E-06
 -2.29131660490E-06
 -2.56629732576E-06
 -2.82367614091E-06
 -3.06218316837E-06
 -3.28070177602E-06
 -3.47827358382E-06
 -3.65410323866E-06
 -3.80756159757E-06
 -3.93819027522E-06
 -4.04569618695E-06
 -4.12995723309E-06
 -4.19101706939E-06
 -4.22907896791E-06
 -4.24450763603E-06
 -4.23781648351E-06
 -4.20966398451E-06
 -4.16084594690E-06
 -4.09228368881E-06
 -4.00501721742E-06
 -3.90019204133E-06
 -3.77904962079E-06
 -3.64291395272E-06
 -3.49317974724E-06
 -3.33130128638E-06
 -3.15877628054E-06
 -2.97713631880E-06
 -2.78793254438E-06
 -2.59272178482E-06
 -2.39305632022E-06
 -2.19046955863E-06
 -1.98646648641E-06
 -1.78251002581E-06
 -1.58001262207E-06
 -1.38032476116E-06
 -1.18472723898E-06
 -9.94421384348E-07
 -8.10522863048E-07
 -6.34054572402E-07
 -4.65940956929E-07
 -3.07003801936E-07
 -1.57958368163E-07
 -1.94107521168E-08
  1.08143652255E-07
  2.24320899633E-07
  3.28848102527E-07
  4.21562390329E-07
  5.02408511238E-07
  5.71435919028E-07
  6.28795135071E-07
  6.74733200867E-07
  7.09588277914E-07
  7.33783792839E-07
  7.47822014091E-07
  7.52277173888E-07
  7.47788135413E-07
  7.35050377898E-07
  7.14808436442E-07
  6.87847489189E-07
  6.54984717130E-07
  6.17061402863E-07
  5.74934517772E-07
  5.29467854449E-07
  4.81524693896E-07
  4.31959392699E-07
  3.81609680744E-07
  3.31289754740E-07
  2.81783002265E-07
  2.33835692143E-07
  1.88150906411E-07
  1.45382998085E-07
  1.06132759470E-07
  7.09429741619E-08
  4.02947186728E-08
  1.46041188032E-08
 -5.78011238872E-09
 -2.05785433138E-08
 -2.95822921714E-08
 -3.26536344630E-08
 -2.97259763471E-08
 -2.08032240323E-08
 -5.95852256424E-09
  1.46675045443E-08
  4.08692066856E-08
  7.23787465517E-08
  1.08869443238E-07
  1.49959745954E-07
  1.95217410237E-07
  2.44164169771E-07
  2.96280717293E-07
  3.51012005240E-07
  4.07772915878E-07
  4.65953661433E-07
  5.24926122125E-07
  5.84049303143E-07
  6.42676184270E-07
  7.00158921063E-07
  7.55855467105E-07
  8.09135372037E-07
  8.59385579588E-07
  9.06015998225E-07
  9.48465299189E-07
  9.86205350273E-07
  1.01874684333E-06
  1.04564355752E-06
  1.06649622467E-06
  1.08095662199E-06
  1.08873064164E-06
  1.08958136025E-06
  1.08333142634E-06
  1.06986408355E-06
  1.04912589904E-06
  1.02112653622E-06
  9.85938982012E-07
  9.43700001699E-07
  8.94608376711E-07
  8.38924279378E-07
  7.76966999183E-07
  7.09112271124E-07
  6.35789945136E-07
  5.57480120733E-07
  4.74709338505E-07
  3.88046402122E-07
  2.98097546647E-07
  2.05501578421E-07
  1.10924347041E-07
  1.50532066812E-08
 -8.14088210177E-08
 -1.77749072350E-07
 -2.73251487215E-07
 -3.67202574125E-07
 -4.58897972067E-07
 -5.47648369320E-07
 -6.32785770449E-07
 -7.13669351171E-07
 -7.89691000591E-07
 -8.60281602399E-07
 -9.24914957068E-07
 -9.83113636721E-07
 -1.03445290733E-06
 -1.07856465092E-06
 -1.11514145829E-06
 -1.14393822059E-06
 -1.16477565371E-06
 -1.17754166240E-06
 -1.18219281831E-06
 -1.17875367778E-06
 -1.16731825983E-06
 -1.14804811346E-06
 -1.12117118078E-06
 -1.08698031909E-06
 -1.04582909444E-06
 -9.98130190055E-07
 -9.44350460941E-07
 -8.85006556928E-07
 -8.20660432055E-07
 -7.51913376007E-07
 -6.79400557146E-07
 -6.03784542363E-07
 -5.25749214830E-07
 -4.45992156983E-07
 -3.65218795650E-07
 -2.84134699768E-07
 -2.03438617064E-07
 -1.23815652842E-07
 -4.59301219280E-08
  2.95809865491E-08
  1.02114569245E-07
  1.71107487290E-07
  2.36042339452E-07
  2.96452697057E-07
  3.51927809561E-07
  4.02117052545E-07
  4.46732968840E-07
  4.85554494389E-07
  5.18429089880E-07
  5.45274019714E-07
  5.66077005715E-07
  5.80896085012E-07
  5.89858984767E-07
  5.93160734752E-07
  5.91061734667E-07
  5.83884457228E-07
  5.72009014377E-07
  5.55869007712E-07
  5.35945957836E-07
  5.12763335792E-07
  4.86880139761E-07
  4.58883874899E-07
  4.29383447909E-07
  3.99001152118E-07
  3.68365050463E-07
  3.38100790032E-07
  3.08823388195E-07
  2.81129445057E-07
  2.55588759046E-07
  2.32736880434E-07
  2.13067551158E-07
  1.97025542548E-07
  1.85000359920E-07
  1.77319890327E-07
  1.74245343487E-07
  1.75966377469E-07
  1.82597332810E-07
  1.94174191392E-07
  2.10652444821E-07
  2.31905787018E-07
  2.57725957908E-07
  2.87823297640E-07
  3.21828679262E-07
  3.59295796670E-07
  3.99705243126E-07
  4.42468717665E-07
  4.86934652599E-07
  5.32394665242E-07
  5.78090350700E-07
  6.23221694696E-07
  6.66955202178E-07
  7.08433105956E-07
  7.46783143768E-07
  7.81128449034E-07
  8.10597896361E-07
  8.34336447042E-07
  8.51515835620E-07
  8.61345085923E-07
  8.63080629188E-07
  8.56036194818E-07
  8.39593042201E-07
  8.13208714590E-07
  7.76424940341E-07
  7.28876500489E-07
  6.70297310990E-07
  6.00526846029E-07
  5.19514685493E-07
  4.27325318242E-07
  3.24139904251E-07
  2.10258733091E-07
  8.61013091935E-08
 -4.77946109356E-08
 -1.90774926523E-07
 -3.42072468129E-07
 -5.00811836446E-07
 -6.66015012030E-07
 -8.36608307964E-07
 -1.01143075426E-06
 -1.18924288017E-06
 -1.36873723022E-06
 -1.54854899392E-06
 -1.72726799974E-06
 -1.90345122064E-06
 -2.07563584809E-06
 -2.24235236601E-06
 -2.40213989855E-06
 -2.55355598711E-06
 -2.69519637186E-06
 -2.82570499621E-06
 -2.94378719445E-06
 -3.04822583530E-06
 -3.13789064421E-06
 -3.21175252793E-06
 -3.26889380631E-06
 -3.30851844410E-06
 -3.32996114594E-06
 -3.33269531438E-06
 -3.31634100803E-06
 -3.28066744260E-06
 -3.22560117638E-06
 -3.15122633765E-06
 -3.05778462462E-06
 -2.94567803394E-06
 -2.81546613223E-06
 -2.66786014436E-06
 -2.50372113442E-06
 -2.32405295719E-06
 -2.12999361793E-06
 -1.92280776901E-06
 -1.70387522758E-06
 -1.47467960687E-06
 -1.23679683384E-06
 -9.91881051959E-07
 -7.41650126201E-07
 -4.87871204768E-07
 -2.32345129803E-07
  2.31091910052E-08
  2.76671073607E-07
  5.26534222445E-07
  7.70922326865E-07
  1.00810541426E-06
  1.23641450500E-06
  1.45425769915E-06
  1.66013251146E-06
  1.85264070751E-06
  2.03050012715E-06
  2.19255571210E-06
  2.33778882830E-06
  2.46532840720E-06
  2.57445503848E-06
  2.66460961029E-06
  2.73539626505E-06
  2.78658421848E-06
  2.81811117020E-06
  2.83008239421E-06
  2.82276641883E-06
  2.79659479929E-06
  2.75215461443E-06
  2.69018300969E-06
  2.61155787484E-06
  2.51729056799E-06
  2.40851454691E-06
  2.28647240874E-06
  2.15250429392E-06
  2.00803629014E-06
  1.85456178770E-06
  1.69363102032E-06
  1.52683298893E-06
  1.35578102345E-06
  1.18209720767E-06
  1.00739691788E-06
  8.33272338241E-07
  6.61279102587E-07
  4.92920321449E-07
  3.29633706997E-07
  1.72777859575E-07
  2.36204762416E-08
 -1.16672850936E-07
 -2.47048603796E-07
 -3.66574028021E-07
 -4.74444590282E-07
 -5.69989992982E-07
 -6.52678636470E-07
 -7.22120887531E-07
 -7.78070500473E-07
 -8.20424759240E-07
 -8.49223283694E-07
 -8.64645016918E-07
 -8.67003905114E-07
 -8.56743213262E-07
 -8.34428703911E-07
 -8.00740963314E-07
 -7.56465112772E-07
 -7.02481543158E-07
 -6.39754375698E-07
 -5.69319581700E-07
 -4.92272420161E-07
 -4.09755045894E-07
 -3.22942270259E-07
 -2.33028856655E-07
 -1.41215721783E-07
 -4.86963749324E-08
  4.33559925739E-08
  1.33801421498E-07
  2.21545320755E-07
  3.05550145185E-07
  3.84845975532E-07
  4.58540569070E-07
  5.25828170339E-07
  5.85997497637E-07
  6.38437654743E-07
  6.82644611061E-07
  7.18224441698E-07
  7.44896397009E-07
  7.62494607898E-07
  7.70967687913E-07
  7.70378107973E-07
  7.60899183661E-07
  7.42811664622E-07
  7.16498618658E-07
  6.82439122102E-07
  6.41201438611E-07
  5.93434606344E-07
  5.39859115634E-07
  4.81257984575E-07
  4.18465219809E-07
  3.52355698396E-07
  2.83833429648E-07
  2.13819959072E-07
  1.43242885997E-07
  7.30237985636E-08
  4.06718658752E-09
 -6.27511553830E-08
 -1.26594770222E-07
 -1.86676786029E-07
 -2.42269578621E-07
 -2.92713480121E-07
 -3.37424921781E-07
 -3.75903056238E-07
 -4.07735967656E-07
 -4.32605446576E-07
 -4.50290286835E-07
 -4.60669212998E-07
 -4.63721562483E-07
 -4.59527683461E-07
 -4.48267257980E-07
 -4.30216942959E-07
 -4.05746590104E-07
 -3.75314499479E-07
 -3.39461280419E-07
 -2.98802945053E-07
 -2.54022950230E-07
 -2.05863599945E-07
 -1.55116239853E-07
 -1.02611487307E-07
 -4.92083032100E-08
  4.21685175667E-09
  5.67813422947E-08
  1.07607718292E-07
  1.55835081728E-07
  2.00630353220E-07
  2.41199074935E-07
  2.76796072285E-07
  3.06735302047E-07
  3.30399331006E-07
  3.47247663512E-07
  3.56824699566E-07
  3.58765959163E-07
  3.52804335080E-07
  3.38774157171E-07
  3.16614745088E-07
  2.86372369374E-07
  2.48201388331E-07
  2.02363438007E-07
  1.49226039525E-07
  8.92594300694E-08
  2.30325074568E-08
 -4.87927316328E-08
 -1.25467607859E-07
 -2.06164671113E-07
 -2.89985962354E-07
 -3.75972888378E-07
 -4.63116606397E-07
 -5.50368611130E-07
 -6.36653282982E-07
 -7.20879086202E-07
 -8.01951159701E-07
 -8.78784533143E-07
 -9.50316120907E-07
 -1.01551745502E-06
 -1.07340690647E-06
 -1.12306190658E-06
 -1.16362980407E-06
 -1.19433923373E-06
 -1.21450989354E-06
 -1.22356141219E-06
 -1.22102142086E-06
 -1.20653362501E-06
 -1.17986223813E-06
 -1.14089721137E-06
 -1.08965787149E-06
 -1.02629462617E-06
 -9.51089134560E-07
 -8.64454250404E-07
 -7.66931123053E-07
 -6.59185673157E-07
 -5.42004272575E-07
 -4.16286297877E-07
 -2.83037564941E-07
 -1.43360821880E-07
  1.55356749687E-09
  1.50439021240E-07
  3.01964263372E-07
  4.54746043488E-07
  6.07362437677E-07
  7.58366638820E-07
  9.06301124814E-07
  1.04971240944E-06
  1.18716491215E-06
  1.31725641950E-06
  1.43863178437E-06
  1.54999702318E-06
  1.65013318565E-06
  1.73790817826E-06
  1.81229017926E-06
  1.87235843896E-06
  1.91731237464E-06
  1.94648259821E-06
  1.95933716896E-06
  1.95548886950E-06
  1.93470009435E-06
  1.89688705632E-06
  1.84212137810E-06
  1.77063157025E-06
  1.68280178059E-06
  1.57916997523E-06
  1.46042339111E-06
  1.32739444325E-06
  1.18105276670E-06
  1.02249828160E-06
  8.52951188790E-07
  6.73741965329E-07
  4.86299313707E-07
  2.92137940505E-07
  9.28446226567E-08
 -1.09935307080E-07
 -3.14513386002E-07
 -5.19172829172E-07
 -7.22184438473E-07
 -9.21821879274E-07
 -1.11637780265E-06
 -1.30417936361E-06
 -1.48360311414E-06
 -1.65309018030E-06
 -1.81116058684E-06
 -1.95642587641E-06
 -2.08760343412E-06
 -2.20352626457E-06
 -2.30315549743E-06
 -2.38558709498E-06
 -2.45006322075E-06
 -2.49597769653E-06
 -2.52287918556E-06
 -2.53047846854E-06
 -2.51865003520E-06
 -2.48743094744E-06
 -2.43702197622E-06
 -2.36778600993E-06
 -2.28024350690E-06
 -2.17506703848E-06
 -2.05307628676E-06
 -1.91522940440E-06
 -1.76261346496E-06
 -1.59643661846E-06
 -1.41801456266E-06
 -1.22875997022E-06
 -1.03016930098E-06
 -8.23808591122E-07
 -6.11300606579E-07
 -3.94309381591E-07
 -1.74525894181E-07
  4.63468339262E-08
  2.66608822130E-07
  4.84577526549E-07
  6.98602605098E-07
  9.07079652279E-07
  1.10846383450E-06
  1.30128250930E-06
  1.48414744672E-06
  1.65576557265E-06
  1.81494965545E-06
  1.96062660507E-06
  2.09184599953E-06
  2.20778633775E-06
  2.30776072385E-06
  2.39122164203E-06
  2.45776186603E-06
  2.50711855188E-06
  2.53917073678E-06
  2.55394093074E-06
  2.55159056906E-06
  2.53241751125E-06
  2.49685081144E-06
  2.44544526140E-06
  2.37887365984E-06
  2.29791976381E-06
  2.20346964852E-06
  2.09650011129E-06
  1.97807162294E-06
  1.84931434433E-06
  1.71141948613E-06
  1.56562668963E-06
  1.41321163483E-06
  1.25547501284E-06
  1.09373115720E-06
  9.29294799334E-07
  7.63470836773E-07
  5.97542907599E-07
  4.32762249147E-07
  2.70338603059E-07
  1.11429635297E-07
 -4.28672066732E-08
 -1.91522929072E-07
 -3.33584040391E-07
 -4.68178967594E-07
 -5.94523214659E-07
 -7.11924087682E-07
 -8.19783792849E-07
 -9.17601710171E-07
 -1.00497652511E-06
 -1.08160566015E-06
 -1.14728595690E-06
 -1.20191111819E-06
 -1.24547045743E-06
 -1.27804480599E-06
 -1.29980298880E-06
 -1.31099761802E-06
 -1.31195884023E-06
 -1.30308933421E-06
 -1.28485794448E-06
 -1.25779160953E-06
 -1.22247013223E-06
 -1.17951753964E-06
 -1.12959435228E-06
 -1.07339110400E-06
 -1.01161970179E-06
 -9.45006775055E-07
 -8.74285035479E-07
 -8.00187365257E-07
 -7.23439313788E-07
 -6.44752901735E-07
 -5.64820425097E-07
 -4.84308998239E-07
 -4.03855239028E-07
 -3.24061232959E-07
 -2.45490070938E-07
 -1.68663120803E-07
 -9.40569080399E-08
 -2.21012737001E-08
  4.68220981986E-08
  1.12380440953E-07
  1.74290192945E-07
  2.32316480719E-07
  2.86272296535E-07
  3.36017080826E-07
  3.81454526632E-07
  4.22530632704E-07
  4.59230534489E-07
  4.91575860906E-07
  5.19620812156E-07
  5.43449402812E-07
  5.63170601708E-07
  5.78915489768E-07
  5.90833110437E-07
  5.99085979047E-07
  6.03847070124E-07
  6.05295781497E-07
  6.03614012107E-07
  5.98983490363E-07
  5.91582306697E-07
  5.81581787173E-07
  5.69144901874E-07
  5.54423252197E-07
  5.37555592928E-07
  5.18666752214E-07
  4.97866153637E-07
  4.75247446730E-07
  4.50888336445E-07
  4.24850696845E-07
  3.97181082690E-07
  3.67911781041E-07
  3.37061919709E-07
  3.04639115711E-07
  2.70641208999E-07
  2.35058507769E-07
  1.97875792196E-07
  1.59074971862E-07
  1.18637636604E-07
  7.65475363096E-08
  3.27932951905E-08
 -1.26288322022E-08
 -5.97125762170E-08
 -1.08438953816E-07
 -1.58774057013E-07
 -2.10666911471E-07
 -2.64047542942E-07
 -3.18825101431E-07
 -3.74886809595E-07
 -4.32096612712E-07
 -4.90294439714E-07
 -5.49296032659E-07
 -6.08892605669E-07
 -6.68851612318E-07
 -7.28916631942E-07
 -7.88809586538E-07
 -8.48231366035E-07
 -9.06863760974E-07
 -9.64371679402E-07
 -1.02040598904E-06
 -1.07460539311E-06
 -1.12660006835E-06
 -1.17601507554E-06
 -1.22247320178E-06
 -1.26559837099E-06
 -1.30502007778E-06
 -1.34037702537E-06
 -1.37132008149E-06
 -1.39751671213E-06
 -1.41865461956E-06
 -1.43444481182E-06
 -1.44462558183E-06
 -1.44896591792E-06
 -1.44726698181E-06
 -1.43936654240E-06
 -1.42514090840E-06
 -1.40450617891E-06
 -1.37742074457E-06
 -1.34388608330E-06
 -1.30394823827E-06
 -1.25769804526E-06
 -1.20527033687E-06
 -1.14684507935E-06
 -1.08264509890E-06
 -1.01293596799E-06
 -9.38023333674E-07
 -8.58251780755E-07
 -7.74001648551E-07
 -6.85686131874E-07
 -5.93749234667E-07
 -4.98660938320E-07
 -4.00914302645E-07
 -3.01021231053E-07
 -1.99508534138E-07
 -9.69135456330E-08
  6.22024609598E-09
  1.09347652710E-07
  2.11926106886E-07
  3.13419974418E-07
  4.13305286884E-07
  5.11073210419E-07
  6.06234721090E-07
  6.98323901815E-07
  7.86901807714E-07
  8.71559620919E-07
  9.51921322212E-07
  1.02764681742E-06
  1.09843347218E-06
  1.16401861305E-06
  1.22418055071E-06
  1.27873909150E-06
  1.32755792492E-06
  1.37054212246E-06
  1.40763972922E-06
  1.43884096815E-06
  1.46417630731E-06
  1.48371543673E-06
  1.49756510837E-06
  1.50586777181E-06
  1.50879782268E-06
  1.50655966991E-06
  1.49938432514E-06
  1.48752644691E-06
  1.47126058891E-06
  1.45087790315E-06
  1.42668159242E-06
  1.39898509133E-06
  1.36810615459E-06
  1.33436481065E-06
  1.29807915528E-06
  1.25956182728E-06
  1.21911682527E-06
  1.17703643809E-06
  1.13359840270E-06
  1.08906294827E-06
  1.04367131826E-06
  9.97642928269E-07
  9.51174115471E-07
  9.04436546989E-07
  8.57576651470E-07
  8.10714823274E-07
  7.63945365634E-07
  7.17336433809E-07
  6.70930887736E-07
  6.24747030997E-07
  5.78779804528E-07
  5.33002776137E-07
  4.87369618440E-07
  4.41816126795E-07
  3.96263232005E-07
  3.50619188794E-07
  3.04782673766E-07
  2.58645428630E-07
  2.12095699226E-07
  1.65021049270E-07
  1.17311863335E-07
  6.88641748070E-08
  1.95831209027E-08
 -3.06143448370E-08
 -8.17964007638E-08
 -1.34013689035E-07
 -1.87296805620E-07
 -2.41654078081E-07
 -2.97069476574E-07
 -3.53500979600E-07
 -4.10879266610E-07
 -4.69106595347E-07
 -5.28056091298E-07
 -5.87571605593E-07
 -6.47467686576E-07
 -7.07530148247E-07
 -7.67516837641E-07
 -8.27158771699E-07
 -8.86162354163E-07
 -9.44210228226E-07
 -1.00096485767E-06
 -1.05607023215E-06
 -1.10915527785E-06
 -1.15983698379E-06
 -1.20772335777E-06
 -1.25241820115E-06
 -1.29352372369E-06
 -1.33064486363E-06
 -1.36339372148E-06
 -1.39139353905E-06
 -1.41428165534E-06
 -1.43171541822E-06
 -1.44337445818E-06
 -1.44896523580E-06
 -1.44822479342E-06
 -1.44092405208E-06
 -1.42687076732E-06
 -1.40591282616E-06
 -1.37794017974E-06
 -1.34288825393E-06
 -1.30073908622E-06
 -1.25152223518E-06
 -1.19531694054E-06
 -1.13225291898E-06
 -1.06250911358E-06
 -9.86314944385E-07
 -9.03948944142E-07
 -8.15737905668E-07
 -7.22054835478E-07
 -6.23317987447E-07
 -5.19987338521E-07
 -4.12562513930E-07
 -3.01579490269E-07
 -1.87607000157E-07
 -7.12428231964E-08
  4.68903493811E-08
  1.66149192182E-07
  2.85874392603E-07
  4.05395098824E-07
  5.24033907823E-07
  6.41112023914E-07
  7.55953749376E-07
  8.67891571943E-07
  9.76271167019E-07
  1.08045617253E-06
  1.17983267955E-06
  1.27381417769E-06
  1.36184473831E-06
  1.44340481256E-06
  1.51801350512E-06
  1.58523209848E-06
  1.64466825936E-06
  1.69597751665E-06
  1.73886587618E-06
  1.77309243554E-06
  1.79847017989E-06
  1.81486700512E-06
  1.82220696843E-06
  1.82046971986E-06
  1.80969050234E-06
  1.78996015165E-06
  1.76142305008E-06
  1.72427542111E-06
  1.67876532942E-06
  1.62518745128E-06
  1.56388296091E-06
  1.49523589243E-06
  1.41966893352E-06
  1.33764115162E-06
  1.24964401493E-06
  1.15619684493E-06
  1.05784363313E-06
  9.55148266257E-07
  8.48690490329E-07
  7.39061761124E-07
  6.26860810371E-07
  5.12689382504E-07
  3.97147886133E-07
  2.80831613964E-07
  1.64326849017E-07
  4.82065836138E-08
 -6.69725110924E-08
 -1.80673822570E-07
 -2.92383646183E-07
 -4.01614244083E-07
 -5.07906236180E-07
 -6.10830966252E-07
 -7.09992491466E-07
 -8.05028889772E-07
 -8.95614164165E-07
 -9.81458470051E-07
 -1.06230936581E-06
 -1.13795204015E-06
 -1.20820857319E-06
 -1.27293913010E-06
 -1.33203980113E-06
 -1.38544248784E-06
 -1.43311388001E-06
 -1.47505375026E-06
 -1.51129358983E-06
 -1.54189467594E-06
 -1.56694591169E-06
 -1.58656234817E-06
 -1.60088200118E-06
 -1.61006460075E-06
 -1.61428840784E-06
 -1.61374771324E-06
 -1.60865113230E-06
 -1.59921830800E-06
 -1.58567843300E-06
 -1.56826604325E-06
 -1.54722158641E-06
 -1.52278641963E-06
 -1.49520246850E-06
 -1.46470949858E-06
 -1.43154386478E-06
 -1.39593601034E-06
 -1.35811012569E-06
 -1.31828198846E-06
 -1.27665759919E-06
 -1.23343374980E-06
 -1.18879552247E-06
 -1.14291685804E-06
 -1.09595964659E-06
 -1.04807384105E-06
 -9.99396888801E-07
 -9.50054982241E-07
 -9.00161865047E-07
 -8.49820310123E-07
 -7.99122574335E-07
 -7.48150739582E-07
 -6.96977338066E-07
 -6.45666887067E-07
 -5.94276286847E-07
 -5.42855616459E-07
 -4.91449668516E-07
 -4.40098631316E-07
 -3.88839083598E-07
 -3.37705216680E-07
 -2.86729687105E-07
 -2.35944511928E-07
 -1.85381935580E-07
 -1.35075396202E-07
 -8.50601651337E-08
 -3.53739508796E-08
  1.39424365386E-08
  6.28446414908E-08
  1.11284499837E-07
  1.59209619710E-07
  2.06563441907E-07
  2.53285008966E-07
  2.99309107277E-07
  3.44566586818E-07
  3.88984346955E-07
  4.32485819601E-07
  4.74991736610E-07
  5.16420072927E-07
  5.56687098197E-07
  5.95707945195E-07
  6.33397064576E-07
  6.69669532272E-07
  7.04441163180E-07
  7.37629875402E-07
  7.69155917624E-07
  7.98943403879E-07
  8.26920484087E-07
  8.53020253544E-07
  8.77181491887E-07
  8.99349572592E-07
  9.19476462968E-07
  9.37522031563E-07
  9.53453820784E-07
  9.67247842709E-07
  9.78888806458E-07
  9.88370402411E-07
  9.95695017991E-07
  1.00087424926E-06
  1.00392924196E-06
  1.00488909993E-06
  1.00379179457E-06
  1.00068416486E-06
  9.95620439426E-07
  9.88661781776E-07
  9.79877313512E-07
  9.69341726886E-07
  9.57135171120E-07
  9.43342968185E-07
  9.28054419091E-07
  9.11361951239E-07
  8.93360720511E-07
  8.74147417562E-07
  8.53819699387E-07
  8.32475109291E-07
  8.10210735835E-07
  7.87121848589E-07
  7.63301784446E-07
  7.38840924441E-07
  7.13826125320E-07
  6.88340264787E-07
  6.62461729917E-07
  6.36263678189E-07
  6.09814492236E-07
  5.83176586133E-07
  5.56406916985E-07
  5.29556530182E-07
  5.02670786773E-07
  4.75789192933E-07
  4.48945939979E-07
  4.22169733838E-07
  3.95484306637E-07
  3.68908814607E-07
  3.42458321256E-07
  3.16144223689E-07
  2.89974792622E-07
  2.63955854507E-07
  2.38091473648E-07
  2.12384378528E-07
  1.86836928151E-07
  1.61451623626E-07
  1.36231790293E-07
  1.11182345108E-07
  8.63103224447E-08
  6.16255775299E-08
  3.71412660627E-08
  1.28744739314E-08
 -1.11534381730E-08
 -3.49163400415E-08
 -5.83830654932E-08
 -8.15171503632E-08
 -1.04276644208E-07
 -1.26614096985E-07
 -1.48476473782E-07
 -1.69805375094E-07
 -1.90537122080E-07
 -2.10603118944E-07
 -2.29930193996E-07
 -2.48441210715E-07
 -2.66055309339E-07
 -2.82688944253E-07
 -2.98256253473E-07
 -3.12670039193E-07
 -3.25842620441E-07
 -3.37686600460E-07
 -3.48116060422E-07
 -3.57047127864E-07
 -3.64399539876E-07
 -3.70097211544E-07
 -3.74069543341E-07
 -3.76252160095E-07
 -3.76588388917E-07
 -3.75029770794E-07
 -3.71537282717E-07
 -3.66082161918E-07
 -3.58646730092E-07
 -3.49224990259E-07
 -3.37823877317E-07
 -3.24462973822E-07
 -3.09175788971E-07
 -2.92009758596E-07
 -2.73026586228E-07
 -2.52302271520E-07
 -2.29927579198E-07
 -2.06007385373E-07
 -1.80660805427E-07
 -1.54020796117E-07
 -1.26233587139E-07
 -9.74580984803E-08
 -6.78652938291E-08
 -3.76372035760E-08
 -6.96602064920E-09
  2.39470541175E-08
  5.48929079969E-08
  8.56558983742E-08
  1.16015151264E-07
  1.45746085423E-07
  1.74621902715E-07
  2.02415151307E-07
  2.28899367016E-07
  2.53850714671E-07
  2.77049679198E-07
  2.98282657241E-07
  3.17343676670E-07
  3.34036116101E-07
  3.48174069131E-07
  3.59584163334E-07
  3.68106810811E-07
  3.73597686121E-07
  3.75929175789E-07
  3.74991344643E-07
  3.70693356899E-07
  3.62963987754E-07
  3.51752902361E-07
  3.37031167419E-07
  3.18791791187E-07
  2.97050121389E-07
  2.71844299959E-07
  2.43234865138E-07
  2.11305234643E-07
  1.76161037757E-07
  1.37929944799E-07
  9.67609707914E-08
  5.28237471542E-08
  6.30769170229E-09
 -4.25790283032E-08
 -9.36107298344E-08
 -1.46545488633E-07
 -2.01126567845E-07
 -2.57083939914E-07
 -3.14135974122E-07
 -3.71991177417E-07
 -4.30349899716E-07
 -4.88906380269E-07
 -5.47350566649E-07
 -6.05369905315E-07
 -6.62651757466E-07
 -7.18884962225E-07
 -7.73761883011E-07
 -8.26980340207E-07
 -8.78245771219E-07
 -9.27272594708E-07
 -9.73786654868E-07
 -1.01752607407E-06
 -1.05824346974E-06
 -1.09570703444E-06
 -1.12970246846E-06
 -1.16003366202E-06
 -1.18652371839E-06
 -1.20901677292E-06
 -1.22737765196E-06
 -1.24149346448E-06
 -1.25127348838E-06
 -1.25664985262E-06
 -1.25757765090E-06
 -1.25403482798E-06
 -1.24602217966E-06
 -1.23356289805E-06
 -1.21670268527E-06
 -1.19550804811E-06
 -1.17006629807E-06
 -1.14048532396E-06
 -1.10689131816E-06
 -1.06942820821E-06
 -1.02825697468E-06
 -9.83553377409E-07
 -9.35507955546E-07
 -8.84322901129E-07
 -8.30212172787E-07
 -7.73399165155E-07
 -7.14115117262E-07
 -6.52598089346E-07
 -5.89090973335E-07
 -5.23840014921E-07
 -4.57093818795E-07
 -3.89101302289E-07
 -3.20110274288E-07
 -2.50366724686E-07
 -1.80112863291E-07
 -1.09586338226E-07
 -3.90190635358E-08
  3.13639425542E-08
  1.01345300152E-07
  1.70716162984E-07
  2.39276857883E-07
  3.06837478092E-07
  3.73218426830E-07
  4.38250680190E-07
  5.01776128203E-07
  5.63647631679E-07
  6.23729192739E-07
  6.81895585330E-07
  7.38032895242E-07
  7.92037383235E-07
  8.43815996632E-07
  8.93285459824E-07
  9.40371705838E-07
  9.85010160548E-07
  1.02714443528E-06
  1.06672575839E-06
  1.10371331630E-06
  1.13807243451E-06
  1.16977400921E-06
  1.19879564409E-06
  1.22511812606E-06
  1.24872758533E-06
  1.26961344904E-06
  1.28776832753E-06
  1.30318687752E-06
  1.31586693897E-06
  1.32580748868E-06
  1.33300909511E-06
  1.33747391828E-06
  1.33920525514E-06
  1.33820674364E-06
  1.33448349970E-06
  1.32804132136E-06
  1.31888702981E-06
  1.30702926526E-06
  1.29247678160E-06
  1.27524094751E-06
  1.25533517803E-06
  1.23277413877E-06
  1.20757601962E-06
  1.17976230740E-06
  1.14935744477E-06
  1.11638996714E-06
  1.08089363948E-06
  1.04290654690E-06
  1.00247223145E-06
  9.59640374276E-07
  9.14467250368E-07
  8.67015501171E-07
  8.17355100935E-07
  7.65563413552E-07
  7.11725590463E-07
  6.55934911720E-07
  5.98292274390E-07
  5.38907443115E-07
  4.77898083773E-07
  4.15389934005E-07
  3.51517201125E-07
  2.86421652618E-07
  2.20253014049E-07
  1.53168059569E-07
  8.53306971749E-08
  1.69112226445E-08
 -5.19141210020E-08
 -1.20963733252E-07
 -1.90051252957E-07
 -2.58986347035E-07
 -3.27575435222E-07
 -3.95622151927E-07
 -4.62928653633E-07
 -5.29296130480E-07
 -5.94525602082E-07
 -6.58418912280E-07
 -7.20779382846E-07
 -7.81412950346E-07
 -8.40128507207E-07
 -8.96739265954E-07
 -9.51063213961E-07
 -1.00292379557E-06
 -1.05215065105E-06
 -1.09858081032E-06
 -1.14205795398E-06
 -1.18243485758E-06
 -1.21957248211E-06
 -1.25334065615E-06
 -1.28361909901E-06
 -1.31029719341E-06
 -1.33327432650E-06
 -1.35246068567E-06
 -1.36777657644E-06
 -1.37915344567E-06
 -1.38653319937E-06
 -1.38986888487E-06
 -1.38912446346E-06
 -1.38427458296E-06
 -1.37530514621E-06
 -1.36221251523E-06
 -1.34500385229E-06
 -1.32369700623E-06
 -1.29832028506E-06
 -1.26891245600E-06
 -1.23552285913E-06
 -1.19821061162E-06
 -1.15704517611E-06
 -1.11210624709E-06
 -1.06348329609E-06
 -1.01127568541E-06
 -9.55593236540E-07
 -8.96555150121E-07
 -8.34290688090E-07
 -7.68939173668E-07
 -7.00649763985E-07
 -6.29581961675E-07
 -5.55905046440E-07
 -4.79798700326E-07
 -4.01452410870E-07
 -3.21066295328E-07
 -2.38850446976E-07
 -1.55025290383E-07
 -6.98214179806E-08
  1.65205378266E-08
  1.03749933089E-07
  1.91606403632E-07
  2.79820028481E-07
  3.68111869875E-07
  4.56194015896E-07
  5.43770511285E-07
  6.30537783763E-07
  7.16185127203E-07
  8.00396094292E-07
  8.82848723904E-07
  9.63217303251E-07
  1.04117270894E-06
  1.11638462386E-06
  1.18852176456E-06
  1.25725512135E-06
  1.32225716243E-06
  1.38320615406E-06
  1.43978570577E-06
  1.49168795360E-06
  1.53861572016E-06
  1.58028319674E-06
  1.61641912655E-06
  1.64676896475E-06
  1.67109612903E-06
  1.68918472809E-06
  1.70084206275E-06
  1.70589919435E-06
  1.70421481016E-06
  1.69567533703E-06
  1.68019869307E-06
  1.65773371918E-06
  1.62826358974E-06
  1.59180649462E-06
  1.54841632138E-06
  1.49818470163E-06
  1.44124066992E-06
  1.37775168696E-06
  1.30792466280E-06
  1.23200425151E-06
  1.15027376069E-06
  1.06305503778E-06
  9.70705855252E-07
  8.73620592756E-07
  7.72227338075E-07
  6.66987318709E-07
  5.58391946015E-07
  4.46960967793E-07
  3.33239370320E-07
  2.17795147250E-07
  1.01215427151E-07
 -1.58963615604E-08
 -1.32924441232E-07
 -2.49244322958E-07
 -3.64226821148E-07
 -4.77242167563E-07
 -5.87664089835E-07
 -6.94874529472E-07
 -7.98267365099E-07
 -8.97253130461E-07
 -9.91263391370E-07
 -1.07975472474E-06
 -1.16221315238E-06
 -1.23815777897E-06
 -1.30714533952E-06
 -1.36877304158E-06
 -1.42268265790E-06
 -1.46856280026E-06
 -1.50615301209E-06
 -1.53524501911E-06
 -1.55568523041E-06
 -1.56737689849E-06
 -1.57028125614E-06
 -1.56441763011E-06
 -1.54986526013E-06
 -1.52676250309E-06
 -1.49530603721E-06
 -1.45575017996E-06
 -1.40840666063E-06
 -1.35364098242E-06
 -1.29187071707E-06
 -1.22356357224E-06
 -1.14923295769E-06
 -1.06943559786E-06
 -9.84766415968E-07
 -8.95855123417E-07
 -8.03361217550E-07
 -7.07969036284E-07
 -6.10382755895E-07
 -5.11320934038E-07
 -4.11511024367E-07
 -3.11683777454E-07
 -2.12567414337E-07
 -1.14882013236E-07
 -1.93336990861E-08
  7.33909004680E-08
  1.62630172440E-07
  2.47752922178E-07
  3.28163395125E-07
  4.03306188446E-07
  4.72670905083E-07
  5.35795891210E-07
  5.92272726863E-07
  6.41749124952E-07
  6.83931659751E-07
  7.18589149074E-07
  7.45553336401E-07
  7.64721050928E-07
  7.76055117058E-07
  7.79584183874E-07
  7.75402725139E-07
  7.63670186643E-07
  7.44609565118E-07
  7.18505248187E-07
  6.85701138536E-07
  6.46597015930E-07
  6.01645240295E-07
  5.51346886368E-07
  4.96247480442E-07
  4.36931742342E-07
  3.74018952698E-07
  3.08157211748E-07
  2.40017897113E-07
  1.70289567336E-07
  9.96720430635E-08
  2.88700938711E-08
 -4.14126866133E-08
 -1.10480257831E-07
 -1.77650193223E-07
 -2.42259829975E-07
 -3.03672067048E-07
 -3.61281138339E-07
 -4.14518012803E-07
 -4.62855211936E-07
 -5.05812010942E-07
 -5.42958275673E-07
 -5.73918327973E-07
 -5.98374697347E-07
 -6.16070394699E-07
 -6.26811754501E-07
 -6.30469571661E-07
 -6.26980693141E-07
 -6.16348245330E-07
 -5.98641804572E-07
 -5.73996544517E-07
 -5.42612042409E-07
 -5.04750516939E-07
 -4.60734185026E-07
 -4.10942504914E-07
 -3.55808737140E-07
 -2.95815766549E-07
 -2.31491824820E-07
 -1.63405729836E-07
 -9.21615566085E-08
 -1.83932478137E-08
  5.72412268696E-08
  1.34065871293E-07
  2.11392674032E-07
  2.88527985504E-07
  3.64778742323E-07
  4.39458744950E-07
  5.11894825195E-07
  5.81432914259E-07
  6.47443926027E-07
  7.09329640358E-07
  7.66527364249E-07
  8.18515729861E-07
  8.64818844093E-07
  9.05010665520E-07
  9.38718358157E-07
  9.65626099969E-07
  9.85477413451E-07
  9.98077098302E-07
  1.00329339148E-06
  1.00105853562E-06
  9.91368779069E-07
  9.74285285338E-07
  9.49932086769E-07
  9.18495686619E-07
  8.80222614796E-07
  8.35417040435E-07
  7.84437759194E-07
  7.27694953184E-07
  6.65645814024E-07
  5.98790506956E-07
  5.27667509687E-07
  4.52848411214E-07
  3.74932454861E-07
  2.94541365520E-07
  2.12313551629E-07
  1.28897880813E-07
  4.49484787168E-08
 -3.88816907559E-08
 -1.21946357012E-07
 -2.03611762117E-07
 -2.83262210132E-07
 -3.60305250524E-07
 -4.34177081843E-07
 -5.04346871821E-07
 -5.70321390114E-07
 -6.31649129446E-07
 -6.87923659370E-07
 -7.38786866350E-07
 -7.83931511705E-07
 -8.23103448511E-07
 -8.56103042679E-07
 -8.82786764578E-07
 -9.03067075342E-07
 -9.16912426874E-07
 -9.24347716591E-07
 -9.25451900002E-07
 -9.20357138057E-07
 -9.09246921310E-07
 -8.92353114068E-07
 -8.69953112215E-07
 -8.42366659981E-07
 -8.09952325653E-07
 -7.73102726725E-07
 -7.32241232981E-07
 -6.87816736900E-07
 -6.40299276711E-07
 -5.90175034176E-07
 -5.37941730272E-07
 -4.84103111376E-07
 -4.29164686011E-07
 -3.73628324724E-07
 -3.17987741028E-07
 -2.62724086042E-07
 -2.08301102589E-07
 -1.55161387738E-07
 -1.03722442191E-07
 -5.43729825608E-08
 -7.46992334655E-09
  3.66644457017E-08
  7.77449429279E-08
  1.15525367050E-07
  1.49800158056E-07
  1.80405379524E-07
  2.07219528647E-07
  2.30163564652E-07
  2.49200894586E-07
  2.64336421196E-07
  2.75615775536E-07
  2.83123625877E-07
  2.86981816089E-07
  2.87347347694E-07
  2.84409537699E-07
  2.78387460639E-07
  2.69526793772E-07
  2.58096434891E-07
  2.44385006454E-07
  2.28697473403E-07
  2.11351178336E-07
  1.92672175103E-07
  1.72991448721E-07
  1.52641135287E-07
  1.31950869786E-07
  1.11244155221E-07
  9.08350088480E-08
  7.10245871005E-08
  5.20982865737E-08
  3.43228094835E-08
  1.79436856484E-08
  3.18303672309E-09
 -9.76237934935E-09
 -2.07227923710E-08
 -2.95566913167E-08
 -3.61517003000E-08
 -4.04252560315E-08
 -4.23247570325E-08
 -4.18274979097E-08
 -3.89402110557E-08
 -3.36982992621E-08
 -2.61647432609E-08
 -1.64287481397E-08
 -4.60411664349E-09
  9.17268572209E-09
  2.47445797186E-08
  4.19362002901E-08
  6.05562959777E-08
  8.04003761345E-08
  1.01253341711E-07
  1.22892217291E-07
  1.45088989711E-07
  1.67613166013E-07
  1.90234786146E-07
  2.12726817495E-07
  2.34867869153E-07
  2.56444565139E-07
  2.77253832337E-07
  2.97104975289E-07
  3.15821608865E-07
  3.33243320938E-07
  3.49227150309E-07
  3.63648780421E-07
  3.76403505697E-07
  3.87406856817E-07
  3.96595083885E-07
  4.03925412229E-07
  4.09375729760E-07
  4.12944359596E-07
  4.14649576896E-07
  4.14528585679E-07
  4.12636438796E-07
  4.09045128436E-07
  4.03841823982E-07
  3.97127365659E-07
  3.89014729762E-07
  3.79626953873E-07
  3.69095317865E-07
  3.57557553343E-07
  3.45155456216E-07
  3.32033238237E-07
  3.18335366956E-07
  3.04204547774E-07
  2.89780018647E-07
  2.75195588983E-07
  2.60578048028E-07
  2.46045686936E-07
  2.31706650311E-07
  2.17657984081E-07
  2.03984370728E-07
  1.90757404539E-07
  1.78034895271E-07
  1.65860242873E-07
  1.54262352225E-07
  1.43255576290E-07
  1.32839716116E-07
  1.23000432950E-07
  1.13709859306E-07
  1.04927167399E-07
  9.65995639035E-08
  8.86632349761E-08
  8.10446110222E-08
  7.36615817232E-08
  6.64249171223E-08
  5.92397633170E-08
  5.20071843368E-08
  4.46257395481E-08
  3.69930788224E-08
  2.90075696796E-08
  2.05699084432E-08
  1.15845990578E-08
  1.96153071563E-09
 -8.38270253212E-09
 -1.95234157729E-08
 -3.15266568407E-08
 -4.44481358386E-08
 -5.83322510295E-08
 -7.32113321078E-08
 -8.91049296570E-08
 -1.06019435009E-07
 -1.23947643260E-07
 -1.42868714192E-07
 -1.62748051480E-07
 -1.83537693488E-07
 -2.05176405643E-07
 -2.27590319923E-07
 -2.50693517501E-07
 -2.74388867183E-07
 -2.98568778589E-07
 -3.23116353229E-07
 -3.47906421894E-07
 -3.72806681526E-07
 -3.97679031039E-07
 -4.22380821874E-07
 -4.46766136974E-07
 -4.70687297138E-07
 -4.93996026307E-07
 -5.16545014762E-07
 -5.38188942301E-07
 -5.58785984595E-07
 -5.78199035317E-07
 -5.96296558797E-07
 -6.12953954260E-07
 -6.28054522167E-07
 -6.41489918962E-07
 -6.53161862374E-07
 -6.62981278765E-07
 -6.70870520025E-07
 -6.76762681451E-07
 -6.80602283865E-07
 -6.82345330461E-07
 -6.81959534177E-07
 -6.79424488226E-07
 -6.74730927130E-07
 -6.67881181471E-07
 -6.58888495764E-07
 -6.47776403184E-07
 -6.34579294001E-07
 -6.19340312369E-07
 -6.02112493198E-07
 -5.82956886319E-07
 -5.61942385957E-07
 -5.39145105449E-07
 -5.14648093031E-07
 -4.88539740218E-07
 -4.60913923916E-07
 -4.31869239037E-07
 -4.01508287950E-07
 -3.69937197320E-07
 -3.37264964401E-07
 -3.03603343355E-07
 -2.69066049441E-07
 -2.33768588487E-07
 -1.97827958459E-07
 -1.61362237350E-07
 -1.24490540543E-07
 -8.73327081763E-08
 -5.00092447453E-08
 -1.26412098567E-08
  2.46498412793E-08
  6.17419360083E-08
  9.85126860087E-08
  1.34839297061E-07
  1.70598610794E-07
  2.05667220143E-07
  2.39921348566E-07
  2.73236992143E-07
  3.05490289065E-07
  3.36557178571E-07
  3.66314026223E-07
  3.94637766021E-07
  4.21406127771E-07
  4.46498091833E-07
  4.69794514402E-07
  4.91178184348E-07
  5.10535073772E-07
  5.27754252744E-07
  5.42729480912E-07
  5.55358951715E-07
  5.65547111364E-07
  5.73205056753E-07
  5.78251444949E-07
  5.80613573220E-07
  5.80228402214E-07
  5.77043351768E-07
  5.71017665152E-07
  5.62122863812E-07
  5.50343884242E-07
  5.35680271696E-07
  5.18146748618E-07
  4.97773726238E-07
  4.74608384593E-07
  4.48714956747E-07
  4.20175467752E-07
  3.89089592545E-07
  3.55575281219E-07
  3.19768474810E-07
  2.81823190562E-07
  2.41911095600E-07
  2.00220966917E-07
  1.56958279263E-07
  1.12344096692E-07
  6.66143904482E-08
  2.00186232036E-08
 -2.71814695196E-08
 -7.47133910295E-08
 -1.22295546134E-07
 -1.69639008618E-07
 -2.16449407731E-07
 -2.62429068698E-07
 -3.07278924083E-07
 -3.50700929630E-07
 -3.92400238525E-07
 -4.32087432500E-07
 -4.69480994525E-07
 -5.04309412008E-07
 -5.36313677912E-07
 -5.65249422380E-07
 -5.90888873830E-07
 -6.13023360074E-07
 -6.31464843082E-07
 -6.46047908504E-07
 -6.56631414131E-07
 -6.63099967824E-07
 -6.65365007535E-07
 -6.63366336084E-07
 -6.57072121157E-07
 -6.46480600608E-07
 -6.31619286651E-07
 -6.12545989043E-07
 -5.89348303492E-07
 -5.62143100069E-07
 -5.31075897925E-07
 -4.96320183174E-07
 -4.58076101495E-07
 -4.16568866513E-07
 -3.72047594510E-07
 -3.24782945427E-07
 -2.75065531241E-07
 -2.23203443284E-07
 -1.69520092186E-07
 -1.14351500713E-07
 -5.80438346276E-08
 -9.50759582174E-10
  5.65695010835E-08
  1.14156790687E-07
  1.71451887354E-07
  2.28099295896E-07
  2.83749926666E-07
  3.38063983918E-07
  3.90713182696E-07
  4.41383463112E-07
  4.89777448820E-07
  5.35616038633E-07
  5.78641277116E-07
  6.18617036707E-07
  6.55331916732E-07
  6.88599300247E-07
  7.18259059340E-07
  7.44178635159E-07
  7.66253322126E-07
  7.84406722687E-07
  7.98590690465E-07
  8.08785387107E-07
  8.14999111753E-07
  8.17267107323E-07
  8.15651162611E-07
  8.10238418580E-07
  8.01140004114E-07
  7.88489671777E-07
  7.72442319885E-07
  7.53171718770E-07
  7.30869260224E-07
  7.05741626916E-07
  6.78008575505E-07
  6.47900947115E-07
  6.15658620973E-07
  5.81527842769E-07
  5.45759576198E-07
  5.08606945004E-07
  4.70323158197E-07
  4.31159605796E-07
  3.91363698782E-07
  3.51177050106E-07
  3.10833854655E-07
  2.70559070259E-07
  2.30567081871E-07
  1.91060266275E-07
  1.52227926264E-07
  1.14245288785E-07
  7.72727020149E-08
  4.14549390371E-08
  6.92079771270E-09
 -2.62172399346E-08
 -5.78630903192E-08
 -8.79370318785E-08
 -1.16375538539E-07
 -1.43130918673E-07
 -1.68170842585E-07
 -1.91477710132E-07
 -2.13047997022E-07
 -2.32891423479E-07
 -2.51030058962E-07
 -2.67497284767E-07
 -2.82336912960E-07
 -2.95602006872E-07
 -3.07353928974E-07
 -3.17661118743E-07
 -3.26598041056E-07
 -3.34244049327E-07
 -3.40682504429E-07
 -3.45999467299E-07
 -3.50283130501E-07
 -3.53622368721E-07
 -3.56106284016E-07
 -3.57823353170E-07
 -3.58860461347E-07
 -3.59302532615E-07
 -3.59231790981E-07
 -3.58727191951E-07
 -3.57864280431E-07
 -3.56714480176E-07
 -3.55344894842E-07
 -3.53818251142E-07
 -3.52192643049E-07
 -3.50521162318E-07
 -3.48852182697E-07
 -3.47229075714E-07
 -3.45690324366E-07
 -3.44269579955E-07
 -3.42995406299E-07
 -3.41891848166E-07
 -3.40977862834E-07
 -3.40267803267E-07
 -3.39771446534E-07
 -3.39493738011E-07
 -3.39435104024E-07
 -3.39591224474E-07
 -3.39953203365E-07
 -3.40507341434E-07
 -3.41235278256E-07
 -3.42113708030E-07
 -3.43114407997E-07
 -3.44204181602E-07
 -3.45344631114E-07
 -3.46492072367E-07
 -3.47597563177E-07
 -3.48606562284E-07
 -3.49459099880E-07
 -3.50089720769E-07
 -3.50427256990E-07
 -3.50395168880E-07
 -3.49911459807E-07
 -3.48888875124E-07
 -3.47235214804E-07
 -3.44853560819E-07
 -3.41642731883E-07
 -3.37497795044E-07
 -3.32310463591E-07
 -3.25970177073E-07
 -3.18364470786E-07
 -3.09379998953E-07
 -2.98903643170E-07
 -2.86823507167E-07
 -2.73029968412E-07
 -2.57417042349E-07
 -2.39883803488E-07
 -2.20335522272E-07
 -1.98685285113E-07
 -1.74855458113E-07
 -1.48779122355E-07
 -1.20401693948E-07
 -8.96823380003E-08
 -5.65954465515E-08
 -2.11321484755E-08
  1.66983618044E-08
  5.68675986301E-08
  9.93265132365E-08
  1.44004530966E-07
  1.90808577827E-07
  2.39622409026E-07
  2.90305990802E-07
  3.42695273048E-07
  3.96601762986E-07
  4.51813036761E-07
  5.08092625751E-07
  5.65181039747E-07
  6.22795937488E-07
  6.80634229866E-07
  7.38372307296E-07
  7.95668427145E-07
  8.52164362186E-07
  9.07487390123E-07
  9.61252681009E-07
  1.01306636680E-06
  1.06252730347E-06
  1.10923099328E-06
  1.15277259738E-06
  1.19274920962E-06
  1.22876485875E-06
  1.26043289583E-06
  1.28737985960E-06
  1.30924900077E-06
  1.32570369260E-06
  1.33643140998E-06
  1.34114668526E-06
  1.33959463255E-06
  1.33155390358E-06
  1.31684021198E-06
  1.29530837967E-06
  1.26685517898E-06
  1.23142172015E-06
  1.18899481549E-06
  1.13960925319E-06
  1.08334847937E-06
  1.02034528027E-06
  9.50782862219E-07
  8.74893885339E-07
  7.92961145635E-07
  7.05315585492E-07
  6.12335611549E-07
  5.14445105182E-07
  4.12111631931E-07
  3.05843087745E-07
  1.96185453660E-07
  8.37189446656E-08
 -3.09456247294E-08
 -1.47170808873E-07
 -2.64297113972E-07
 -3.81647396352E-07
 -4.98532131132E-07
 -6.14253963249E-07
 -7.28113491277E-07
 -8.39414326492E-07
 -9.47468038248E-07
 -1.05160063413E-06
 -1.15115653898E-06
 -1.24550535929E-06
 -1.33404557801E-06
 -1.41621023886E-06
 -1.49147194861E-06
 -1.55934628765E-06
 -1.61939692589E-06
 -1.67123891970E-06
 -1.71454246356E-06
 -1.74903459538E-06
 -1.77450385763E-06
 -1.79079984264E-06
 -1.79783637577E-06
 -1.79559219760E-06
 -1.78411016805E-06
 -1.76349931280E-06
 -1.73393198111E-06
 -1.69564395947E-06
 -1.64893253896E-06
 -1.59415367307E-06
 -1.53171970396E-06
 -1.46209652030E-06
 -1.38579855502E-06
 -1.30338605686E-06
 -1.21546008813E-06
 -1.12265684038E-06
 -1.02564411009E-06
 -9.25114704842E-07
 -8.21780986371E-07
 -7.16369356724E-07
 -6.09614346558E-07
 -5.02252646584E-07
 -3.95016968469E-07
 -2.88630474188E-07
 -1.83800864306E-07
 -8.12147433749E-08
  1.84677713122E-08
  1.14618174507E-07
  2.06644457990E-07
  2.93995583434E-07
  3.76165729676E-07
  4.52697747733E-07
  5.23186713508E-07
  5.87282386277E-07
  6.44691738216E-07
  6.95180915500E-07
  7.38575465675E-07
  7.74762611400E-07
  8.03689943041E-07
  8.25365702894E-07
  8.39857875690E-07
  8.47292824346E-07
  8.47852675179E-07
  8.41773783122E-07
  8.29343491660E-07
  8.10896437997E-07
  7.86811483522E-07
  7.57507450544E-07
  7.23438745354E-07
  6.85090640218E-07
  6.42974384846E-07
  5.97622829446E-07
  5.49584399323E-07
  4.99418490563E-07
  4.47689899374E-07
  3.94963905137E-07
  3.41800983961E-07
  2.88751579092E-07
  2.36351638705E-07
  1.85117556839E-07
  1.35542137514E-07
  8.80902106815E-08
  4.31949480628E-08
  1.25441512733E-09
 -3.73715138835E-08
 -7.23637896272E-08
 -1.03446424760E-07
 -1.30388272623E-07
 -1.53004407366E-07
 -1.71156926854E-07
 -1.84755407417E-07
 -1.93756946487E-07
 -1.98165537313E-07
 -1.98031173682E-07
 -1.93448627783E-07
 -1.84555617011E-07
 -1.71530587068E-07
 -1.54590352963E-07
 -1.33987285267E-07
 -1.10006112664E-07
 -8.29606747743E-08
 -5.31902770717E-08
 -2.10559427671E-08
  1.30634552065E-08
  4.87752416234E-08
  8.56769872826E-08
  1.23360592852E-07
  1.61416380706E-07
  1.99437067749E-07
  2.37021708926E-07
  2.73779477311E-07
  3.09333273663E-07
  3.43323193874E-07
  3.75409598519E-07
  4.05276068705E-07
  4.32632276670E-07
  4.57216003724E-07
  4.78795300296E-07
  4.97170219660E-07
  5.12174381129E-07
  5.23675453223E-07
  5.31576176854E-07
  5.35814592695E-07
  5.36364154868E-07
  5.33232821454E-07
  5.26462940798E-07
  5.16129887274E-07
  5.02340753883E-07
  4.85232590108E-07
  4.64971009251E-07
  4.41747431523E-07
  4.15777151375E-07
  3.87296864801E-07
  3.56561656645E-07
  3.23842613170E-07
  2.89423610411E-07
  2.53598472000E-07
  2.16668126996E-07
  1.78937469286E-07
  1.40712458574E-07
  1.02297114779E-07
  6.39908819267E-08
  2.60857628831E-08
 -1.11361959654E-08
 -4.74053294397E-08
 -8.24666201993E-08
 -1.16081707802E-07
 -1.48030792957E-07
 -1.78114177629E-07
 -2.06153714544E-07
 -2.31993936950E-07
 -2.55502868640E-07
 -2.76572762914E-07
 -2.95120543115E-07
 -3.11087632099E-07
 -3.24440350141E-07
 -3.35169090704E-07
 -3.43288064641E-07
 -3.48834362285E-07
 -3.51867186055E-07
 -3.52466202003E-07
 -3.50730857690E-07
 -3.46778222138E-07
 -3.40741905802E-07
 -3.32770042633E-07
 -3.23023414239E-07
 -3.11673659326E-07
 -2.98901426277E-07
 -2.84893957314E-07
 -2.69843496881E-07
 -2.53945302120E-07
 -2.37395354930E-07
 -2.20388741923E-07
 -2.03117707542E-07
 -1.85769835070E-07
 -1.68526483435E-07
 -1.51561224015E-07
 -1.35038249027E-07
 -1.19111312813E-07
 -1.03922360495E-07
 -8.96006682183E-08
 -7.62618697081E-08
 -6.40073452018E-08
 -5.29236210411E-08
 -4.30820072950E-08
 -3.45383845968E-08
 -2.73331242084E-08
 -2.14911448637E-08
 -1.70221436946E-08
 -1.39209532790E-08
 -1.21680301390E-08
 -1.17300142932E-08
 -1.25604984191E-08
 -1.46007685942E-08
 -1.77807244484E-08
 -2.20198330680E-08
 -2.72281486247E-08
 -3.33073657544E-08
 -4.01519493209E-08
 -4.76502428626E-08
 -5.56856427636E-08
 -6.41376942667E-08
 -7.28832389996E-08
 -8.17975873701E-08
 -9.07555204321E-08
 -9.96323947788E-08
 -1.08305101776E-07
 -1.16653097848E-07
 -1.24559178971E-07
 -1.31910454115E-07
 -1.38599006050E-07
 -1.44522658729E-07
 -1.49585517306E-07
 -1.53698664462E-07
 -1.56780501470E-07
 -1.58757231361E-07
 -1.59563228408E-07
 -1.59141279710E-07
 -1.57442741511E-07
 -1.54427809207E-07
 -1.50065545768E-07
 -1.44333924368E-07
 -1.37219728913E-07
 -1.28718710357E-07
 -1.18835288276E-07
 -1.07582465603E-07
 -9.49817291485E-08
 -8.10627867054E-08
 -6.58633680928E-08
 -4.94289622566E-08
 -3.18126112120E-08
 -1.30745485549E-08
  6.71798838781E-09
  2.74911240439E-08
  4.91646510170E-08
  7.16523018696E-08
  9.48620879626E-08
  1.18696689810E-07
  1.43053739521E-07
  1.67826129882E-07
  1.92902490426E-07
  2.18167471644E-07
  2.43502171315E-07
  2.68784503987E-07
  2.93889684144E-07
  3.18690609902E-07
  3.43058303542E-07
  3.66862536794E-07
  3.89972115045E-07
  4.12255644733E-07
  4.33581988091E-07
  4.53820774737E-07
  4.72843311172E-07
  4.90522893415E-07
  5.06735602812E-07
  5.21361187111E-07
  5.34283572051E-07
  5.45391628748E-07
  5.54580140033E-07
  5.61750141514E-07
  5.66810456348E-07
  5.69677411022E-07
  5.70276711187E-07
  5.68543498503E-07
  5.64423260130E-07
  5.57872738227E-07
  5.48860498384E-07
  5.37367270681E-07
  5.23387257090E-07
  5.06927847255E-07
  4.88010698518E-07
  4.66671707500E-07
  4.42961720637E-07
  4.16946306814E-07
  3.88706183685E-07
  3.58337047146E-07
  3.25949571334E-07
  2.91669039143E-07
  2.55635228541E-07
  2.18001687813E-07
  1.78935351869E-07
  1.38615689593E-07
  9.72339009309E-08
  5.49919114690E-08
  1.21014362975E-08
 -3.12174144312E-08
 -7.47373007925E-08
 -1.18225152335E-07
 -1.61443537650E-07
 -2.04152414085E-07
 -2.46110630542E-07
 -2.87077682515E-07
 -3.26815438711E-07
 -3.65090045307E-07
 -4.01673389661E-07
 -4.36345374055E-07
 -4.68895279937E-07
 -4.99123586906E-07
 -5.26843848547E-07
 -5.51884227207E-07
 -5.74088744543E-07
 -5.93319100517E-07
 -6.09455867107E-07
 -6.22399682015E-07
 -6.32072215012E-07
 -6.38416906895E-07
 -6.41400390577E-07
 -6.41011752123E-07
 -6.37264463421E-07
 -6.30195188478E-07
 -6.19864238161E-07
 -6.06355570199E-07
 -5.89776107063E-07
 -5.70254769627E-07
 -5.47942249796E-07
 -5.23009418885E-07
 -4.95646304444E-07
 -4.66060527060E-07
 -4.34476021383E-07
 -4.01130790806E-07
 -3.66275372699E-07
 -3.30170678353E-07
 -2.93085747671E-07
 -2.55295702800E-07
 -2.17079303866E-07
 -1.78716632604E-07
 -1.40486704936E-07
 -1.02665062229E-07
 -6.55213625578E-08
 -2.93171584786E-08
  5.69651703586E-09
  3.92812360417E-08
  7.12133285674E-08
  1.01285777987E-07
  1.29310038233E-07
  1.55117717782E-07
  1.78561933240E-07
  1.99518652266E-07
  2.17887631493E-07
  2.33593340226E-07
  2.46585415198E-07
  2.56839030044E-07
  2.64355065838E-07
  2.69159670552E-07
  2.71304116950E-07
  2.70864063623E-07
  2.67938503384E-07
  2.62648711669E-07
  2.55136882288E-07
  2.45564564239E-07
  2.34110686392E-07
  2.20969923248E-07
  2.06350193821E-07
  1.90470728967E-07
  1.73559470795E-07
  1.55850727879E-07
  1.37582517823E-07
  1.18994073262E-07
  1.00323234165E-07
  8.18038330408E-08
  6.36631654061E-08
  4.61195170942E-08
  2.93797750572E-08
  1.36371305359E-08
 -9.30987453795E-10
 -1.41649163510E-08
 -2.59244963274E-08
 -3.60906717845E-08
 -4.45667929228E-08
 -5.12797200258E-08
 -5.61806636767E-08
 -5.92457816140E-08
 -6.04764380796E-08
 -5.98992713208E-08
 -5.75659306890E-08
 -5.35525224166E-08
 -4.79588493363E-08
 -4.09072775653E-08
 -3.25414575286E-08
 -2.30247572119E-08
 -1.25383703420E-08
 -1.27940946726E-09
  1.05413766605E-08
  2.27019558707E-08
  3.49715385539E-08
  4.71132288737E-08
  5.88867479223E-08
  7.00512359231E-08
  8.03680961781E-08
  8.96037803955E-08
  9.75326841512E-08
  1.03939804319E-07
  1.08623446238E-07
  1.11397767455E-07
  1.12095200677E-07
  1.10568599609E-07
  1.06693342161E-07
  1.00369142331E-07
  9.15215991881E-08
  8.01034758524E-08
  6.60958079379E-08
  4.95085679120E-08
  3.03811589220E-08
  8.78252048864E-09
 -1.51890304778E-08
 -4.14063059395E-08
 -6.97140265515E-08
 -9.99299487603E-08
 -1.31846263685E-07
 -1.65231256233E-07
 -1.99831276859E-07
 -2.35372979773E-07
 -2.71565710364E-07
 -3.08104148417E-07
 -3.44671150287E-07
 -3.80940747391E-07
 -4.16581173113E-07
 -4.51258159728E-07
 -4.84638178477E-07
 -5.16391537531E-07
 -5.46195963125E-07
 -5.73739669107E-07
 -5.98724284373E-07
 -6.20868775059E-07
 -6.39911093003E-07
 -6.55612041101E-07
 -6.67757376505E-07
 -6.76160027524E-07
 -6.80662310515E-07
 -6.81138089931E-07
 -6.77493858348E-07
 -6.69669930176E-07
 -6.57641635371E-07
 -6.41419774183E-07
 -6.21050730842E-07
 -5.96616303028E-07
 -5.68233645026E-07
 -5.36053903488E-07
 -5.00261251091E-07
 -4.61071721247E-07
 -4.18730849105E-07
 -3.73511966245E-07
 -3.25713756411E-07
 -2.75657527027E-07
 -2.23684395451E-07
 -1.70152276269E-07
 -1.15432591485E-07
 -5.99068314955E-08
 -3.96318045048E-09
  5.20071203880E-08
  1.07613345790E-07
  1.62468907661E-07
  2.16194962377E-07
  2.68423718808E-07
  3.18802307220E-07
  3.66995465129E-07
  4.12688990536E-07
  4.55592584103E-07
  4.95442350257E-07
  5.32003525677E-07
  5.65072241443E-07
  5.94477512550E-07
  6.20082914793E-07
  6.41787153199E-07
  6.59525596802E-07
  6.73270392326E-07
  6.83030236814E-07
  6.88850832375E-07
  6.90813521942E-07
  6.89034663992E-07
  6.83664097778E-07
  6.74883835927E-07
  6.62905506488E-07
  6.47968533940E-07
  6.30337410712E-07
  6.10298627635E-07
  5.88157945458E-07
  5.64237154776E-07
  5.38870494893E-07
  5.12401186370E-07
  4.85178020426E-07
  4.57551379895E-07
  4.29869771779E-07
  4.02476189265E-07
  3.75704331645E-07
  3.49875421080E-07
  3.25294365666E-07
  3.02246917272E-07
  2.80996601987E-07
  2.61781821109E-07
  2.44813321615E-07
  2.30272078738E-07
  2.18307235400E-07
  2.09034496379E-07
  2.02534948812E-07
  1.98853967959E-07
  1.98000790874E-07
  1.99948345880E-07
  2.04633337830E-07
  2.11956859175E-07
  2.21785413146E-07
  2.33952093254E-07
  2.48258260171E-07
  2.64475517042E-07
  2.82348111114E-07
  3.01595349583E-07
  3.21914512824E-07
  3.42984009194E-07
  3.64466586689E-07
  3.86012885656E-07
  4.07265076774E-07
  4.27860555874E-07
  4.47435667184E-07
  4.65629739210E-07
  4.82088751141E-07
  4.96469226619E-07
  5.08441928559E-07
  5.17695298186E-07
  5.23939320374E-07
  5.26908308984E-07
  5.26364260622E-07
  5.22099639966E-07
  5.13939596658E-07
  5.01744807480E-07
  4.85412499529E-07
  4.64878922912E-07
  4.40119890754E-07
  4.11151773960E-07
  3.78032183335E-07
  3.40859514836E-07
  2.99773148527E-07
  2.54952283285E-07
  2.06615126785E-07
  1.55017147563E-07
  1.00449426554E-07
  4.32364082315E-08
 -1.62667408432E-08
 -7.76768160904E-08
 -1.40585754593E-07
 -2.04563917805E-07
 -2.69163820121E-07
 -3.33923708240E-07
 -3.98371469146E-07
 -4.62029078108E-07
 -5.24415952441E-07
 -5.85053840041E-07
 -6.43470457362E-07
 -6.99203951626E-07
 -7.51807021970E-07
 -8.00850216365E-07
 -8.45926535931E-07
 -8.86654675014E-07
 -9.22682204418E-07
 -9.53689664129E-07
 -9.79391984401E-07
 -9.99542521640E-07
 -1.01393447949E-06
 -1.02240323940E-06
 -1.02482772490E-06
 -1.02113165212E-06
 -1.01128455299E-06
 -9.95302002593E-07
 -9.73245619207E-07
 -9.45223064264E-07
 -9.11386962343E-07
 -8.71933593771E-07
 -8.27102098810E-07
 -7.77172090238E-07
 -7.22461493297E-07
 -6.63324215111E-07
 -6.00147302521E-07
 -5.33347588316E-07
 -4.63368849069E-07
 -3.90677712403E-07
 -3.15760502190E-07
 -2.39118776335E-07
 -1.61265901966E-07
 -8.27224866384E-08
 -4.01262578720E-09
  7.43404342529E-08
  1.51818298377E-07
  2.27911527872E-07
  3.02123424945E-07
  3.73974074819E-07
  4.43003870032E-07
  5.08776906827E-07
  5.70884310491E-07
  6.28947077530E-07
  6.82619258896E-07
  7.31589580028E-07
  7.75584226176E-07
  8.14368377178E-07
  8.47747799071E-07
  8.75569583059E-07
  8.97723225535E-07
  9.14141025987E-07
  9.24798030155E-07
  9.29711234221E-07
  9.28939812184E-07
  9.22583524243E-07
  9.10781523089E-07
  8.93710478067E-07
  8.71583097251E-07
  8.44645398956E-07
  8.13174722225E-07
  7.77476770963E-07
  7.37882373869E-07
  6.94745324381E-07
  6.48438401640E-07
  5.99350130415E-07
  5.47881882085E-07
  4.94443838761E-07
  4.39451895318E-07
  3.83323822462E-07
  3.26476168766E-07
  2.69320850066E-07
  2.12261639376E-07
  1.55691253667E-07
  9.99883269515E-08
  4.55144935074E-08
 -7.38816297030E-09
 -5.83995571901E-08
 -1.07223740997E-07
 -1.53590889340E-07
 -1.97258927415E-07
 -2.38014905563E-07
 -2.75676143247E-07
 -3.10091081701E-07
 -3.41139781312E-07
 -3.68734077938E-07
 -3.92817952388E-07
 -4.13366535668E-07
 -4.30386165817E-07
 -4.43913251047E-07
 -4.54012962336E-07
 -4.60778437628E-07
 -4.64328735461E-07
 -4.64807214939E-07
 -4.62379773580E-07
 -4.57232459894E-07
 -4.49569427019E-07
 -4.39610403191E-07
 -4.27588560115E-07
 -4.13747443417E-07
 -3.98338983132E-07
 -3.81620480994E-07
 -3.63852223018E-07
 -3.45294921544E-07
 -3.26206929913E-07
 -3.06842281361E-07
 -2.87447903702E-07
 -2.68261544534E-07
 -2.49509810146E-07
 -2.31405863360E-07
 -2.14147988231E-07
 -1.97917728428E-07
 -1.82878608257E-07
 -1.69174782627E-07
 -1.56930155981E-07
 -1.46247472799E-07
 -1.37207734952E-07
 -1.29869860643E-07
 -1.24270584934E-07
 -1.20424431316E-07
 -1.18324052778E-07
 -1.17940679445E-07
 -1.19224850437E-07
 -1.22107238099E-07
 -1.26499742237E-07
 -1.32296705146E-07
 -1.39376297170E-07
 -1.47601909362E-07
 -1.56824015107E-07
 -1.66881676478E-07
 -1.77604519536E-07
 -1.88814510693E-07
 -2.00328045707E-07
 -2.11957754459E-07
 -2.23514646791E-07
 -2.34809974131E-07
 -2.45657247433E-07
 -2.55874169852E-07
 -2.65284512579E-07
 -2.73719763300E-07
 -2.81020987813E-07
 -2.87040307967E-07
 -2.91642550110E-07
 -2.94706239856E-07
 -2.96125278965E-07
 -2.95809513773E-07
 -2.93685900488E-07
 -2.89699300993E-07
 -2.83812767066E-07
 -2.76008137234E-07
 -2.66286122041E-07
 -2.54666360888E-07
 -2.41187365191E-07
 -2.25905992579E-07
 -2.08897120046E-07
 -1.90252904986E-07
 -1.70082017803E-07
 -1.48508604525E-07
 -1.25671235196E-07
 -1.01721667534E-07
 -7.68234542647E-08
 -5.11505007239E-08
 -2.48855158702E-08
  1.78162817832E-09
  2.86556094409E-08
  5.55373738109E-08
  8.22259664801E-08
  1.08520247011E-07
  1.34220812242E-07
  1.59131687383E-07
  1.83062169867E-07
  2.05828470712E-07
  2.27255469554E-07
  2.47178206791E-07
  2.65443503622E-07
  2.81911326283E-07
  2.96456022397E-07
  3.08967571527E-07
  3.19352693623E-07
  3.27535502720E-07
  3.33458672230E-07
  3.37083577051E-07
  3.38391060950E-07
  3.37381663940E-07
  3.34075565434E-07
  3.28512612668E-07
  3.20752207017E-07
  3.10872650289E-07
  2.98970860513E-07
  2.85161320335E-07
  2.69575366474E-07
  2.52360365494E-07
  2.33677937445E-07
  2.13703245322E-07
  1.92623090811E-07
  1.70634677943E-07
  1.47943836737E-07
  1.24763161580E-07
  1.01310341449E-07
  7.78062130280E-08
  5.44728493423E-08
  3.15315951127E-08
  9.20114029412E-09
 -1.23045049705E-08
 -3.27779012821E-08
 -5.20200877929E-08
 -6.98424358347E-08
 -8.60684465920E-08
 -1.00535380909E-07
 -1.13095900645E-07
 -1.23619514625E-07
 -1.31993886043E-07
 -1.38126168281E-07
 -1.41943829135E-07
 -1.43395681107E-07
 -1.42452520890E-07
 -1.39107697805E-07
 -1.33377312750E-07
 -1.25300502418E-07
 -1.14939204821E-07
 -1.02378010070E-07
 -8.77236132624E-08
 -7.11041181489E-08
 -5.26682235602E-08
 -3.25840545656E-08
 -1.10379740903E-08
  1.17669065602E-08
  3.56123166512E-08
  6.02666148097E-08
  8.54866826216E-08
  1.11020021620E-07
  1.36606857382E-07
  1.61982399050E-07
  1.86879276498E-07
  2.11029814068E-07
  2.34168552993E-07
  2.56034638824E-07
  2.76374350960E-07
  2.94943504286E-07
  3.11509836592E-07
  3.25855296524E-07
  3.37778288895E-07
  3.47095863162E-07
  3.53645617679E-07
  3.57287433417E-07
  3.57905463488E-07
  3.55409270014E-07
  3.49735302052E-07
  3.40847776670E-07
  3.28739673705E-07
  3.13433275778E-07
  2.94980424087E-07
  2.73462575251E-07
  2.48990772889E-07
  2.21704922865E-07
  1.91773267488E-07
  1.59391362331E-07
  1.24780655142E-07
  8.81871713432E-08
  4.98796346449E-08
  1.01475263747E-08
 -3.07011482903E-08
 -7.23422672877E-08
 -1.14438194032E-07
 -1.56640538762E-07
 -1.98593056666E-07
 -2.39934649926E-07
 -2.80302600686E-07
 -3.19335470067E-07
 -3.56676821411E-07
 -3.91977778236E-07
 -4.24900918006E-07
 -4.55122943777E-07
 -4.82338009533E-07
 -5.06260619204E-07
 -5.26628525677E-07
 -5.43205544545E-07
 -5.55783742584E-07
 -5.64185882013E-07
 -5.68267694234E-07
 -5.67919300920E-07
 -5.63066862469E-07
 -5.53673942250E-07
 -5.39742416095E-07
 -5.21312642832E-07
 -4.98464260090E-07
 -4.71315729555E-07
 -4.40024052750E-07
 -4.04784088914E-07
 -3.65827020232E-07
 -3.23419328652E-07
 -2.77861062159E-07
 -2.29483120506E-07
 -1.78645564120E-07
 -1.25734487710E-07
 -7.11591994218E-08
 -1.53490642418E-08
  4.12499936431E-08
  9.81790080345E-08
  1.54969740152E-07
  2.11148616813E-07
  2.66240562041E-07
  3.19773192814E-07
  3.71280748368E-07
  4.20308083449E-07
  4.66414917355E-07
  5.09179301389E-07
  5.48201853690E-07
  5.83109056151E-07
  6.13556778717E-07
  6.39233803668E-07
  6.59864099362E-07
  6.75210287682E-07
  6.85075406182E-07
  6.89305352353E-07
  6.87790304710E-07
  6.80466541780E-07
  6.67316555791E-07
  6.48370473755E-07
  6.23705773251E-07
  5.93447055053E-07
  5.57765417852E-07
  5.16877548762E-07
  4.71044216965E-07
  4.20568227355E-07
  3.65792431012E-07
  3.07097224095E-07
  2.44897535140E-07
  1.79639599196E-07
  1.11797604063E-07
  4.18698888893E-08
 -2.96249940135E-08
 -1.02152384329E-07
 -1.75165837391E-07
 -2.48111518886E-07
 -3.20432633316E-07
 -3.91574047853E-07
 -4.60986598227E-07
 -5.28131806732E-07
 -5.92486117057E-07
 -6.53545271234E-07
 -7.10828032879E-07
 -7.63880962040E-07
 -8.12281086837E-07
 -8.55640053032E-07
 -8.93607023045E-07
 -9.25871574964E-07
 -9.52165862600E-07
 -9.72267457655E-07
 -9.86000486591E-07
 -9.93237108560E-07
 -9.93898765955E-07
 -9.87956127574E-07
 -9.75429998107E-07
 -9.56390522333E-07
 -9.30956559841E-07
 -8.99294775536E-07
 -8.61617877490E-07
 -8.18182968487E-07
 -7.69289158598E-07
 -7.15275348284E-07
 -6.56516874642E-07
 -5.93422612383E-07
 -5.26431790604E-07
 -4.56009814798E-07
 -3.82644827823E-07
 -3.06843645603E-07
 -2.29127650186E-07
 -1.50028526491E-07
 -7.00840416812E-08
  1.01661443708E-08
  9.01847840851E-08
  1.69441122466E-07
  2.47415044896E-07
  3.23600914953E-07
  3.97511485062E-07
  4.68681349730E-07
  5.36670199835E-07
  6.01066233230E-07
  6.61488343212E-07
  7.17589557553E-07
  7.69058658534E-07
  8.15621660877E-07
  8.57044369695E-07
  8.93132892088E-07
  9.23734376101E-07
  9.48737806539E-07
  9.68074232333E-07
  9.81715970738E-07
  9.89676664176E-07
  9.92009972833E-07
  9.88808210423E-07
  9.80202003120E-07
  9.66356424215E-07
  9.47470653045E-07
  9.23775246520E-07
  8.95529069567E-07
  8.63017305619E-07
  8.26548159694E-07
  7.86450016221E-07
  7.43068596876E-07
  6.96763095220E-07
  6.47903846129E-07
  5.96868801495E-07
  5.44039778561E-07
  4.89800527248E-07
  4.34532410054E-07
  3.78612298846E-07
  3.22409391629E-07
  2.66282540906E-07
  2.10577908888E-07
  1.55626324272E-07
  1.01741505887E-07
  4.92178315881E-08
 -1.67109759364E-09
 -5.06740676087E-08
 -9.75634009137E-08
 -1.42135931469E-07
 -1.84213746479E-07
 -2.23644534003E-07
 -2.60302044808E-07
 -2.94085793939E-07
 -3.24921046513E-07
 -3.52758263489E-07
 -3.77572376919E-07
 -3.99362079406E-07
 -4.18148772496E-07
 -4.33975003489E-07
 -4.46903754892E-07
 -4.57016454902E-07
 -4.64411613166E-07
 -4.69203087050E-07
 -4.71518461609E-07
 -4.71497116905E-07
 -4.69288551130E-07
 -4.65050362664E-07
 -4.58946800563E-07
 -4.51146661362E-07
 -4.41821583763E-07
 -4.31144513868E-07
 -4.19288141984E-07
 -4.06423083632E-07
 -3.92716685838E-07
 -3.78331890261E-07
 -3.63425527894E-07
 -3.48147750628E-07
 -3.32640865963E-07
 -3.17038512776E-07
 -3.01465092889E-07
 -2.86035003683E-07
 -2.70852524409E-07
 -2.56011503552E-07
 -2.41594790396E-07
 -2.27674846087E-07
 -2.14313189417E-07
 -2.01561064728E-07
 -1.89459498756E-07
 -1.78039627485E-07
 -1.67323335631E-07
 -1.57323555072E-07
 -1.48044975390E-07
 -1.39484612305E-07
 -1.31632475586E-07
 -1.24472194329E-07
 -1.17981784342E-07
 -1.12134266317E-07
 -1.06898440322E-07
 -1.02239447131E-07
 -9.81195071859E-08
 -9.44984961393E-08
 -9.13345630238E-08
 -8.85846773713E-08
 -8.62050271166E-08
 -8.41516225591E-08
 -8.23805805794E-08
 -8.08485012271E-08
 -7.95127448328E-08
 -7.83316949082E-08
 -7.72649215719E-08
 -7.62732810244E-08
 -7.53191216063E-08
 -7.43661345837E-08
 -7.33795673113E-08
 -7.23260384916E-08
 -7.11736021231E-08
 -6.98915911812E-08
 -6.84505323534E-08
 -6.68221105116E-08
 -6.49789697604E-08
 -6.28946921211E-08
 -6.05436412116E-08
 -5.79009409307E-08
 -5.49423440077E-08
 -5.16442284493E-08
 -4.79835939871E-08
 -4.39380443140E-08
 -3.94858616914E-08
 -3.46060957668E-08
 -2.92786328515E-08
 -2.34844197422E-08
 -1.72055862890E-08
 -1.04257402711E-08
 -3.13017212150E-09
  4.69387106961E-09
  1.30567858747E-08
  2.19663878198E-08
  3.14274757329E-08
  4.14415346484E-08
  5.20063032639E-08
  6.31154719599E-08
  7.47582760141E-08
  8.69191509878E-08
  9.95774485091E-08
  1.12707063238E-07
  1.26276290757E-07
  1.40247436775E-07
  1.54576810019E-07
  1.69214473544E-07
  1.84104209211E-07
  1.99183588734E-07
  2.14383987895E-07
  2.29630558124E-07
  2.44842794928E-07
  2.59934438418E-07
  2.74814055956E-07
  2.89385496899E-07
  3.03548119973E-07
  3.17197702770E-07
  3.30226924916E-07
  3.42525993346E-07
  3.53983608647E-07
  3.64487590332E-07
  3.73926070552E-07
  3.82187806736E-07
  3.89163801628E-07
  3.94747900145E-07
  3.98837812554E-07
  4.01336137656E-07
  4.02151357548E-07
  4.01198974487E-07
  3.98402050905E-07
  3.93692545231E-07
  3.87012164538E-07
  3.78312819294E-07
  3.67557845493E-07
  3.54722402562E-07
  3.39794326010E-07
  3.22774496908E-07
  3.03677296642E-07
  2.82531118501E-07
  2.59378339251E-07
  2.34275887578E-07
  2.07294760912E-07
  1.78520352279E-07
  1.48052109239E-07
  1.16003157302E-07
  8.25000086024E-08
  4.76819366213E-08
  1.17004139710E-08
 -2.52816860780E-08
 -6.30909156030E-08
 -1.01544166853E-07
 -1.40449714081E-07
 -1.79608306894E-07
 -2.18814307118E-07
 -2.57856981989E-07
 -2.96521761811E-07
 -3.34591476303E-07
