 -2.51983500732E-08
 -2.25923511010E-08
 -1.98610781155E-08
 -1.70105796116E-08
 -1.40472984356E-08
 -1.09780584623E-08
 -7.81006725958E-09
 -4.55090809481E-09
 -1.20853060892E-09
  2.20875118195E-09
  5.69226754621E-09
  9.23301790579E-09
  1.28216619544E-08
  1.64485509657E-08
  2.01037320124E-08
  2.37769821609E-08
  2.74578209059E-08
  3.11355208282E-08
  3.47991537808E-08
  3.84376406259E-08
  4.20397014977E-08
  4.55939854760E-08
  4.90890386118E-08
  5.25133749818E-08
  5.58555086627E-08
  5.91040034692E-08
  6.22474800593E-08
  6.52747189633E-08
  6.81746570308E-08
  7.09364584850E-08
  7.35495646609E-08
  7.60037224268E-08
  7.82890623441E-08
  8.03960844564E-08
  8.23158288199E-08
  8.40397618163E-08
  8.55599253669E-08
  8.68689866707E-08
  8.79602026771E-08
  8.88275124566E-08
  8.94655940442E-08
  8.98698075957E-08
  9.00363232859E-08
  8.99621070971E-08
  8.96448995036E-08
  8.90833504741E-08
  8.82768702581E-08
  8.72257714946E-08
  8.59312692114E-08
  8.43953671392E-08
  8.26210140303E-08
  8.06119260233E-08
  7.83727784892E-08
  7.59089786584E-08
  7.32267793069E-08
  7.03332432295E-08
  6.72362006071E-08
  6.39441921635E-08
  6.04664407433E-08
  5.68129152612E-08
  5.29941033278E-08
  4.90211640169E-08
  4.49057466767E-08
  4.06600193514E-08
  3.62965799638E-08
  3.18284349987E-08
  2.72689444358E-08
  2.26317524721E-08
  1.79307431125E-08
  1.31800019787E-08
  8.39375147166E-09
  3.58629725916E-09
 -1.22802323865E-09
 -6.03488636841E-09
 -1.08200417515E-08
 -1.55693431481E-08
 -2.02688337225E-08
 -2.49047626966E-08
 -2.94636404163E-08
 -3.39322845377E-08
 -3.82978697644E-08
 -4.25479491639E-08
 -4.66705287749E-08
 -5.06540622780E-08
 -5.44875220498E-08
 -5.81604240324E-08
 -6.16628454964E-08
 -6.49854783319E-08
 -6.81196183905E-08
 -7.10572365392E-08
 -7.37909644499E-08
 -7.63141656535E-08
 -7.86208715908E-08
 -8.07058668784E-08
 -8.25646893077E-08
 -8.41936085294E-08
 -8.55896757912E-08
 -8.67506884106E-08
 -8.76752466183E-08
 -8.83626967152E-08
 -8.88131523880E-08
 -8.90275089205E-08
 -8.90074147719E-08
 -8.87552360496E-08
 -8.82741417740E-08
 -8.75679404544E-08
 -8.66411795641E-08
 -8.54991029087E-08
 -8.41475937818E-08
 -8.25931678605E-08
 -8.08429589938E-08
 -7.89046836758E-08
 -7.67865842022E-08
 -7.44974286704E-08
 -7.20464825577E-08
 -6.94434163506E-08
 -6.66983623887E-08
 -6.38217585447E-08
 -6.08244121736E-08
 -5.77174041894E-08
 -5.45120606432E-08
 -5.12199207492E-08
 -4.78526551717E-08
 -4.44220980000E-08
 -4.09401401669E-08
 -3.74187081320E-08
 -3.38697283553E-08
 -3.03050846640E-08
 -2.67365702911E-08
 -2.31758860991E-08
 -1.96345446568E-08
 -1.61238915553E-08
 -1.26550343538E-08
 -9.23881948722E-09
 -5.88582382832E-09
 -2.60629318127E-09
  5.89865545297E-10
  3.69310848569E-09
  6.69429267575E-09
  9.58468593382E-09
  1.23559891207E-08
  1.50003636179E-08
  1.75104322153E-08
  1.98793213002E-08
  2.21006448697E-08
  2.41685427227E-08
  2.60776822358E-08
  2.78232796802E-08
  2.94011019975E-08
  3.08074703526E-08
  3.20393063191E-08
  3.30940892468E-08
  3.39699113283E-08
  3.46654651651E-08
  3.51800402143E-08
  3.55135760799E-08
  3.56666021162E-08
  3.56403120350E-08
  3.54365248256E-08
  3.50577238351E-08
  3.45070176877E-08
  3.37881971291E-08
  3.29056959458E-08
  3.18646193875E-08
  3.06707192976E-08
  2.93304172061E-08
  2.78507830132E-08
  2.62395332129E-08
  2.45050166825E-08
  2.26562164585E-08
  2.07027177623E-08
  1.86546866843E-08
  1.65228648541E-08
  1.43185259205E-08
  1.20534524584E-08
  9.73989244812E-09
  7.39052463672E-09
  5.01841279643E-09
  2.63695643099E-09
  2.59830518212E-10
 -2.09906425575E-09
 -4.42567049674E-09
 -6.70583766293E-09
 -8.92539464559E-09
 -1.10702265133E-08
 -1.31263453440E-08
 -1.50799781551E-08
 -1.69176388454E-08
 -1.86262276713E-08
 -2.01930969723E-08
 -2.16061533109E-08
 -2.28539303038E-08
 -2.39256792156E-08
 -2.48114488954E-08
 -2.55021586071E-08
 -2.59896850707E-08
 -2.62669228590E-08
 -2.63278643331E-08
 -2.61676458280E-08
 -2.57826116012E-08
 -2.51703582421E-08
 -2.43297737512E-08
 -2.32610783968E-08
 -2.19658318201E-08
 -2.04469579046E-08
 -1.87087518810E-08
 -1.67568625642E-08
 -1.45982870237E-08
 -1.22413501558E-08
 -9.69565139286E-09
 -6.97203672573E-09
 -4.08253608697E-09
 -1.04030140058E-09
  2.14046691482E-09
  5.44460165841E-09
  8.85605899725E-09
  1.23580123912E-08
  1.59329651694E-08
  1.95628384603E-08
  2.32291075264E-08
  2.69129110109E-08
  3.05951637358E-08
  3.42566899292E-08
  3.78783475696E-08
  4.14411296390E-08
  4.49263204416E-08
  4.83155879749E-08
  5.15911118271E-08
  5.47357004166E-08
  5.77328833629E-08
  6.05670251730E-08
  6.32234318232E-08
  6.56883898387E-08
  6.79493368239E-08
  6.99948401461E-08
  7.18147035172E-08
  7.34000167313E-08
  7.47431911918E-08
  7.58380238608E-08
  7.66796759422E-08
  7.72647013036E-08
  7.75910962147E-08
  7.76581927653E-08
  7.74667725523E-08
  7.70189245713E-08
  7.63180949548E-08
  7.53690088118E-08
  7.41776275959E-08
  7.27510709453E-08
  7.10976095775E-08
  6.92265516022E-08
  6.71481785730E-08
  6.48736531161E-08
  6.24149762984E-08
  5.97848526240E-08
  5.69966402963E-08
  5.40642481894E-08
  5.10020399247E-08
  4.78247201841E-08
  4.45472814192E-08
  4.11848901649E-08
  3.77527804574E-08
  3.42661934383E-08
  3.07402636679E-08
  2.71899356363E-08
  2.36298838274E-08
  2.00744239010E-08
  1.65374380856E-08
  1.30322890257E-08
  9.57176027327E-09
  6.16797235509E-09
  2.83232615139E-09
 -4.24563273427E-10
 -3.59292351426E-09
 -6.66387389714E-09
 -9.62947854788E-09
 -1.24827854719E-08
 -1.52178696311E-08
 -1.78298549258E-08
 -2.03149514988E-08
 -2.26704788275E-08
 -2.48948541781E-08
 -2.69876370140E-08
 -2.89495023509E-08
 -3.07822389800E-08
 -3.24887494685E-08
 -3.40730004211E-08
 -3.55400366914E-08
 -3.68958907870E-08
 -3.81475757649E-08
 -3.93029999657E-08
 -4.03709421448E-08
 -4.13609413386E-08
 -4.22832222569E-08
 -4.31486419927E-08
 -4.39685194920E-08
 -4.47546391058E-08
 -4.55189983484E-08
 -4.62738256601E-08
 -4.70313565870E-08
 -4.78037698315E-08
 -4.86029954061E-08
 -4.94406222629E-08
 -5.03277242103E-08
 -5.12747462267E-08
 -5.22913587986E-08
 -5.33863016017E-08
 -5.45672698138E-08
 -5.58407755591E-08
 -5.72120484321E-08
 -5.86848685202E-08
 -6.02615273237E-08
 -6.19427211745E-08
 -6.37274126802E-08
 -6.56128946730E-08
 -6.75945983630E-08
 -6.96661857091E-08
 -7.18194854699E-08
 -7.40445287306E-08
 -7.63295773254E-08
 -7.86611593639E-08
 -8.10241758131E-08
 -8.34019928675E-08
 -8.57765627416E-08
 -8.81285657783E-08
 -9.04375880850E-08
 -9.26822991687E-08
 -9.48406295720E-08
 -9.68900479847E-08
 -9.88077459851E-08
 -1.00570879624E-07
 -1.02156903381E-07
 -1.03543740693E-07
 -1.04710089488E-07
 -1.05635685088E-07
 -1.06301612846E-07
 -1.06690492885E-07
 -1.06786771426E-07
 -1.06576976577E-07
 -1.06049895976E-07
 -1.05196811262E-07
 -1.04011661506E-07
 -1.02491206633E-07
 -1.00635134004E-07
 -9.84461507869E-08
 -9.59300692216E-08
 -9.30957355649E-08
 -8.99551579892E-08
 -8.65232792080E-08
 -8.28180120038E-08
 -7.88599976431E-08
 -7.46725348222E-08
 -7.02812243958E-08
 -6.57137988469E-08
 -6.09998380696E-08
 -5.61703785706E-08
 -5.12575901723E-08
 -4.62944029778E-08
 -4.13140668343E-08
 -3.63497392186E-08
 -3.14340624641E-08
 -2.65986912495E-08
 -2.18738538393E-08
 -1.72878831251E-08
 -1.28668373733E-08
 -8.63401705686E-09
 -4.60958737847E-09
 -8.10226108428E-10
  2.75124012461E-09
  6.06613381748E-09
  9.13016062754E-09
  1.19436478485E-08
  1.45116336725E-08
  1.68440248416E-08
  1.89556299546E-08
  2.08660306811E-08
  2.25996110714E-08
  2.41853257421E-08
  2.56564440804E-08
  2.70503193178E-08
  2.84079799684E-08
  2.97737354771E-08
  3.11946628528E-08
  3.27200879724E-08
  3.44010189224E-08
  3.62894816419E-08
  3.84378644469E-08
  4.08982678834E-08
  4.37217160254E-08
  4.69574636952E-08
  5.06522610522E-08
  5.48497069985E-08
  5.95893219213E-08
  6.49061320246E-08
  7.08297847041E-08
  7.73840511670E-08
  8.45862402343E-08
  9.24468039898E-08
  1.00968634342E-07
  1.10146949339E-07
  1.19969016055E-07
  1.30413852162E-07
  1.41452048297E-07
  1.53046158857E-07
  1.65150410680E-07
  1.77710987259E-07
  1.90666582967E-07
  2.03948459898E-07
  2.17481129994E-07
  2.31183051369E-07
  2.44967225171E-07
  2.58741749803E-07
  2.72410943580E-07
  2.85876268435E-07
  2.99037111517E-07
  3.11791922059E-07
  3.24039177713E-07
  3.35678521424E-07
  3.46611813029E-07
  3.56744294550E-07
  3.65985528106E-07
  3.74250362256E-07
  3.81460267818E-07
  3.87543821034E-07
  3.92438067820E-07
  3.96088836396E-07
  3.98451646788E-07
  3.99492449787E-07
  3.99187854327E-07
  3.97525724338E-07
  3.94505491386E-07
  3.90137671502E-07
  3.84444575730E-07
  3.77459997480E-07
  3.69228871477E-07
  3.59806421102E-07
  3.49258385768E-07
  3.37660083005E-07
  3.25095243170E-07
  3.11655497853E-07
  2.97439527230E-07
  2.82551667397E-07
  2.67101000873E-07
  2.51199793411E-07
  2.34962698187E-07
  2.18505036287E-07
  2.01942043532E-07
  1.85386838325E-07
  1.68949853219E-07
  1.52737115400E-07
  1.36849152454E-07
  1.21379912343E-07
  1.06415640744E-07
  9.20341136634E-08
  7.83035503105E-08
  6.52817533364E-08
  5.30160448875E-08
  4.15421403943E-08
  3.08843191021E-08
  2.10552766333E-08
  1.20554863869E-08
  3.87404730517E-09
 -3.51142803723E-09
 -1.01343067271E-08
 -1.60380277947E-08
 -2.12759605489E-08
 -2.59101700095E-08
 -3.00103799589E-08
 -3.36531655876E-08
 -3.69206034634E-08
 -3.98990778194E-08
 -4.26779998008E-08
 -4.53483863794E-08
 -4.80015529547E-08
 -5.07277562178E-08
 -5.36148014874E-08
 -5.67466180712E-08
 -6.02021970053E-08
 -6.40543120767E-08
 -6.83681307123E-08
 -7.32006881776E-08
 -7.85995695196E-08
 -8.46025258738E-08
 -9.12364868100E-08
 -9.85171269008E-08
 -1.06449093096E-07
 -1.15025038383E-07
 -1.24226303910E-07
 -1.34022812404E-07
 -1.44373430544E-07
 -1.55226842935E-07
 -1.66521985534E-07
 -1.78188486188E-07
 -1.90148540469E-07
 -2.02317139042E-07
 -2.14603616655E-07
 -2.26913783763E-07
 -2.39149642312E-07
 -2.51211844216E-07
 -2.63001311396E-07
 -2.74420671076E-07
 -2.85374767373E-07
 -2.95773105563E-07
 -3.05531813183E-07
 -3.14572929483E-07
 -3.22827503396E-07
 -3.30235963020E-07
 -3.36749252483E-07
 -3.42329457226E-07
 -3.46951310348E-07
 -3.50601311538E-07
 -3.53278892362E-07
 -3.54997354179E-07
 -3.55782020733E-07
 -3.55671915031E-07
 -3.54717769824E-07
 -3.52981942342E-07
 -3.50538726934E-07
 -3.47471228679E-07
 -3.43872329722E-07
 -3.39842102903E-07
 -3.35486731728E-07
 -3.30917515612E-07
 -3.26248368765E-07
 -3.21595166497E-07
 -3.17073045153E-07
 -3.12795350510E-07
 -3.08871591415E-07
 -3.05405933432E-07
 -3.02495351434E-07
 -3.00228265360E-07
 -2.98682721223E-07
 -2.97925595305E-07
 -2.98010633060E-07
 -2.98978449109E-07
 -3.00854480884E-07
 -3.03649187572E-07
 -3.07357026941E-07
 -3.11956682708E-07
 -3.17410751904E-07
 -3.23665773294E-07
 -3.30652795810E-07
 -3.38288799639E-07
 -3.46475161450E-07
 -3.55101633431E-07
 -3.64045575907E-07
 -3.73173804746E-07
 -3.82344694572E-07
 -3.91408804035E-07
 -4.00211320084E-07
 -4.08593933798E-07
 -4.16396801484E-07
 -4.23459681542E-07
 -4.29624947174E-07
 -4.34738637978E-07
 -4.38653273704E-07
 -4.41228479531E-07
 -4.42333401907E-07
 -4.41848243327E-07
 -4.39665427621E-07
 -4.35691362100E-07
 -4.29846636507E-07
 -4.22067586214E-07
 -4.12306746966E-07
 -4.00533139100E-07
 -3.86732722291E-07
 -3.70908196601E-07
 -3.53079116167E-07
 -3.33280894438E-07
 -3.11564633648E-07
 -2.87995987946E-07
 -2.62654594962E-07
 -2.35632271028E-07
 -2.07032371691E-07
 -1.76967930088E-07
 -1.45560463238E-07
 -1.12938302266E-07
 -7.92350292045E-08
 -4.45880310451E-08
 -9.13690012538E-09
  2.69779736328E-08
  6.36168238088E-08
  1.00641692313E-07
  1.37917581355E-07
  1.75313374484E-07
  2.12702587987E-07
  2.49963932220E-07
  2.86981730824E-07
  3.23646105471E-07
  3.59852663223E-07
  3.95502382844E-07
  4.30501046367E-07
  4.64758670660E-07
  4.98188398979E-07
  5.30705449364E-07
  5.62225920930E-07
  5.92665685417E-07
  6.21938454515E-07
  6.49954927212E-07
  6.76620629747E-07
  7.01834949268E-07
  7.25489428532E-07
  7.47466515350E-07
  7.67638482557E-07
  7.85866234310E-07
  8.01998851330E-07
  8.15872908788E-07
  8.27312248930E-07
  8.36127981074E-07
  8.42119618483E-07
  8.45075192046E-07
  8.44772898745E-07
  8.40982920636E-07
  8.33469471218E-07
  8.21992784950E-07
  8.06313266821E-07
  7.86193538715E-07
  7.61402986882E-07
  7.31721399916E-07
  6.96943459388E-07
  6.56883628380E-07
  6.11380187365E-07
  5.60300691177E-07
  5.03547198605E-07
  4.41060620915E-07
  3.72825780914E-07
  2.98877040450E-07
  2.19301341531E-07
  1.34243734351E-07
  4.39103331473E-08
 -5.14278433172E-08
 -1.51432487883E-07
 -2.55695795204E-07
 -3.63739076192E-07
 -4.75012228662E-07
 -5.88893897202E-07
 -7.04692865838E-07
 -8.21650019134E-07
 -9.38941468576E-07
 -1.05568278741E-06
 -1.17093441077E-06
 -1.28370675156E-06
 -1.39296867019E-06
 -1.49765492097E-06
 -1.59667513344E-06
 -1.68892404417E-06
 -1.77329206963E-06
 -1.84867690223E-06
 -1.91399567484E-06
 -1.96819678422E-06
 -2.01027387448E-06
 -2.03927857001E-06
 -2.05433389056E-06
 -2.05464766623E-06
 -2.03952595257E-06
 -2.00838485398E-06
 -1.96076371139E-06
 -1.89633715308E-06
 -1.81492441698E-06
 -1.71650049197E-06
 -1.60120384862E-06
 -1.46934473833E-06
 -1.32141008180E-06
 -1.15806847134E-06
 -9.80172671916E-07
 -7.88760701198E-07
 -5.85053840041E-07
 -3.70455353504E-07
 -1.46543911228E-07
  8.49322248087E-08
  3.22064835245E-07
  5.62796230952E-07
  8.04932597021E-07
  1.04615867258E-06
  1.28405429223E-06
  1.51611334331E-06
  1.73976252427E-06
  1.95238430933E-06
  2.15133854908E-06
  2.33398554883E-06
  2.49771255767E-06
  2.63995752903E-06
  2.75823526863E-06
  2.85016176349E-06
  2.91348237624E-06
  2.94609503726E-06
  2.94607525575E-06
  2.91169908451E-06
  2.84146722151E-06
  2.73412524621E-06
  2.58868158198E-06
  2.40442614086E-06
  2.18094578486E-06
  1.91813569472E-06
  1.61621096595E-06
  1.27571308894E-06
  8.97514723874E-07
  4.82821121750E-07
  3.31692433519E-08
 -4.49577783002E-07
 -9.63237766882E-07
 -1.50532127918E-06
 -2.07304447031E-06
 -2.66334791377E-06
 -3.27291513713E-06
 -3.89819615521E-06
 -4.53543361800E-06
 -5.18068827660E-06
 -5.82987240705E-06
 -6.47877959636E-06
 -7.12311748430E-06
 -7.75854550739E-06
 -8.38070991449E-06
 -8.98527650861E-06
 -9.56797248364E-06
 -1.01246214399E-05
 -1.06511797640E-05
 -1.11437693704E-05
 -1.15987177196E-05
 -1.20125841931E-05
 -1.23821982925E-05
 -1.27046805574E-05
 -1.29774734887E-05
 -1.31983651954E-05
 -1.33655039463E-05
 -1.34774245453E-05
 -1.35330501507E-05
 -1.35317131935E-05
 -1.34731535582E-05
 -1.33575222208E-05
 -1.31853776111E-05
 -1.29576856125E-05
 -1.26757995531E-05
 -1.23414538393E-05
 -1.19567403090E-05
 -1.15240918603E-05
 -1.10462506200E-05
 -1.05262479337E-05
 -9.96736616798E-06
 -9.37310323934E-06
 -8.74714351085E-06
 -8.09331140772E-06
 -7.41553776606E-06
 -6.71781435813E-06
 -6.00415341978E-06
 -5.27854672328E-06
 -4.54491919299E-06
 -3.80709161618E-06
 -3.06873835143E-06
 -2.33334799304E-06
 -1.60418665018E-06
 -8.84262988166E-07
 -1.76296410359E-07
  5.17312230386E-07
  1.19450646707E-06
  1.85359488114E-06
  2.49327058555E-06
  3.11262260766E-06
  3.71114697373E-06
  4.28874909630E-06
  4.84574411530E-06
  5.38285394214E-06
  5.90119407207E-06
  6.40226016912E-06
  6.88790805725E-06
  7.36033143767E-06
  7.82203278504E-06
  8.27579242468E-06
  8.72462896950E-06
  9.17176203075E-06
  9.62057129072E-06
  1.00745464806E-05
  1.05372446342E-05
  1.10122382466E-05
  1.15030597954E-05
  1.20131608128E-05
  1.25458482216E-05
  1.31042406792E-05
  1.36912103699E-05
  1.43093393490E-05
  1.49608677020E-05
  1.56476435222E-05
  1.63710938068E-05
  1.71321680682E-05
  1.79313083208E-05
  1.87684181583E-05
  1.96428372874E-05
  2.05533124245E-05
  2.14979863813E-05
  2.24743707804E-05
  2.34793697018E-05
  2.45092451223E-05
  2.55596442003E-05
  2.66256065515E-05
  2.77015624306E-05
  2.87813891191E-05
  2.98584182019E-05
  3.09254755848E-05
  3.19749160553E-05
  3.29986869474E-05
  3.39883554261E-05
  3.49351721525E-05
  3.58301585948E-05
  3.66641179426E-05
  3.74277406081E-05
  3.81116878998E-05
  3.87066029361E-05
  3.92032488890E-05
  3.95925562771E-05
  3.98657102778E-05
  4.00141907448E-05
  4.00299177272E-05
  3.99052551074E-05
  3.96331452066E-05
  3.92071124224E-05
  3.86214123864E-05
  3.78710246878E-05
  3.69517620129E-05
  3.58602956112E-05
  3.45942280546E-05
  3.31521368935E-05
  3.15336037602E-05
  2.97392525681E-05
  2.77707913483E-05
  2.56310195255E-05
  2.33238351939E-05
  2.08542605833E-05
  1.82284347829E-05
  1.54535919137E-05
  1.25380665850E-05
  9.49125478655E-06
  6.32358569419E-06
  3.04648506244E-06
 -3.27671159539E-07
 -3.78560935133E-06
 -7.31322506908E-06
 -1.08956373879E-05
 -1.45172789416E-05
 -1.81619598152E-05
 -2.18129607674E-05
 -2.54531187238E-05
 -2.90649295493E-05
 -3.26306289935E-05
 -3.61323218385E-05
 -3.95520582970E-05
 -4.28719467891E-05
 -4.60742885480E-05
 -4.91416467412E-05
 -5.20569956279E-05
 -5.48037860426E-05
 -5.73661054659E-05
 -5.97287253186E-05
 -6.18772610324E-05
 -6.37982448097E-05
 -6.54792020214E-05
 -6.69087967253E-05
 -6.80768353050E-05
 -6.89744701958E-05
 -6.95941416780E-05
 -6.99297233950E-05
 -6.99765732861E-05
 -6.97315626894E-05
 -6.91931272740E-05
 -6.83613179717E-05
 -6.72377791489E-05
 -6.58258431940E-05
 -6.41304432065E-05
 -6.21581639280E-05
 -5.99172090006E-05
 -5.74173755012E-05
 -5.46700175619E-05
 -5.16879881616E-05
 -4.84855954710E-05
 -4.50785228168E-05
 -4.14837631979E-05
 -3.77195246983E-05
 -3.38051249855E-05
 -2.97608803521E-05
 -2.56080293184E-05
 -2.13685761992E-05
 -1.70651637745E-05
 -1.27209623315E-05
 -8.35950595501E-06
 -4.00456201533E-06
  3.20022991218E-07
  4.59046714241E-06
  8.78321043274E-06
  1.28750643853E-05
  1.68433634826E-05
  2.06661206903E-05
  2.43221620622E-05
  2.77912877209E-05
  3.10543946398E-05
  3.40936276189E-05
  3.68924884242E-05
  3.94359522033E-05
  4.17106166424E-05
  4.37047274318E-05
  4.54083492514E-05
  4.68133803224E-05
  4.79136506328E-05
  4.87049546791E-05
  4.91851169500E-05
  4.93539846502E-05
  4.92134604428E-05
  4.87674806209E-05
  4.80220187455E-05
  4.69850347145E-05
  4.56664092781E-05
  4.40779258497E-05
  4.22331468144E-05
  4.01473662350E-05
  3.78374497814E-05
  3.53217583324E-05
  3.26200060954E-05
  2.97531260003E-05
  2.67431041721E-05
  2.36128271354E-05
  2.03859162866E-05
  1.70865496329E-05
  1.37392853503E-05
  1.03688744275E-05
  7.00007785781E-06
  3.65747564501E-06
  3.65284620329E-07
 -2.85283022095E-06
 -5.97393136559E-06
 -8.97599238669E-06
 -1.18380530694E-05
 -1.45404028444E-05
 -1.70647108462E-05
 -1.93941705220E-05
 -2.15136460611E-05
 -2.34097660723E-05
 -2.50710327236E-05
 -2.64879199676E-05
 -2.76529135590E-05
 -2.85606074613E-05
 -2.92077038466E-05
 -2.95930440188E-05
 -2.97176175081E-05
 -2.95845347864E-05
 -2.91989817924E-05
 -2.85681999230E-05
 -2.77013878076E-05
 -2.66096267296E-05
 -2.53057587543E-05
 -2.38043085119E-05
 -2.21213049372E-05
 -2.02741648536E-05
 -1.82815347216E-05
 -1.61631087394E-05
 -1.39394605867E-05
 -1.16318578876E-05
 -9.26207940211E-06
 -6.85220675223E-06
 -4.42443979409E-06
 -2.00089698410E-06
  3.96585420503E-07
  2.74663852906E-06
  5.02855482409E-06
  7.22246613805E-06
  9.30951864575E-06
  1.12720354082E-05
  1.30936723508E-05
  1.47595492308E-05
  1.62563865160E-05
  1.75726108864E-05
  1.86984470929E-05
  1.96259934455E-05
  2.03493000299E-05
  2.08643814403E-05
  2.11692604353E-05
  2.12639697565E-05
  2.11505303014E-05
  2.08329129237E-05
  2.03170111490E-05
  1.96105429495E-05
  1.87229743460E-05
  1.76654248207E-05
  1.64505472640E-05
  1.50923724505E-05
  1.36062035381E-05
  1.20084232549E-05
  1.03163547465E-05
  8.54807240103E-06
  6.72222358844E-06
  4.85784903503E-06
  2.97418978334E-06
  1.09050085939E-06
 -7.74135969550E-07
 -2.60100091509E-06
 -4.37191283709E-06
 -6.06940648140E-06
 -7.67689471104E-06
 -9.17883062357E-06
 -1.05608505692E-05
 -1.18099032989E-05
 -1.29143782033E-05
 -1.38642017191E-05
 -1.46509273691E-05
 -1.52678112499E-05
 -1.57098656928E-05
 -1.59738847287E-05
 -1.60584841069E-05
 -1.59640858328E-05
 -1.56929017976E-05
 -1.52489037646E-05
 -1.46377697092E-05
 -1.38668110594E-05
 -1.29448881125E-05
 -1.18823127195E-05
 -1.06907273221E-05
 -9.38299035624E-06
 -7.97302618594E-06
 -6.47567776468E-06
 -4.90656020702E-06
 -3.28188752974E-06
 -1.61831155765E-06
  6.72536799584E-08
  1.75780121481E-06
  3.43640454048E-06
  5.08638549945E-06
  6.69148448651E-06
  8.23601658340E-06
  9.70502605924E-06
  1.10844321171E-05
  1.23611653180E-05
  1.35232876346E-05
  1.45601043187E-05
  1.54622575792E-05
  1.62218220794E-05
  1.68323549588E-05
  1.72889558598E-05
  1.75883105840E-05
  1.77286892722E-05
  1.77099736902E-05
  1.75336263055E-05
  1.72026648215E-05
  1.67216167029E-05
  1.60964609677E-05
  1.53345463332E-05
  1.44445129990E-05
  1.34361853270E-05
  1.23204590636E-05
  1.11091849249E-05
  9.81503490038E-06
  8.45136310090E-06
  7.03206751496E-06
  5.57144039703E-06
  4.08401729146E-06
  2.58443060375E-06
  1.08725521386E-06
 -3.93133490206E-07
 -1.84270868431E-06
 -3.24792677020E-06
 -4.59586090074E-06
 -5.87432350585E-06
 -7.07198387317E-06
 -8.17846830614E-06
 -9.18445857678E-06
 -1.00817669590E-05
 -1.08634112621E-05
 -1.15236625788E-05
 -1.20580934890E-05
 -1.24636026158E-05
 -1.27384255393E-05
 -1.28821347971E-05
 -1.28956289700E-05
 -1.27810972117E-05
 -1.25419819597E-05
 -1.21829307318E-05
 -1.17097133625E-05
 -1.11291610665E-05
 -1.04490736703E-05
 -9.67812502495E-06
 -8.82575659489E-06
 -7.90207559476E-06
 -6.91772902428E-06
 -5.88379270994E-06
 -4.81164897792E-06
 -3.71285977963E-06
 -2.59904732047E-06
 -1.48177218762E-06
 -3.72412046090E-07
  7.17950115359E-07
  1.77863751105E-06
  2.79948335447E-06
  3.77092715098E-06
  4.68410189569E-06
  5.53091740585E-06
  6.30412478131E-06
  6.99738075127E-06
  7.60529428590E-06
  8.12346570456E-06
  8.54851441545E-06
  8.87808892003E-06
  9.11087681743E-06
  9.24659616430E-06
  9.28597728489E-06
  9.23073093873E-06
  9.08351739781E-06
  8.84788732947E-06
  8.52823723108E-06
  8.12973576103E-06
  7.65825916460E-06
  7.12030896466E-06
  6.52292965242E-06
  5.87362183069E-06
  5.18025672136E-06
  4.45097612101E-06
  3.69410508938E-06
  2.91805849884E-06
  2.13124599213E-06
  1.34198489832E-06
  5.58413148610E-07
 -2.11595278188E-07
 -9.60506326919E-07
 -1.68120004673E-06
 -2.36703476730E-06
 -3.01190902974E-06
 -3.61031220564E-06
 -4.15736803916E-06
 -4.64887307317E-06
 -5.08132234245E-06
 -5.45192824575E-06
 -5.75863441554E-06
 -6.00011617280E-06
 -6.17577370576E-06
 -6.28572070127E-06
 -6.33075978840E-06
 -6.31235889159E-06
 -6.23261075816E-06
 -6.09419475950E-06
 -5.90032823311E-06
 -5.65471600567E-06
 -5.36149400432E-06
 -5.02516877532E-06
 -4.65055882160E-06
 -4.24272957389E-06
 -3.80692563340E-06
 -3.34851233674E-06
 -2.87290527012E-06
 -2.38551183429E-06
 -1.89166792097E-06
 -1.39658084208E-06
 -9.05273680019E-07
 -4.22534583322E-07
  4.71300225513E-08
  4.99537293308E-07
  9.30864757720E-07
  1.33768162414E-06
  1.71697399765E-06
  2.06616482501E-06
  2.38312691181E-06
  2.66619213107E-06
  2.91415153697E-06
  3.12625275001E-06
  3.30219040734E-06
  3.44209070136E-06
  3.54649409928E-06
  3.61632760359E-06
  3.65287996829E-06
  3.65776963918E-06
  3.63290678251E-06
  3.58045940629E-06
  3.50281311512E-06
  3.40252881870E-06
  3.28230134983E-06
  3.14491899189E-06
  2.99321936836E-06
  2.83005056190E-06
  2.65822791334E-06
  2.48050105256E-06
  2.29951365327E-06
  2.11777273762E-06
  1.93761729861E-06
  1.76119363005E-06
  1.59043042913E-06
  1.42701981076E-06
  1.27240355141E-06
  1.12776012884E-06
  9.93999378807E-07
  8.71759084475E-07
  7.61406170113E-07
  6.63042442284E-07
  5.76513514261E-07
  5.01421823174E-07
  4.37142119836E-07
  3.82841022883E-07
  3.37498960334E-07
  2.99933788028E-07
  2.68827079708E-07
  2.42752236090E-07
  2.20202466039E-07
  1.99620842523E-07
  1.79429648028E-07
  1.58059918931E-07
  1.33980591954E-07
  1.05726435606E-07
  7.19245747405E-08
  3.13193240231E-08
 -1.72047300850E-08
 -7.46029158449E-08
 -1.41652066077E-07
 -2.18935198859E-07
 -3.06830941099E-07
 -4.05502760259E-07
 -5.14895759807E-07
 -6.34731861737E-07
 -7.64512662954E-07
 -9.03523812212E-07
 -1.05084131974E-06
 -1.20534286907E-06
 -1.36572100473E-06
 -1.53050041263E-06
 -1.69805491623E-06
 -1.86662907709E-06
 -2.03436093216E-06
 -2.19930734602E-06
 -2.35946754401E-06
 -2.51281062447E-06
 -2.65730409410E-06
 -2.79093796962E-06
 -2.91175570055E-06
 -3.01787758872E-06
 -3.10752898258E-06
 -3.17906324199E-06
 -3.23098629451E-06
 -3.26197664435E-06
 -3.27090606334E-06
 -3.25685618918E-06
 -3.21913239532E-06
 -3.15727788802E-06
 -3.07107893605E-06
 -2.96057623927E-06
 -2.82606356450E-06
 -2.66809138338E-06
 -2.48746232501E-06
 -2.28522503676E-06
 -2.06266872738E-06
 -1.82130804660E-06
 -1.56287114805E-06
 -1.28928400045E-06
 -1.00264992398E-06
 -7.05230320364E-07
 -3.99421736574E-07
 -8.77323245163E-08
  2.27243788231E-07
  5.42852092167E-07
  8.56404142269E-07
  1.16520504889E-06
  1.46658044287E-06
  1.75790273715E-06
  2.03661807063E-06
  2.30027035286E-06
  2.54652718468E-06
  2.77320032183E-06
  2.97826909446E-06
  3.15989814226E-06
  3.31645605911E-06
  3.44652880813E-06
  3.54893381882E-06
  3.62273021892E-06
  3.66722565559E-06
  3.68198425349E-06
  3.66682593267E-06
  3.62182845492E-06
  3.54732515007E-06
  3.44389945894E-06
  3.31237833961E-06
  3.15382249028E-06
  2.96951361634E-06
  2.76094306173E-06
  2.52979498327E-06
  2.27793066188E-06
  2.00736690203E-06
  1.72026147993E-06
  1.41888801863E-06
  1.10561757083E-06
  7.82895710927E-07
  4.53220565078E-07
  1.19121331466E-07
 -2.16864862068E-07
 -5.52212668481E-07
 -8.84431472059E-07
 -1.21108416806E-06
 -1.52980749135E-06
 -1.83832787570E-06
 -2.13448242903E-06
 -2.41623001784E-06
 -2.68166786555E-06
 -2.92904428534E-06
 -3.15676720675E-06
 -3.36341577167E-06
 -3.54774533662E-06
 -3.70869588551E-06
 -3.84539407605E-06
 -3.95715505874E-06
 -4.04348475058E-06
 -4.10407847085E-06
 -4.13881753047E-06
 -4.14776604885E-06
 -4.13116504205E-06
 -4.08942696595E-06
 -4.02312798542E-06
 -3.93299751522E-06
 -3.81991230824E-06
 -3.68488235836E-06
 -3.52904385181E-06
 -3.35364393322E-06
 -3.16003320222E-06
 -2.94965025205E-06
 -2.72401234724E-06
 -2.48470155384E-06
 -2.23335359806E-06
 -1.97164717974E-06
 -1.70128930677E-06
 -1.42400756431E-06
 -1.14153772302E-06
 -8.55613336626E-07
 -5.67957272324E-07
 -2.80270455733E-07
  5.77491388043E-09
  2.88545095373E-07
  5.66450580664E-07
  8.37954360122E-07
  1.10157736799E-06
  1.35590516948E-06
  1.59959154189E-06
  1.83136501164E-06
  2.05003198062E-06
  2.25447911362E-06
  2.44368038693E-06
  2.61669470092E-06
  2.77267372439E-06
  2.91085984827E-06
  3.03058891404E-06
  3.13129407914E-06
  3.21250354318E-06
  3.27384418597E-06
  3.31504065798E-06
  3.33591765411E-06
  3.33639877681E-06
  3.31650699081E-06
  3.27636462316E-06
  3.21619404531E-06
  3.13631608151E-06
  3.03714864458E-06
  2.91920764539E-06
  2.78310494650E-06
  2.62954586105E-06
  2.45932824328E-06
  2.27333975999E-06
  2.07255584428E-06
  1.85803651220E-06
  1.63092158800E-06
  1.39242820296E-06
  1.14384636163E-06
  8.86532916411E-07
  6.21907076948E-07
  3.51443929958E-07
  7.66684564724E-08
 -2.00852028343E-07
 -4.79515222196E-07
 -7.57691054787E-07
 -1.03373156435E-06
 -1.30597788939E-06
 -1.57277133894E-06
 -1.83246197594E-06
 -2.08341816688E-06
 -2.32403749578E-06
 -2.55275654126E-06
 -2.76806053989E-06
 -2.96849452752E-06
 -3.15267402584E-06
 -3.31929322783E-06
 -3.46713568433E-06
 -3.59508476322E-06
 -3.70213115275E-06
 -3.78738263862E-06
 -3.85006978831E-06
 -3.88955504604E-06
 -3.90533932659E-06
 -3.89706519854E-06
 -3.86452484236E-06
 -3.80766027774E-06
 -3.72656859327E-06
 -3.62150103683E-06
 -3.49286665369E-06
 -3.34122728418E-06
 -3.16729892802E-06
 -2.97194810628E-06
 -2.75618617707E-06
 -2.52116456068E-06
 -2.26816928262E-06
 -1.99861210604E-06
 -1.71402086835E-06
 -1.41603266002E-06
 -1.10638075057E-06
 -7.86884527315E-07
 -4.59436790834E-07
 -1.25991022060E-07
  2.11451833820E-07
  5.50856725567E-07
  8.90169815193E-07
  1.22733126773E-06
  1.56029057052E-06
  1.88702085779E-06
  2.20553215513E-06
  2.51388632933E-06
  2.81021084447E-06
  3.09271035803E-06
  3.35968047693E-06
  3.60951912626E-06
  3.84073655368E-06
  4.05196624342E-06
  4.24197469329E-06
  4.40966732640E-06
  4.55409644928E-06
  4.67446807306E-06
  4.77014418721E-06
  4.84064776174E-06
  4.88566411150E-06
  4.90504180561E-06
  4.89879221277E-06
  4.86708768221E-06
  4.81026017951E-06
  4.72879446534E-06
  4.62332491225E-06
  4.49463141194E-06
  4.34362618762E-06
  4.17135379394E-06
  3.97897429139E-06
  3.76776119992E-06
  3.53908535544E-06
  3.29440786118E-06
  3.03526690004E-06
  2.76326818494E-06
  2.48007131631E-06
  2.18737886826E-06
  1.88692501979E-06
  1.58046236720E-06
  1.26975157855E-06
  9.56549229159E-07
  6.42596603484E-07
  3.29609434857E-07
  1.92674605159E-08
 -2.86795255988E-07
 -5.86999476582E-07
 -8.79829087808E-07
 -1.16383887416E-06
 -1.43766180827E-06
 -1.70001442257E-06
 -1.94970402845E-06
 -2.18563036469E-06
 -2.40679401031E-06
 -2.61229524767E-06
 -2.80133781416E-06
 -2.97323208542E-06
 -3.12739371111E-06
 -3.26334520651E-06
 -3.38071390615E-06
 -3.47923423760E-06
 -3.55874158231E-06
 -3.61917341252E-06
 -3.66056474377E-06
 -3.68304608855E-06
 -3.68684004570E-06
 -3.67225561604E-06
 -3.63968638339E-06
 -3.58960505764E-06
 -3.52255892722E-06
 -3.43916553902E-06
 -3.34010610459E-06
 -3.22612390846E-06
 -3.09801748699E-06
 -2.95663448924E-06
 -2.80286894849E-06
 -2.63765559794E-06
 -2.46196577791E-06
 -2.27680129683E-06
 -2.08319033845E-06
 -1.88218552921E-06
 -1.67485518432E-06
 -1.46228194353E-06
 -1.24555970160E-06
 -1.02578599126E-06
 -8.04060732662E-07
 -5.81482595408E-07
 -3.59143484729E-07
 -1.38126253546E-07
  8.04993192105E-08
  2.95680024465E-07
  5.06382718868E-07
  7.11597863301E-07
  9.10342805582E-07
  1.10166524792E-06
  1.28464682803E-06
  1.45840670029E-06
  1.62210369581E-06
  1.77494189302E-06
  1.91617141354E-06
  2.04509410651E-06
  2.16106536755E-06
  2.26349698096E-06
  2.35186257669E-06
  2.42569694819E-06
  2.48460355579E-06
  2.52825248026E-06
  2.55638678937E-06
  2.56882344729E-06
  2.56545399679E-06
  2.54625024354E-06
  2.51126175499E-06
  2.46061813414E-06
  2.39453288486E-06
  2.31329977396E-06
  2.21729533223E-06
  2.10697726288E-06
  1.98288444153E-06
  1.84563589301E-06
  1.69592681232E-06
  1.53452901941E-06
  1.36228550218E-06
  1.18010950700E-06
  9.88978172245E-07
  7.89929686107E-07
  5.84057829656E-07
  3.72506292479E-07
  1.56463499934E-07
 -6.28450322893E-08
 -2.84162069875E-07
 -5.06206333739E-07
 -7.27680287582E-07
 -9.47277328578E-07
 -1.16369005809E-06
 -1.37561744395E-06
 -1.58177465437E-06
 -1.78089953806E-06
 -1.97176245820E-06
 -2.15317254515E-06
 -2.32398747357E-06
 -2.48312085205E-06
 -2.62954813479E-06
 -2.76231503449E-06
 -2.88054479824E-06
 -2.98344366456E-06
 -3.07030654767E-06
 -3.14052226713E-06
 -3.19357786793E-06
 -3.22906385009E-06
 -3.24667530549E-06
 -3.24621623804E-06
 -3.22759956362E-06
 -3.19085029332E-06
 -3.13610303238E-06
 -3.06360288960E-06
 -2.97370434055E-06
 -2.86686827167E-06
 -2.74365879704E-06
 -2.60474007518E-06
 -2.45087153417E-06
 -2.28290332416E-06
 -2.10177017834E-06
 -1.90848459170E-06
 -1.70413045453E-06
 -1.48985566284E-06
 -1.26686461499E-06
 -1.03640923044E-06
 -7.99781162186E-07
 -5.58303156595E-07
 -3.13319731049E-07
 -6.61886332409E-08
  1.81728012194E-07
  4.29072741781E-07
  6.74501507092E-07
  9.16691817565E-07
  1.15435170756E-06
  1.38622647228E-06
  1.61110813224E-06
  1.82784037861E-06
  2.03532681553E-06
  2.23253664444E-06
  2.41850921157E-06
  2.59236094280E-06
  2.75328784483E-06
  2.90056982521E-06
  3.03357387565E-06
  3.15175748256E-06
  3.25466680806E-06
  3.34194237439E-06
  3.41331542586E-06
  3.46861042999E-06
  3.50774212166E-06
  3.53071595782E-06
  3.53762470695E-06
  3.52864594788E-06
  3.50403888660E-06
  3.46414276464E-06
  3.40936981047E-06
  3.34020410264E-06
  3.25719292960E-06
  3.16094724440E-06
  3.05213188767E-06
  2.93146285912E-06
  2.79970049633E-06
  2.65764651886E-06
  2.50613425123E-06
  2.34602839555E-06
  2.17821457227E-06
  2.00359727387E-06
  1.82309429420E-06
  1.63763024830E-06
  1.44813304814E-06
  1.25552787722E-06
  1.06073480310E-06
  8.64662411004E-07
  6.68205188958E-07
  4.72239378269E-07
  2.77619705003E-07
  8.51762465004E-08
 -1.04288680802E-07
 -2.90002731163E-07
 -4.71226371701E-07
 -6.47254410069E-07
 -8.17418481347E-07
 -9.81088078333E-07
 -1.13767248422E-06
 -1.28662168208E-06
 -1.42742737808E-06
 -1.55962425197E-06
 -1.68279052559E-06
 -1.79654830390E-06
 -1.90056391602E-06
 -1.99454939320E-06
 -2.07826133192E-06
 -2.15150180338E-06
 -2.21411892198E-06
 -2.26600513997E-06
 -2.30709906646E-06
 -2.33738455790E-06
 -2.35689071815E-06
 -2.36569144363E-06
 -2.36390428654E-06
 -2.35169204643E-06
 -2.32926049648E-06
 -2.29685861086E-06
 -2.25477720051E-06
 -2.20334800360E-06
 -2.14294414036E-06
 -2.07397624763E-06
 -1.99689407054E-06
 -1.91218350665E-06
 -1.82036342267E-06
 -1.72198735982E-06
 -1.61763773576E-06
 -1.50792618570E-06
 -1.39348924222E-06
 -1.27498651636E-06
 -1.15309728699E-06
 -1.02851731754E-06
 -9.01955502286E-07
 -7.74130000991E-07
 -6.45764771434E-07
 -5.17584851423E-07
 -3.90312834497E-07
 -2.64664237193E-07
 -1.41343051041E-07
 -2.10371720044E-08
  9.55859746909E-08
  2.07884127690E-07
  3.15244705007E-07
  4.17089324856E-07
  5.12878102654E-07
  6.02113743753E-07
  6.84345820900E-07
  7.59174383802E-07
  8.26253142350E-07
  8.85293275132E-07
  9.36065475798E-07
  9.78402795226E-07
  1.01220234683E-06
  1.03742672763E-06
  1.05410526885E-06
  1.06233369479E-06
  1.06227480501E-06
  1.05415654161E-06
  1.03827267139E-06
  1.01497857941E-06
  9.84689904726E-07
  9.47879755131E-07
  9.05074386992E-07
  8.56849283082E-07
  8.03824320883E-07
  7.46658940898E-07
  6.86045780185E-07
  6.22705329079E-07
  5.57379109978E-07
  4.90823197197E-07
  4.23800941007E-07
  3.57076174851E-07
  2.91405740427E-07
  2.27532467534E-07
  1.66177557048E-07
  1.08033717083E-07
  5.37581428262E-08
  3.96565624783E-09
 -4.07775502254E-08
 -7.99600101686E-08
 -1.13130496970E-07
 -1.39903093554E-07
 -1.59961629720E-07
 -1.73063511966E-07
 -1.79042842774E-07
 -1.77812793822E-07
 -1.69367353919E-07
 -1.53782067969E-07
 -1.31214164867E-07
 -1.01901754590E-07
 -6.61621513132E-08
 -2.43895641461E-08
  2.29482193248E-08
  7.53138493792E-08
  1.32105185457E-07
  1.92660792209E-07
  2.56266105225E-07
  3.22160218502E-07
  3.89543231449E-07
  4.57584036440E-07
  5.25428561104E-07
  5.92208493799E-07
  6.57049611164E-07
  7.19081242551E-07
  7.77445279709E-07
  8.31304873827E-07
  8.79853303104E-07
  9.22323408759E-07
  9.57994643613E-07
  9.86202621789E-07
  1.00634520095E-06
  1.01789100881E-06
  1.02038370642E-06
  1.01344983250E-06
  9.96802441477E-07
  9.70245196186E-07
  9.33675835313E-07
  8.87088503987E-07
  8.30574947486E-07
  7.64324795455E-07
  6.88625391376E-07
  6.03859746207E-07
  5.10504321483E-07
  4.09125561873E-07
  3.00375461393E-07
  1.84986348017E-07
  6.37648938095E-08
 -6.24147560302E-08
 -1.92618514916E-07
 -3.25860497696E-07
 -4.61111682171E-07
 -5.97309053774E-07
 -7.33365311589E-07
 -8.68178574365E-07
 -1.00064210073E-06
 -1.12965494736E-06
 -1.25413168917E-06
 -1.37301242376E-06
 -1.48527226429E-06
 -1.58993145760E-06
 -1.68606368334E-06
 -1.77280514890E-06
 -1.84936186542E-06
 -1.91501749214E-06
 -1.96914015760E-06
 -2.01118746190E-06
 -2.04071193366E-06
 -2.05736500902E-06
 -2.06089998755E-06
 -2.05117476071E-06
 -2.02815203920E-06
 -1.99190003514E-06
 -1.94259314412E-06
 -1.88050682937E-06
 -1.80601864486E-06
 -1.71960232365E-06
 -1.62182516306E-06
 -1.51333983922E-06
 -1.39488224704E-06
 -1.26726183680E-06
 -1.13135581614E-06
 -9.88100623545E-07
 -8.38484254473E-07
 -6.83536825363E-07
 -5.24322558704E-07
 -3.61929636483E-07
 -1.97461687890E-07
 -3.20282786959E-08
  1.33264308033E-07
  2.97321975040E-07
  4.59071543446E-07
  6.17469368080E-07
  7.71508837261E-07
  9.20228558243E-07
  1.06271886580E-06
  1.19812818866E-06
  1.32566879074E-06
  1.44462217122E-06
  1.55434247517E-06
  1.65426069998E-06
  1.74388742380E-06
  1.82281439720E-06
  1.89071556633E-06
  1.94734798242E-06
  1.99255100597E-06
  2.02624573831E-06
  2.04843240681E-06
  2.05918763641E-06
  2.05866399483E-06
  2.04708248930E-06
  2.02473120225E-06
  1.99195960704E-06
  1.94917333829E-06
  1.89682987184E-06
  1.83543193089E-06
  1.76552248377E-06
  1.68767826381E-06
  1.60250453973E-06
  1.51062829445E-06
  1.41269379128E-06
  1.30935529796E-06
  1.20127356240E-06
  1.08910842300E-06
  9.73515852820E-07
  8.55142275213E-07
  7.34620812182E-07
  6.12567589542E-07
  4.89578326324E-07
  3.66225009429E-07
  2.43054302018E-07
  1.20585127661E-07
 -6.92874313479E-10
 -1.20320208907E-07
 -2.37868249542E-07
 -3.52939338200E-07
 -4.65166777985E-07
 -5.74214084281E-07
 -6.79774132095E-07
 -7.81568132879E-07
 -8.79344270288E-07
 -9.72875795924E-07
 -1.06195943772E-06
 -1.14641386517E-06
 -1.22607730191E-06
 -1.30080570671E-06
 -1.37047095450E-06
 -1.43495867633E-06
 -1.49416689510E-06
 -1.54800443397E-06
 -1.59638864261E-06
 -1.63924516983E-06
 -1.67650659932E-06
 -1.70811119915E-06
 -1.73400292169E-06
 -1.75413106263E-06
 -1.76845014721E-06
 -1.77691958925E-06
 -1.77950551006E-06
 -1.77618096586E-06
 -1.76692583409E-06
 -1.75172965555E-06
 -1.73059220288E-06
 -1.70352518580E-06
 -1.67055327438E-06
 -1.63171762324E-06
 -1.58707507580E-06
 -1.53670237069E-06
 -1.48069625538E-06
 -1.41917644214E-06
 -1.35228594900E-06
 -1.28019360091E-06
 -1.20309425711E-06
 -1.12121119855E-06
 -1.03479555946E-06
 -9.44127236835E-07
 -8.49515743084E-07
 -7.51298784962E-07
 -6.49842945677E-07
 -5.45541809061E-07
 -4.38815504822E-07
 -3.30108576918E-07
 -2.19888150355E-07
 -1.08641721397E-07
  3.12575232364E-09
  1.14894739056E-07
  2.26134460490E-07
  3.36306470672E-07
  4.44868504701E-07
  5.51278503735E-07
  6.54998530081E-07
  7.55499343086E-07
  8.52264690820E-07
  9.44795488067E-07
  1.03261402273E-06
  1.11526867386E-06
  1.19233732221E-06
  1.26343184093E-06
  1.32820116505E-06
  1.38633492952E-06
  1.43756676607E-06
  1.48167612224E-06
  1.51849167196E-06
  1.54789177031E-06
  1.56980729571E-06
  1.58422096774E-06
  1.59116927989E-06
  1.59074045314E-06
  1.58307557285E-06
  1.56836620135E-06
  1.54685335474E-06
  1.51882466071E-06
  1.48461253957E-06
  1.44458977047E-06
  1.39916755870E-06
  1.34879041980E-06
  1.29393220050E-06
  1.23509164496E-06
  1.17278807465E-06
  1.10755536298E-06
  1.03993784251E-06
  9.70484279605E-07
  8.99743156424E-07
  8.28257725516E-07
  7.56560382342E-07
  6.85168117798E-07
  6.14577686520E-07
  5.45261116258E-07
  4.77661785681E-07
  4.12190559018E-07
  3.49222460727E-07
  2.89093520678E-07
  2.32098656738E-07
  1.78489585778E-07
  1.28473160999E-07
  8.22107892873E-08
  3.98178130467E-08
  1.36378952575E-09
 -3.31269340847E-08
 -6.36741717130E-08
 -9.03398102992E-08
 -1.13226171550E-07
 -1.32472990799E-07
 -1.48254557075E-07
 -1.60776650659E-07
 -1.70272514310E-07
 -1.76998923962E-07
 -1.81232337582E-07
 -1.83264504017E-07
 -1.83397645515E-07
 -1.81940535526E-07
 -1.79203766493E-07
 -1.75495429744E-07
 -1.71117164882E-07
 -1.66359313880E-07
 -1.61497837325E-07
 -1.56790548544E-07
 -1.52473887738E-07
 -1.48759681906E-07
 -1.45833212173E-07
 -1.43850982681E-07
 -1.42939001080E-07
 -1.43191840607E-07
 -1.44671901126E-07
 -1.47409295437E-07
 -1.51402161919E-07
 -1.56617616653E-07
 -1.62992762398E-07
 -1.70436706526E-07
 -1.78832493702E-07
 -1.88039777527E-07
 -1.97897421117E-07
 -2.08227049825E-07
 -2.18836078147E-07
 -2.29521688766E-07
 -2.40074427893E-07
 -2.50281885883E-07
 -2.59933244706E-07
 -2.68822390126E-07
 -2.76752587069E-07
 -2.83539293378E-07
 -2.89014678856E-07
 -2.93029955856E-07
 -2.95459216204E-07
 -2.96201619676E-07
 -2.95183781418E-07
 -2.92361931997E-07
 -2.87723054271E-07
 -2.81286560266E-07
 -2.73103864856E-07
 -2.63259124722E-07
 -2.51868613077E-07
 -2.39079724906E-07
 -2.25069840099E-07
 -2.10043637594E-07
 -1.94231603245E-07
 -1.77887017117E-07
 -1.61282216027E-07
 -1.44705595062E-07
 -1.28457671167E-07
 -1.12846819889E-07
 -9.81850689641E-08
 -8.47834016326E-08
 -7.29475644334E-08
 -6.29728873491E-08
 -5.51403047666E-08
 -4.97113390452E-08
 -4.69241214773E-08
 -4.69889727128E-08
 -5.00847150420E-08
 -5.63550202060E-08
 -6.59053469576E-08
 -7.88000846796E-08
 -9.50603933347E-08
 -1.14662363160E-07
 -1.37535835165E-07
 -1.63563726119E-07
 -1.92582021441E-07
 -2.24380130476E-07
 -2.58702442579E-07
 -2.95249293458E-07
 -3.33680077347E-07
 -3.73615762328E-07
 -4.14642244095E-07
 -4.56314552366E-07
 -4.98161000451E-07
 -5.39688244316E-07
 -5.80386370075E-07
 -6.19734521479E-07
 -6.57206783217E-07
 -6.92277922099E-07
 -7.24429753518E-07
 -7.53157337385E-07
 -7.77975117217E-07
 -7.98423059223E-07
 -8.14072222965E-07
 -8.24531241506E-07
 -8.29450982565E-07
 -8.28529948649E-07
 -8.21518824523E-07
 -8.08224569937E-07
 -7.88514171290E-07
 -7.62317256431E-07
 -7.29628766294E-07
 -6.90510489676E-07
 -6.45092143259E-07
 -5.93571428453E-07
 -5.36213804025E-07
 -4.73350837638E-07
 -4.05378699497E-07
 -3.32755348609E-07
 -2.55996809528E-07
 -1.75673520175E-07
 -9.24053580320E-08
 -6.85634615749E-09
  8.02711284109E-08
  1.68242848986E-07
  2.56299358625E-07
  3.43663487001E-07
  4.29547327485E-07
  5.13160443916E-07
  5.93717288666E-07
  6.70445274409E-07
  7.42592931147E-07
  8.09436755844E-07
  8.70289966315E-07
  9.24508810840E-07
  9.71500412561E-07
  1.01072839698E-06
  1.04171965631E-06
  1.06406946543E-06
  1.07744676825E-06
  1.08159770207E-06
  1.07635003133E-06
  1.06161485292E-06
  1.03738921098E-06
  1.00375712009E-06
  9.60889792623E-07
  9.09045013486E-07
  8.48565605338E-07
  7.79877723289E-07
  7.03487273768E-07
  6.19976560756E-07
  5.29998999355E-07
  4.34274568306E-07
  3.33583386691E-07
  2.28759390097E-07
  1.20683125715E-07
  1.02738546559E-08
 -1.01517933615E-07
 -2.13719260955E-07
 -3.25343052054E-07
 -4.35396998455E-07
 -5.42892507838E-07
 -6.46853322905E-07
 -7.46324417378E-07
 -8.40380891987E-07
 -9.28135818867E-07
 -1.00874876807E-06
 -1.08143319721E-06
 -1.14546367058E-06
 -1.20018285088E-06
 -1.24500684251E-06
 -1.27943133066E-06
 -1.30303601509E-06
 -1.31548824811E-06
 -1.31654678626E-06
 -1.30606395032E-06
 -1.28398676225E-06
 -1.25035819565E-06
 -1.20531717585E-06
 -1.14909698823E-06
 -1.08202402771E-06
 -1.00451461549E-06
 -9.17072895845E-07
 -8.20285265490E-07
 -7.14816394520E-07
 -6.01403769451E-07
 -4.80851383600E-07
 -3.54023143245E-07
 -2.21836046421E-07
 -8.52524308925E-08
  5.47276890472E-08
  1.97074996322E-07
  3.40738864679E-07
  4.84656140998E-07
  6.27759504823E-07
  7.68985955801E-07
  9.07285311769E-07
  1.04162847947E-06
  1.17101535579E-06
  1.29448312691E-06
  1.41111206631E-06
  1.52003497078E-06
  1.62044148055E-06
  1.71158501416E-06
  1.79278845280E-06
  1.86344823305E-06
  1.92303923541E-06
  1.97111762645E-06
  2.00732461053E-06
  2.03138802135E-06
  2.04312368624E-06
  2.04243679036E-06
  2.02932142201E-06
  2.00386057259E-06
  1.96622386284E-06
  1.91666708815E-06
  1.85552778476E-06
  1.78322443389E-06
  1.70025032276E-06
  1.60717149811E-06
  1.50462028614E-06
  1.39329165449E-06
  1.27393639104E-06
  1.14735610168E-06
  1.01439673017E-06
  8.75942305356E-07
  7.32908290502E-07
  5.86234818911E-07
  4.36880014831E-07
  2.85813001710E-07
  1.34007365205E-07
 -1.75658172452E-08
 -1.67944378404E-07
 -3.16181683502E-07
 -4.61352783532E-07
 -6.02560305651E-07
 -7.38940343581E-07
 -8.69667758252E-07
 -9.93961180029E-07
 -1.11108784040E-06
 -1.22036738048E-06
 -1.32117634166E-06
 -1.41295106459E-06
 -1.49519053139E-06
 -1.56745977620E-06
 -1.62939090842E-06
 -1.68068504536E-06
 -1.72111288066E-06
 -1.75051638962E-06
 -1.76880826075E-06
 -1.77597109996E-06
 -1.77205799901E-06
 -1.75718992068E-06
 -1.73155501670E-06
 -1.69540635397E-06
 -1.64905998190E-06
 -1.59289095336E-06
 -1.52733218783E-06
 -1.45286935549E-06
 -1.37003860345E-06
 -1.27942132622E-06
 -1.18164189189E-06
 -1.07736150312E-06
 -9.67275241237E-07
 -8.52106552429E-07
 -7.32602870812E-07
 -6.09531184637E-07
 -4.83672693008E-07
 -3.55818514208E-07
 -2.26764484523E-07
 -9.73066747179E-08
  3.17635517888E-08
  1.59663926524E-07
  2.85625844754E-07
  4.08898841897E-07
  5.28754640072E-07
  6.44491137791E-07
  7.55436417421E-07
  8.60952184212E-07
  9.60437091635E-07
  1.05333003830E-06
  1.13911266908E-06
  1.21731227409E-06
  1.28750377826E-06
  1.34931201501E-06
  1.40241320423E-06
  1.44653586176E-06
  1.48146250467E-06
  1.50703044710E-06
  1.52313089075E-06
  1.52971097123E-06
  1.52677159804E-06
  1.51436825035E-06
  1.49260904436E-06
  1.46165484693E-06
  1.42171643347E-06
  1.37305380576E-06
  1.31597346353E-06
  1.25082704017E-06
  1.17800777844E-06
  1.09794905256E-06
  1.01112038919E-06
  9.18025136798E-07
  8.19197111923E-07
  7.15197415957E-07
  6.06610512932E-07
  4.94041387356E-07
  3.78111479904E-07
  2.59455475771E-07
  1.38717368259E-07
  1.65470463998E-08
 -1.06403469147E-07
 -2.29483276826E-07
 -3.52046498620E-07
 -4.73455145311E-07
 -5.93082859268E-07
 -7.10317522135E-07
 -8.24564722279E-07
 -9.35250284329E-07
 -1.04182311134E-06
 -1.14375734483E-06
 -1.24055486594E-06
 -1.33174773964E-06
 -1.41689895372E-06
 -1.49560503360E-06
 -1.56749763391E-06
 -1.63224319749E-06
 -1.68954602486E-06
 -1.73914691004E-06
 -1.78082598268E-06
 -1.81440043434E-06
 -1.83972758805E-06
 -1.85670148767E-06
 -1.86525608115E-06
 -1.86536203728E-06
 -1.85702788258E-06
 -1.84029852335E-06
 -1.81525467724E-06
 -1.78201196377E-06
 -1.74071976744E-06
 -1.69155941876E-06
 -1.63474453529E-06
 -1.57051817951E-06
 -1.49915217662E-06
 -1.42094575040E-06
 -1.33622393150E-06
 -1.24533664803E-06
 -1.14865622436E-06
 -1.04657669908E-06
 -9.39512631248E-07
 -8.27896883493E-07
 -7.12179655693E-07
 -5.92826836510E-07
 -4.70318980206E-07
 -3.45149459235E-07
 -2.17823469484E-07
 -8.88562112777E-08
  4.12280698470E-08
  1.71897795553E-07
  3.02614978409E-07
  4.32837367725E-07
  5.62019238259E-07
  6.89613045779E-07
  8.15071075522E-07
  9.37847175919E-07
  1.05739752598E-06
  1.17318381854E-06
  1.28467320337E-06
  1.39134158417E-06
  1.49267464167E-06
  1.58817033480E-06
  1.67734037859E-06
  1.75971331373E-06
  1.83483552973E-06
  1.90227456187E-06
  1.96162068278E-06
  2.01248985832E-06
  2.05452579394E-06
  2.08740198104E-06
  2.11082578971E-06
  2.12453937820E-06
  2.12832196667E-06
  2.12199302041E-06
  2.10541520573E-06
  2.07849416256E-06
  2.04118373404E-06
  1.99348551178E-06
  1.93545133698E-06
  1.86718477835E-06
  1.78884317847E-06
  1.70063799487E-06
  1.60283491368E-06
  1.49575600972E-06
  1.37977872328E-06
  1.25533563278E-06
  1.12291479581E-06
  9.83057361736E-07
  8.36357571643E-07
  6.83459916218E-07
  5.25058112544E-07
  3.61891153489E-07
  1.94740977122E-07
  2.44291999962E-08
 -1.48187240256E-07
 -3.22220074622E-07
 -4.96754353208E-07
 -6.70853580687E-07
 -8.43564578190E-07
 -1.01392356555E-06
 -1.18096238566E-06
 -1.34371271088E-06
 -1.50121525166E-06
 -1.65252322404E-06
 -1.79671098977E-06
 -1.93287928596E-06
 -2.06016215998E-06
 -2.17773367694E-06
 -2.28481371778E-06
 -2.38067423197E-06
 -2.46464537668E-06
 -2.53612120105E-06
 -2.59456305685E-06
 -2.63950823864E-06
 -2.67057043857E-06
 -2.68744565801E-06
 -2.68991493613E-06
 -2.67784866992E-06
 -2.65120570475E-06
 -2.61003742708E-06
 -2.55448821918E-06
 -2.48479432230E-06
 -2.40128474616E-06
 -2.30437876780E-06
 -2.19458524953E-06
 -2.07249900086E-06
 -1.93879782273E-06
 -1.79423795998E-06
 -1.63965012234E-06
 -1.47593345901E-06
 -1.30405089749E-06
 -1.12502038974E-06
 -9.39910307807E-07
 -7.49831087887E-07
 -5.55927101686E-07
 -3.59369096259E-07
 -1.61345752758E-07
  3.69448649451E-08
  2.34304110336E-07
  4.29541159974E-07
  6.21482001861E-07
  8.08977404176E-07
  9.90911871668E-07
  1.16621197321E-06
  1.33385344725E-06
  1.49286847773E-06
  1.64235382272E-06
  1.78147581664E-06
  1.90947730516E-06
  2.02568276109E-06
  2.12950203604E-06
  2.22043649956E-06
  2.29807778851E-06
  2.36211508309E-06
  2.41233442466E-06
  2.44861917054E-06
  2.47095044870E-06
  2.47940670306E-06
  2.47416210186E-06
  2.45548380917E-06
  2.42372811954E-06
  2.37933932112E-06
  2.32284241974E-06
  2.25483904615E-06
  2.17600222641E-06
  2.08706910598E-06
  1.98883572011E-06
  1.88214858099E-06
  1.76789842499E-06
  1.64701066296E-06
  1.52044037804E-06
  1.38916107062E-06
  1.25415931507E-06
  1.11642475531E-06
  9.76943965725E-07
  8.36691128825E-07
  6.96621214047E-07
  5.57662758638E-07
  4.20710989602E-07
  2.86621173018E-07
  1.56202830226E-07
  3.02143199349E-08
 -9.06423665015E-08
 -2.05725399383E-07
 -3.14457338391E-07
 -4.16327537778E-07
 -5.10895119987E-07
 -5.97790233314E-07
 -6.76714989822E-07
 -7.47444403260E-07
 -8.09825166925E-07
 -8.63775596827E-07
 -9.09282960038E-07
 -9.46402678892E-07
 -9.75254010882E-07
 -9.96018115984E-07
 -1.00893350918E-06
 -1.01429202459E-06
 -1.01243483641E-06
 -1.00374677459E-06
 -9.88651663647E-07
 -9.67606865743E-07
 -9.41098107887E-07
 -9.09633286028E-07
 -8.73737405982E-07
 -8.33946899093E-07
 -7.90803937889E-07
 -7.44851433865E-07
 -6.96627466823E-07
 -6.46660907933E-07
 -5.95466133291E-07
 -5.43539044884E-07
 -4.91353432608E-07
 -4.39356739435E-07
 -3.87967389770E-07
 -3.37571805176E-07
 -2.88522301162E-07
 -2.41135211354E-07
 -1.95689452198E-07
 -1.52425698730E-07
 -1.11546050618E-07
 -7.32138047965E-08
 -3.75541517883E-08
 -4.65486227341E-09
  2.54324348248E-08
  5.26905168385E-08
  7.71348851458E-08
  9.88113342260E-08
  1.17793604204E-07
  1.34180567102E-07
  1.48093434404E-07
  1.59672680411E-07
  1.69075022427E-07
  1.76470180691E-07
  1.82037680929E-07
  1.85963756394E-07
  1.88438264104E-07
  1.89651572668E-07
  1.89791890648E-07
  1.89042438592E-07
  1.87579033195E-07
  1.85567657240E-07
  1.83162683243E-07
  1.80504898140E-07
  1.77720025363E-07
  1.74917630602E-07
  1.72190055991E-07
  1.69611865886E-07
  1.67239534221E-07
  1.65111316619E-07
  1.63247634077E-07
  1.61651357189E-07
  1.60308786690E-07
  1.59190548743E-07
  1.58252746019E-07
  1.57438549309E-07
  1.56679547558E-07
  1.55897652121E-07
  1.55006787850E-07
  1.53914953671E-07
  1.52526055786E-07
  1.50742010874E-07
  1.48464650351E-07
  1.45597894630E-07
  1.42049401575E-07
  1.37732683925E-07
  1.32568558797E-07
  1.26487009311E-07
  1.19428477774E-07
  1.11345272558E-07
  1.02202541541E-07
  9.19793095022E-08
  8.06691247135E-08
  6.82805776364E-08
  5.48375531650E-08
  4.03793087855E-08
  2.49603466784E-08
  8.65002114381E-09
 -8.46808401178E-09
 -2.62968029574E-08
 -4.47264767445E-08
 -6.36360297790E-08
 -8.28941750797E-08
 -1.02360999676E-07
 -1.21889371485E-07
 -1.41326609082E-07
 -1.60516250958E-07
 -1.79299760816E-07
 -1.97518403411E-07
 -2.15014964056E-07
 -2.31635738146E-07
 -2.47232037509E-07
 -2.61662222556E-07
 -2.74793109156E-07
 -2.86501631308E-07
 -2.96676319067E-07
 -3.05218463836E-07
 -3.12043511030E-07
 -3.17081941148E-07
 -3.20280179267E-07
 -3.21601220321E-07
 -3.21025254379E-07
 -3.18549922440E-07
 -3.14190373274E-07
 -3.07979405534E-07
 -2.99967013007E-07
 -2.90220185661E-07
 -2.78822113842E-07
 -2.65871562988E-07
 -2.51481992564E-07
 -2.35780277080E-07
 -2.18905753968E-07
 -2.01008731437E-07
 -1.82249152658E-07
 -1.62795060987E-07
 -1.42820923088E-07
 -1.22506094158E-07
 -1.02033091309E-07
 -8.15857887915E-08
 -6.13477908473E-08
 -4.15006979892E-08
 -2.22223537349E-08
 -3.68528429995E-09
  1.39449474190E-08
  3.05112344279E-08
  4.58663720337E-08
  5.98743454816E-08
  7.24116020479E-08
  8.33681355061E-08
  9.26484275965E-08
  1.00172286466E-07
  1.05875578527E-07
  1.09710704521E-07
  1.11647025847E-07
  1.11671070613E-07
  1.09786626012E-07
  1.06014681478E-07
  1.00393172886E-07
  9.29765349156E-08
  8.38352960386E-08
  7.30553466610E-08
  6.07371717365E-08
  4.69948311377E-08
  3.19550608197E-08
  1.57559814085E-08
 -1.45406386931E-09
 -1.95179055140E-08
 -3.82709295366E-08
 -5.75425467275E-08
 -7.71577219894E-08
 -9.69386846350E-08
 -1.16706317499E-07
 -1.36281954610E-07
 -1.55488820042E-07
 -1.74153939270E-07
 -1.92109297359E-07
 -2.09193785849E-07
 -2.25254424890E-07
 -2.40147954855E-07
 -2.53742115319E-07
 -2.65917009301E-07
 -2.76566112234E-07
 -2.85597508309E-07
 -2.92934771551E-07
 -2.98517790043E-07
 -3.02303391209E-07
 -3.04266109197E-07
 -3.04398184880E-07
 -3.02710162714E-07
 -2.99230862311E-07
 -2.94007094226E-07
 -2.87103716801E-07
 -2.78602868775E-07
 -2.68603628228E-07
 -2.57221103084E-07
 -2.44585521614E-07
 -2.30841138205E-07
 -2.16144940168E-07
 -2.00665269290E-07
 -1.84580159157E-07
 -1.68075843021E-07
 -1.51344792698E-07
 -1.34583771683E-07
 -1.17991888260E-07
 -1.01768485194E-07
 -8.61110081019E-08
 -7.12126535518E-08
 -5.72603475746E-08
 -4.44323333681E-08
 -3.28960183538E-08
 -2.28057519536E-08
 -1.43007277131E-08
 -7.50291562213E-09
 -2.51510900995E-09
  5.80891057478E-10
  1.72590519654E-09
  8.84951945057E-10
 -1.95146010462E-09
 -6.76630484975E-09
 -1.35151125846E-08
 -2.21253699806E-08
 -3.24961817455E-08
 -4.44981900216E-08
 -5.79737928774E-08
 -7.27376914256E-08
 -8.85776714199E-08
 -1.05255779204E-07
 -1.22509774769E-07
 -1.40054893905E-07
 -1.57585887450E-07
 -1.74779415829E-07
 -1.91296635421E-07
 -2.06786296530E-07
 -2.20887628188E-07
 -2.33233961922E-07
 -2.43456241833E-07
 -2.51186776268E-07
 -2.56063287907E-07
 -2.57732864384E-07
 -2.55855894693E-07
 -2.50110588240E-07
 -2.40196840195E-07
 -2.25840310009E-07
 -2.06796627822E-07
 -1.82855004027E-07
 -1.53842250938E-07
 -1.19626122341E-07
 -8.01182835630E-08
 -3.52776901025E-08
  1.48871430738E-08
  7.03159130921E-08
  1.30894605377E-07
  1.96454394086E-07
  2.66770598500E-07
  3.41562355288E-07
  4.20493051934E-07
  5.03170724642E-07
  5.89149351526E-07
  6.77931154769E-07
  7.68968448028E-07
  8.61666762830E-07
  9.55388600232E-07
  1.04945706880E-06
  1.14316094368E-06
  1.23575910038E-06
  1.32648654017E-06
  1.41455950597E-06
  1.49918321313E-06
  1.57955605573E-06
  1.65487938375E-06
  1.72436159573E-06
  1.78722780220E-06
  1.84272528259E-06
  1.89013167073E-06
  1.92876177607E-06
  1.95797497327E-06
  1.97718236450E-06
  1.98585235012E-06
  1.98351722247E-06
  1.96978089662E-06
  1.94432141143E-06
  1.90689740975E-06
  1.85735268587E-06
  1.79561936875E-06
  1.72172019575E-06
  1.63577203693E-06
  1.53798612246E-06
  1.42866997521E-06
  1.30822581923E-06
  1.17715035231E-06
  1.03603247226E-06
  8.85551116880E-07
  7.26471057533E-07
  5.59638522191E-07
  3.85976335338E-07
  2.06477764664E-07
  2.21995097860E-08
 -1.65745220215E-07
 -3.56195101858E-07
 -5.47948957319E-07
 -7.39775259717E-07
 -9.30420981149E-07
 -1.11862220820E-06
 -1.30311298108E-06
 -1.48263688970E-06
 -1.65595690760E-06
 -1.82186442998E-06
 -1.97919143829E-06
 -2.12681902667E-06
 -2.26368683798E-06
 -2.38880329562E-06
 -2.50125435741E-06
 -2.60020988208E-06
 -2.68493249678E-06
 -2.75478441836E-06
 -2.80923359242E-06
 -2.84785755866E-06
 -2.87034845314E-06
 -2.87651641884E-06
 -2.86629210677E-06
 -2.83972553916E-06
 -2.79698951999E-06
 -2.73837645182E-06
 -2.66429810836E-06
 -2.57528085967E-06
 -2.47196248893E-06
 -2.35508832702E-06
 -2.22550283979E-06
 -2.08414553526E-06
 -1.93204141397E-06
 -1.77029312454E-06
 -1.60007243721E-06
 -1.42260989833E-06
 -1.23918528061E-06
 -1.05111598714E-06
 -8.59746819515E-07
 -6.66439234465E-07
 -4.72559264608E-07
 -2.79466291886E-07
 -8.85024533659E-08
  9.90189619188E-08
  2.81823957948E-07
  4.58688049321E-07
  6.28446287010E-07
  7.90002218309E-07
  9.42337010201E-07
  1.08451649794E-06
  1.21569905787E-06
  1.33514095069E-06
  1.44220189213E-06
  1.53634971412E-06
  1.61716309321E-06
  1.68433336967E-06
  1.73766693479E-06
  1.77708420779E-06
  1.80261974947E-06
  1.81441885161E-06
  1.81273662747E-06
  1.79793221378E-06
  1.77046524641E-06
  1.73088938027E-06
  1.67984671862E-06
  1.61806030974E-06
  1.54632550675E-06
  1.46550291902E-06
  1.37650897614E-06
  1.28030649194E-06
  1.17789579690E-06
  1.07030450636E-06
  9.58577516030E-07
  8.43768361847E-07
  7.26928305994E-07
  6.09097583038E-07
  4.91296020755E-07
  3.74514257828E-07
  2.59705387862E-07
  1.47777043935E-07
  3.95844494960E-08
 -6.40765023263E-08
 -1.62474677268E-07
 -2.54949071632E-07
 -3.40912862384E-07
 -4.19857030920E-07
 -4.91352750487E-07
 -5.55053134121E-07
 -6.10694314673E-07
 -6.58095075323E-07
 -6.97156337992E-07
 -7.27859401195E-07
 -7.50263382088E-07
 -7.64502487982E-07
 -7.70781639403E-07
 -7.69372604736E-07
 -7.60608429573E-07
 -7.44878491332E-07
 -7.22622075955E-07
 -6.94322466188E-07
 -6.60500234062E-07
 -6.21706533366E-07
 -5.78516278438E-07
 -5.31521209268E-07
 -4.81323127133E-07
 -4.28527187069E-07
 -3.73735247194E-07
 -3.17539843309E-07
 -2.60518021378E-07
 -2.03225795303E-07
 -1.46193343653E-07
 -8.99200927051E-08
 -3.48706947761E-08
  1.85285227161E-08
  6.98922875131E-08
  1.18879050603E-07
  1.65192616919E-07
  2.08582946470E-07
  2.48846873774E-07
  2.85828235747E-07
  3.19416699313E-07
  3.49546951384E-07
  3.76196510388E-07
  3.99383651484E-07
  4.19164933874E-07
  4.35631648088E-07
  4.48906888550E-07
  4.59141290321E-07
  4.66509419539E-07
  4.71205680697E-07
  4.73439939697E-07
  4.73433289017E-07
  4.71413812875E-07
  4.67612494504E-07
  4.62258981315E-07
  4.55577861658E-07
  4.47784998414E-07
  4.39084118398E-07
  4.29663856494E-07
  4.19695140863E-07
  4.09328720252E-07
  3.98693487114E-07
  3.87895028098E-07
  3.77014487185E-07
  3.66108196204E-07
  3.55207617986E-07
  3.44319573742E-07
  3.33427124133E-07
  3.22490791405E-07
  3.11450264689E-07
  3.00226162153E-07
  2.88722503683E-07
  2.76829211998E-07
  2.64425011665E-07
  2.51380498639E-07
  2.37560996652E-07
  2.22830536245E-07
  2.07054256407E-07
  1.90102682041E-07
  1.71854438236E-07
  1.52199447712E-07
  1.31042313001E-07
  1.08304803348E-07
  8.39287892518E-08
  5.78781218508E-08
  3.01410203463E-08
  7.31677551880E-10
 -3.03087048792E-08
 -6.29107788086E-08
 -9.69766560388E-08
 -1.32379909701E-07
 -1.68965883063E-07
 -2.06552542181E-07
 -2.44931669613E-07
 -2.83870463136E-07
 -3.23113681588E-07
 -3.62385804920E-07
 -4.01393918992E-07
 -4.39830699861E-07
 -4.77377682273E-07
 -5.13708585004E-07
 -5.48493517272E-07
 -5.81401934596E-07
 -6.12107442066E-07
 -6.40290977572E-07
 -6.65645131903E-07
 -6.87877900418E-07
 -7.06716434706E-07
 -7.21910339507E-07
 -7.33235253847E-07
 -7.40495863738E-07
 -7.43528914882E-07
 -7.42204861126E-07
 -7.36430934012E-07
 -7.26152165953E-07
 -7.11352754479E-07
 -6.92057028573E-07
 -6.68329732889E-07
 -6.40275686692E-07
 -6.08039556482E-07
 -5.71804605443E-07
 -5.31791329195E-07
 -4.88255523123E-07
 -4.41485752845E-07
 -3.91801165733E-07
 -3.39547966632E-07
 -2.85096149355E-07
 -2.28836057659E-07
 -1.71174278307E-07
 -1.12529711771E-07
 -5.33292663363E-08
  5.99632921094E-09
  6.50169198479E-08
  1.23307259514E-07
  1.80451181109E-07
  2.36045863744E-07
  2.89705667456E-07
  3.41066026976E-07
  3.89786919186E-07
  4.35555989498E-07
  4.78091521927E-07
  5.17144997048E-07
  5.52503024664E-07
  5.83989390179E-07
  6.11465793554E-07
  6.34833213553E-07
  6.54031964586E-07
  6.69041469337E-07
  6.79880372445E-07
  6.86604266775E-07
  6.89306034474E-07
  6.88112095304E-07
  6.83181781369E-07
  6.74703926506E-07
  6.62894080961E-07
  6.47991555525E-07
  6.30255897249E-07
  6.09963308307E-07
  5.87402837482E-07
  5.62872685350E-07
  5.36676168394E-07
  5.09118081027E-07
  4.80500546018E-07
  4.51119518630E-07
  4.21261006522E-07
  3.91197943372E-07
  3.61186778264E-07
  3.31464775627E-07
  3.02247343598E-07
  2.73725788702E-07
  2.46065440024E-07
  2.19404412860E-07
  1.93852187635E-07
  1.69489112523E-07
  1.46366247122E-07
  1.24505476151E-07
  1.03900163140E-07
  8.45161025609E-08
  6.62930119688E-08
  4.91463509888E-08
  3.29692930734E-08
  1.76353509573E-08
  3.00108204954E-09
 -1.10910516327E-08
 -2.48093954269E-08
 -3.83298335294E-08
 -5.18322558207E-08
 -6.54971827885E-08
 -7.95020795863E-08
 -9.40180342468E-08
 -1.09206133914E-07
 -1.25214398849E-07
 -1.42174485518E-07
 -1.60198894150E-07
 -1.79378304210E-07
 -1.99779179866E-07
 -2.21441823101E-07
 -2.44378668413E-07
 -2.68572961204E-07
 -2.93978018817E-07
 -3.20516562624E-07
 -3.48080931190E-07
 -3.76533222379E-07
 -4.05706401807E-07
 -4.35405240751E-07
 -4.65408220407E-07
 -4.95469521411E-07
 -5.25321411260E-07
 -5.54677001219E-07
 -5.83233429552E-07
 -6.10675215285E-07
 -6.36677611965E-07
 -6.60910757233E-07
 -6.83043253957E-07
 -7.02746604020E-07
 -7.19698846297E-07
 -7.33589047286E-07
 -7.44120995932E-07
 -7.51017523726E-07
 -7.54023972149E-07
 -7.52911887503E-07
 -7.47482545194E-07
 -7.37569848752E-07
 -7.23043058315E-07
 -7.03809575953E-07
 -6.79816423599E-07
 -6.51052289413E-07
 -6.17548437276E-07
 -5.79379616283E-07
 -5.36664174433E-07
 -4.89563831252E-07
 -4.38283194626E-07
 -3.83068368137E-07
 -3.24205473134E-07
 -2.62018517105E-07
 -1.96867034674E-07
 -1.29143074901E-07
 -5.92680926559E-08
  1.23107373184E-08
  8.51242702993E-08
  1.58685594442E-07
  2.32494258512E-07
  3.06040789155E-07
  3.78811449764E-07
  4.50292588994E-07
  5.19975571933E-07
  5.87361284943E-07
  6.51964683129E-07
  7.13319479928E-07
  7.70981785081E-07
  8.24534879484E-07
  8.73592341577E-07
  9.17801799005E-07
  9.56847884481E-07
  9.90455191641E-07
  1.01839054878E-06
  1.04046455363E-06
  1.05653361970E-06
  1.06650099951E-06
  1.07031632979E-06
  1.06797790522E-06
  1.05952938156E-06
  1.04506239040E-06
  1.02471221908E-06
  9.98658606477E-07
  9.67122105067E-07
  9.30362887175E-07
  8.88677107014E-07
  8.42394683787E-07
  7.91875550021E-07
  7.37506468340E-07
  6.79696938732E-07
  6.18876015324E-07
  5.55487758902E-07
  4.89987769470E-07
  4.22838695613E-07
  3.54506852318E-07
  2.85457787186E-07
  2.16152756138E-07
  1.47045042809E-07
  7.85764342481E-08
  1.11740057207E-08
 -5.47529701578E-08
 -1.18815762562E-07
 -1.80648598302E-07
 -2.39911031485E-07
 -2.96289613289E-07
 -3.49499515551E-07
 -3.99285767116E-07
 -4.45424092277E-07
 -4.87721649733E-07
 -5.26017004177E-07
 -5.60180353659E-07
 -5.90112733789E-07
 -6.15745989307E-07
 -6.37041580376E-07
 -6.53989388866E-07
 -6.66606354116E-07
 -6.74935279221E-07
 -6.79043068885E-07
 -6.79018796745E-07
 -6.74971772696E-07
 -6.67030178647E-07
 -6.55338283195E-07
 -6.40055134227E-07
 -6.21352342023E-07
 -5.99412203428E-07
 -5.74425826017E-07
 -5.46591593320E-07
 -5.16113345839E-07
 -4.83199016799E-07
 -4.48059068958E-07
 -4.10905670378E-07
 -3.71951358602E-07
 -3.31408386955E-07
 -2.89487701366E-07
 -2.46398798254E-07
 -2.02348999778E-07
 -1.57543396995E-07
 -1.12184665113E-07
 -6.64731558686E-08
 -2.06069294961E-08
  2.52179859217E-08
  7.08073315536E-08
  1.15968312286E-07
  1.60509245006E-07
  2.04239142931E-07
  2.46967545081E-07
  2.88503997581E-07
  3.28658160242E-07
  3.67239408661E-07
  4.04056720527E-07
  4.38919215640E-07
  4.71635871691E-07
  5.02016177961E-07
  5.29870703758E-07
  5.55011581582E-07
  5.77253501888E-07
  5.96414793108E-07
  6.12318501680E-07
  6.24793983661E-07
  6.33678041595E-07
  6.38816857190E-07
  6.40067810309E-07
  6.37300956896E-07
  6.30401473245E-07
  6.19271361302E-07
  6.03831324497E-07
  5.84023609917E-07
  5.59812633583E-07
  5.31188277364E-07
  4.98166912166E-07
  4.60793387447E-07
  4.19142480723E-07
  3.73320375502E-07
  3.23465712881E-07
  2.69750501047E-07
  2.12380683706E-07
  1.51596523779E-07
  8.76724541854E-08
  2.09168273813E-08
 -4.83288253861E-08
 -1.19691009104E-07
 -1.92765526208E-07
 -2.67119503405E-07
 -3.42293560607E-07
 -4.17804358221E-07
 -4.93147638281E-07
 -5.67801237139E-07
 -6.41229235043E-07
 -7.12885253051E-07
 -7.82216943662E-07
 -8.48670595133E-07
 -9.11694939987E-07
 -9.70746896201E-07
 -1.02529577362E-06
 -1.07482810563E-06
 -1.11885299248E-06
 -1.15690693292E-06
 -1.18855848541E-06
 -1.21341224713E-06
 -1.23111476569E-06
 -1.24135749502E-06
 -1.24388157019E-06
 -1.23848030853E-06
 -1.22500398447E-06
 -1.20336108012E-06
 -1.17352124107E-06
 -1.13551720915E-06
 -1.08944584554E-06
 -1.03546892660E-06
 -9.73813484961E-07
 -9.04770729449E-07
 -8.28695704058E-07
 -7.46005412111E-07
 -6.57176201457E-07
 -5.62741433896E-07
 -4.63287847197E-07
 -3.59451803433E-07
 -2.51914457294E-07
 -1.41397066500E-07
 -2.86556591789E-08
  8.55249808751E-08
  2.00337325396E-07
  3.14957503633E-07
  4.28552084486E-07
  5.40285043371E-07
  6.49324249480E-07
  7.54849224904E-07
  8.56057567944E-07
  9.52172229063E-07
  1.04244793420E-06
  1.12617829018E-06
  1.20270169646E-06
  1.27140719997E-06
  1.33174069106E-06
  1.38320922360E-06
  1.42538578984E-06
  1.45791409523E-06
  1.48051117321E-06
  1.49297022745E-06
  1.49516358761E-06
  1.48704316416E-06
  1.46864226735E-06
  1.44007435665E-06
  1.40153395023E-06
  1.35329366913E-06
  1.29570366880E-06
  1.22918731904E-06
  1.15423949865E-06
  1.07142079742E-06
  9.81353991847E-07
  8.84718986072E-07
  7.82245763276E-07
  6.74709838222E-07
  5.62924356018E-07
  4.47734294085E-07
  3.30008532501E-07
  2.10632620679E-07
  9.05015156150E-08
 -2.94882163132E-08
 -1.48445849391E-07
 -2.65494122687E-07
 -3.79776423642E-07
 -4.90464117320E-07
 -5.96763243266E-07
 -6.97921109349E-07
 -7.93232459273E-07
 -8.82044957962E-07
 -9.63764705375E-07
 -1.03786032923E-06
 -1.10386747565E-06
 -1.16139233342E-06
 -1.21011305509E-06
 -1.24978384974E-06
 -1.28023532397E-06
 -1.30137470933E-06
 -1.31318631702E-06
 -1.31573153794E-06
 -1.30914622787E-06
 -1.29363922952E-06
 -1.26949021251E-06
 -1.23704558064E-06
 -1.19671460652E-06
 -1.14896602099E-06
 -1.09432210138E-06
 -1.03335401036E-06
 -9.66675770542E-07
 -8.94938523288E-07
 -8.18824048565E-07
 -7.39038739539E-07
 -6.56306440305E-07
 -5.71362079427E-07
 -4.84945189783E-07
 -3.97792831563E-07
 -3.10633510026E-07
 -2.24180467967E-07
 -1.39125845067E-07
 -5.61347519579E-08
  2.41602933215E-08
  1.01164438604E-07
  1.74325094804E-07
  2.43136383915E-07
  3.07142670408E-07
  3.65941957625E-07
  4.19188438627E-07
  4.66594713089E-07
  5.07933350491E-07
  5.43037629086E-07
  5.71802331706E-07
  5.94183291014E-07
  6.10196650541E-07
  6.19917557287E-07
  6.23478740636E-07
  6.21067670181E-07
  6.12923940935E-07
  5.99336487994E-07
  5.80639266445E-07
  5.57207954444E-07
  5.29454950993E-07
  4.97825794810E-07
  4.62793394718E-07
  4.24853681125E-07
  3.84520376429E-07
  3.42319935953E-07
  2.98786119401E-07
  2.54455017057E-07
  2.09860203881E-07
  1.65527225704E-07
  1.21969279121E-07
  7.96822305915E-08
  3.91406480560E-08
  7.93291043966E-10
 -3.49404416511E-08
 -6.76740299355E-08
 -9.70568265757E-08
 -1.22776981470E-07
 -1.44563529147E-07
 -1.62188470654E-07
 -1.75468088059E-07
 -1.84264067116E-07
 -1.88484136743E-07
 -1.88082225350E-07
 -1.83058219250E-07
 -1.73457351593E-07
 -1.59369093922E-07
 -1.40925862979E-07
 -1.18301159091E-07
 -9.17074203244E-08
 -6.13936563809E-08
 -2.76427734036E-08
  9.23150000887E-09
  4.88877027749E-08
  9.09600714749E-08
  1.35062094841E-07
  1.80790095783E-07
  2.27727042557E-07
  2.75446353726E-07
  3.23515763512E-07
  3.71501016616E-07
  4.18969875682E-07
  4.65495418212E-07
  5.10660129294E-07
  5.54058942726E-07
  5.95302765305E-07
  6.34021660062E-07
  6.69867461056E-07
  7.02516615547E-07
  7.31672741949E-07
  7.57068562507E-07
  7.78468120188E-07
  7.95667858711E-07
  8.08498555216E-07
  8.16825831862E-07
  8.20551292691E-07
  8.19612523628E-07
  8.13983547232E-07
  8.03674424787E-07
  7.88731028933E-07
  7.69233849951E-07
  7.45297541016E-07
  7.17069156053E-07
  6.84726842337E-07
  6.48478192034E-07
  6.08558082149E-07
  5.65226741855E-07
  5.18767080848E-07
  4.69482756671E-07
  4.17694934640E-07
  3.63740241482E-07
  3.07967638946E-07
  2.50735439522E-07
  1.92408862176E-07
  1.33356778065E-07
  7.39489749435E-08
  1.45532963458E-08
 -4.44671535149E-08
 -1.02756736453E-07
 -1.59969900437E-07
 -2.15773738432E-07
 -2.69850232826E-07
 -3.21898681932E-07
 -3.71637611352E-07
 -4.18806763491E-07
 -4.63168618126E-07
 -5.04510126120E-07
 -5.42643817880E-07
 -5.77408911795E-07
 -6.08672110047E-07
 -6.36328195469E-07
 -6.60300372601E-07
 -6.80540551912E-07
 -6.97029122421E-07
 -7.09774269581E-07
 -7.18812202649E-07
 -7.24205449387E-07
 -7.26042571841E-07
 -7.24436574728E-07
 -7.19523541193E-07
 -7.11461154879E-07
 -7.00426937783E-07
 -6.86616260737E-07
 -6.70240297040E-07
 -6.51524089790E-07
 -6.30704164450E-07
 -6.08026084592E-07
 -5.83742348681E-07
 -5.58109888971E-07
 -5.31387570391E-07
 -5.03833689436E-07
 -4.75704098335E-07
 -4.47249192348E-07
 -4.18712289729E-07
 -3.90326988509E-07
 -3.62315489610E-07
 -3.34886351538E-07
 -3.08233097712E-07
 -2.82532283791E-07
 -2.57942332382E-07
 -2.34602254068E-07
 -2.12630496321E-07
 -1.92124332443E-07
 -1.73159278916E-07
 -1.55788654865E-07
 -1.40043553642E-07
 -1.25932956507E-07
 -1.13444180272E-07
 -1.02543296521E-07
 -9.31761974243E-08
 -8.52693986531E-08
 -7.87315315165E-08
 -7.34546148351E-08
 -6.93157033993E-08
 -6.61788064349E-08
 -6.38966852762E-08
 -6.23130560484E-08
 -6.12646289255E-08
 -6.05834955536E-08
 -6.00993530497E-08
 -5.96418914256E-08
 -5.90431312730E-08
 -5.81398751365E-08
 -5.67757787451E-08
 -5.48037810688E-08
 -5.20881862087E-08
 -4.85066280476E-08
 -4.39519567408E-08
 -3.83339759935E-08
 -3.15809067786E-08
 -2.36407302623E-08
 -1.44822411841E-08
 -4.09589073769E-09
  7.50561479634E-09
  2.02870165111E-08
  3.41904247136E-08
  4.91355898191E-08
  6.50203588748E-08
  8.17215237703E-08
  9.90958213265E-08
  1.16981311749E-07
  1.35198945372E-07
  1.53554296389E-07
  1.71839843688E-07
  1.89836967479E-07
  2.07318578305E-07
  2.24051717623E-07
  2.39800158397E-07
  2.54327432003E-07
  2.67399741460E-07
  2.78788718333E-07
  2.88274776494E-07
  2.95649897453E-07
  3.00720415680E-07
  3.03310258687E-07
  3.03263192336E-07
  3.00445805124E-07
  2.94749554541E-07
  2.86093182922E-07
  2.74424678537E-07
  2.59722611418E-07
  2.41997867079E-07
  2.21294484959E-07
  1.97690525283E-07
  1.71298339069E-07
  1.42264553915E-07
  1.10769867945E-07
  7.70282539975E-08
  4.12858085497E-08
  3.81933418225E-09
 -3.50654580927E-08
 -7.50361976998E-08
 -1.15736320083E-07
 -1.56787876904E-07
 -1.97794804535E-07
 -2.38346103743E-07
 -2.78019712141E-07
 -3.16386120858E-07
 -3.53012524101E-07
 -3.87467053997E-07
 -4.19322816470E-07
 -4.48162268185E-07
 -4.73581707183E-07
 -4.95195308758E-07
 -5.12639530825E-07
 -5.25577036115E-07
 -5.33700756478E-07
 -5.36737616130E-07
 -5.34451942258E-07
 -5.26648932464E-07
 -5.13177212724E-07
 -4.93931509027E-07
 -4.68854835844E-07
 -4.37940315123E-07
 -4.01232426839E-07
 -3.58827747959E-07
 -3.10875691412E-07
 -2.57578022911E-07
 -1.99188605166E-07
 -1.36012246799E-07
 -6.84030609932E-08
  3.23743565289E-09
  7.84628397810E-08
  1.56784835781E-07
  2.37676488268E-07
  3.20576134527E-07
  4.04891409289E-07
  4.90003742470E-07
  5.75273304548E-07
  6.60043667722E-07
  7.43647660784E-07
  8.25412428185E-07
  9.04664943846E-07
  9.80737809186E-07
  1.05297476694E-06
  1.12073712444E-06
  1.18340790323E-06
  1.24039877392E-06
  1.29115392156E-06
  1.33515652578E-06
  1.37193251248E-06
  1.40105521496E-06
  1.42214980769E-06
  1.43489717175E-06
  1.43903594108E-06
  1.43436716371E-06
  1.42075464282E-06
  1.39812891575E-06
  1.36648611715E-06
  1.32589104851E-06
  1.27647581394E-06
  1.21843959278E-06
  1.15204818485E-06
  1.07763253254E-06
  9.95586106001E-07
  9.06362629394E-07
  8.10473068213E-07
  7.08482048140E-07
  6.01003705469E-07
  4.88697310175E-07
  3.72262633164E-07
  2.52434347203E-07
  1.29976939434E-07
  5.67894309356E-09
 -1.19653208230E-07
 -2.45201022153E-07
 -3.70140213590E-07
 -4.93647121402E-07
 -6.14904706708E-07
 -7.33108663553E-07
 -8.47474098009E-07
 -9.57240786192E-07
 -1.06167931335E-06
 -1.16009641715E-06
 -1.25184055833E-06
 -1.33630612709E-06
 -1.41293867273E-06
 -1.48123876897E-06
 -1.54076519721E-06
 -1.59113938025E-06
 -1.63204651926E-06
 -1.66323900430E-06
 -1.68453811966E-06
 -1.69583415754E-06
 -1.69708835074E-06
 -1.68833173575E-06
 -1.66966594861E-06
 -1.64126117852E-06
 -1.60335525834E-06
 -1.55625127718E-06
 -1.50031610247E-06
 -1.43597549140E-06
 -1.36371249937E-06
 -1.28406315980E-06
 -1.19761193673E-06
 -1.10498729100E-06
 -1.00685747384E-06
 -9.03925069906E-07
 -7.96921483470E-07
 -6.86601595135E-07
 -5.73738475396E-07
 -4.59117359242E-07
 -3.43530132341E-07
 -2.27769433536E-07
 -1.12623013138E-07
  1.13187692552E-09
  1.12733957280E-07
  2.21443286819E-07
  3.26546313545E-07
  4.27360845379E-07
  5.23240714756E-07
  6.13579857145E-07
  6.97816687989E-07
  7.75437229095E-07
  8.45979002406E-07
  9.09033190055E-07
  9.64247419688E-07
  1.01132820873E-06
  1.05004164652E-06
  1.08021504275E-06
  1.10173789380E-06
  1.11456131435E-06
  1.11869883312E-06
  1.11422480131E-06
  1.10127416519E-06
  1.08003996502E-06
  1.05077299395E-06
  1.01377793271E-06
  9.69411644292E-07
  9.18079820167E-07
  8.60234251832E-07
  7.96368624378E-07
  7.27015105895E-07
  6.52740027363E-07
  5.74139676246E-07
  4.91836090077E-07
  4.06472281611E-07
  3.18707634506E-07
  2.29212957947E-07
  1.38666109706E-07
  4.77469583871E-08
 -4.28674020725E-08
 -1.32507310013E-07
 -2.20515019578E-07
 -3.06249432924E-07
 -3.89090104136E-07
 -4.68441726298E-07
 -5.43737826320E-07
 -6.14444616076E-07
 -6.80064431435E-07
 -7.40138659694E-07
 -7.94251150182E-07
 -8.42030374315E-07
 -8.83151528797E-07
 -9.17339036732E-07
 -9.44367400280E-07
 -9.64062905950E-07
 -9.76304249889E-07
 -9.81022708402E-07
 -9.78202592705E-07
 -9.67880964708E-07
 -9.50146613832E-07
 -9.25139545416E-07
 -8.93049048045E-07
 -8.54112329307E-07
 -8.08612526271E-07
 -7.56876261221E-07
 -6.99271026861E-07
 -6.36202173609E-07
 -5.68110067434E-07
 -4.95466565553E-07
 -4.18771236355E-07
 -3.38548062473E-07
 -2.55341205957E-07
 -1.69711313447E-07
 -8.22310681770E-08
  6.51862919199E-09
  9.59528065891E-08
  1.85486968007E-07
  2.74540667533E-07
  3.62542010635E-07
  4.48931302799E-07
  5.33165007255E-07
  6.14719567693E-07
  6.93094705184E-07
  7.67816629832E-07
  8.38441394535E-07
  9.04557509784E-07
  9.65788558460E-07
  1.02179546957E-06
  1.07227856461E-06
  1.11697852390E-06
  1.15567911507E-06
  1.18820662465E-06
  1.21443156331E-06
  1.23426843857E-06
  1.24767564103E-06
  1.25465533074E-06
  1.25525355088E-06
  1.24955658976E-06
  1.23769268612E-06
  1.21982861856E-06
  1.19616765915E-06
  1.16694866392E-06
  1.13244266231E-06
  1.09294967388E-06
  1.04879745777E-06
  1.00033707895E-06
  9.47940520746E-07
  8.91996990049E-07
  8.32909563542E-07
  7.71092402374E-07
  7.06966602593E-07
  6.40956898224E-07
  5.73488762257E-07
  5.04984541294E-07
  4.35860442849E-07
  3.66523636330E-07
  2.97369126656E-07
  2.28776954714E-07
  1.61109724672E-07
  9.47101668203E-08
  2.98993327874E-08
 -3.30257776682E-08
 -9.37932966849E-08
 -1.52158150968E-07
 -2.07902957072E-07
 -2.60838731947E-07
 -3.10805489789E-07
 -3.57672263362E-07
 -4.01337047151E-07
 -4.41726484723E-07
 -4.78795072922E-07
 -5.12524422902E-07
 -5.42921895885E-07
 -5.70019551560E-07
 -5.93872186982E-07
 -6.14555801803E-07
 -6.32165949810E-07
 -6.46815067284E-07
 -6.58630767703E-07
 -6.67753681682E-07
 -6.74335126405E-07
 -6.78534206600E-07
 -6.80516393459E-07
 -6.80450852997E-07
 -6.78507888097E-07
 -6.74857346894E-07
 -6.69666292197E-07
 -6.63097068809E-07
 -6.55305541386E-07
 -6.46439502816E-07
 -6.36637196294E-07
 -6.26026348982E-07
 -6.14722523551E-07
 -6.02828890806E-07
 -5.90435433878E-07
 -5.77618266107E-07
 -5.64440142625E-07
 -5.50949891931E-07
 -5.37182984317E-07
 -5.23161986621E-07
 -5.08897471718E-07
 -4.94388416428E-07
 -4.79623622596E-07
 -4.64583024495E-07
 -4.49238740430E-07
 -4.33556579083E-07
 -4.17497830085E-07
 -4.01020599838E-07
 -3.84081715765E-07
 -3.66638175819E-07
 -3.48649024318E-07
 -3.30077057242E-07
 -3.10890129640E-07
 -2.91062889346E-07
 -2.70578340178E-07
 -2.49428694588E-07
 -2.27617107385E-07
 -2.05158201538E-07
 -1.82079091360E-07
 -1.58420135676E-07
 -1.34235079940E-07
 -1.09591574926E-07
 -8.45709919872E-08
 -5.92683271350E-08
 -3.37917569482E-08
 -8.26191914882E-09
  1.71888334677E-08
  4.24175752300E-08
  6.72719906447E-08
  9.15918718647E-08
  1.15210646356E-07
  1.37957187007E-07
  1.59657560062E-07
  1.80137178063E-07
  1.99222725428E-07
  2.16744240333E-07
  2.32537374245E-07
  2.46445466701E-07
  2.58321591673E-07
  2.68030817097E-07
  2.75451981224E-07
  2.80479810044E-07
  2.83026480474E-07
  2.83023382508E-07
  2.80422511878E-07
  2.75197720612E-07
  2.67345768634E-07
  2.56887091155E-07
  2.43866480787E-07
  2.28353329135E-07
  2.10441612580E-07
  1.90249835441E-07
  1.67920518379E-07
  1.43619303117E-07
  1.17534142419E-07
  8.98739642707E-08
  6.08670731594E-08
  3.07595158233E-08
 -1.86949372649E-10
 -3.16969988035E-08
 -6.34841228475E-08
 -9.52530925247E-08
 -1.26702673242E-07
 -1.57528248224E-07
 -1.87424845421E-07
 -2.16089858895E-07
 -2.43226025987E-07
 -2.68544283699E-07
 -2.91766667715E-07
 -3.12629083510E-07
 -3.30884034838E-07
 -3.46303181686E-07
 -3.58679642432E-07
 -3.67830438108E-07
 -3.73598254555E-07
 -3.75853574042E-07
 -3.74495925826E-07
 -3.69455420923E-07
 -3.60693519497E-07
 -3.48204054035E-07
 -3.32013456728E-07
 -3.12180873152E-07
 -2.88798162273E-07
 -2.61989157480E-07
 -2.31909112358E-07
 -1.98743464352E-07
 -1.62706498941E-07
 -1.24039686966E-07
 -8.30097945936E-08
 -3.99067339174E-08
  4.95882312990E-09
  5.12580164980E-08
  9.86465522601E-08
  1.46767590081E-07
  1.95254699520E-07
  2.43735058802E-07
  2.91832606081E-07
  3.39171180030E-07
  3.85377802559E-07
  4.30085776770E-07
  4.72937756513E-07
  5.13589156981E-07
  5.51710400032E-07
  5.86990438478E-07
  6.19138631919E-07
  6.47888043659E-07
  6.72996748108E-07
  6.94250218203E-07
  7.11463542302E-07
  7.24482049463E-07
  7.33183071588E-07
  7.37476796075E-07
  7.37306891097E-07
  7.32650619284E-07
  7.23519519852E-07
  7.09958499101E-07
  6.92045830419E-07
  6.69892187943E-07
  6.43639793907E-07
  6.13460770182E-07
  5.79556171942E-07
  5.42153600236E-07
  5.01505951434E-07
  4.57888717165E-07
  4.11597909533E-07
  3.62947986332E-07
  3.12268667813E-07
  2.59902861899E-07
  2.06203637276E-07
  1.51531679649E-07
  9.62523856174E-08
  4.07331519625E-08
 -1.46592835648E-08
 -6.95616648727E-08
 -1.23616729297E-07
 -1.76475751346E-07
 -2.27801052688E-07
 -2.77268185300E-07
 -3.24568077303E-07
 -3.69409150380E-07
 -4.11519096133E-07
 -4.50646496120E-07
 -4.86562271362E-07
 -5.19061131854E-07
 -5.47962315522E-07
 -5.73110980895E-07
 -5.94378320784E-07
 -6.11662358097E-07
 -6.24888230050E-07
 -6.34008245015E-07
 -6.39001655145E-07
 -6.39874542685E-07
 -6.36659081010E-07
 -6.29413364095E-07
 -6.18220212800E-07
 -6.03186265380E-07
 -5.84441181672E-07
 -5.62136278859E-07
 -5.36443167221E-07
 -5.07552670115E-07
 -4.75672720768E-07
 -4.41027452780E-07
 -4.03855324294E-07
 -3.64407469533E-07
 -3.22945822973E-07
 -2.79741811937E-07
 -2.35074182342E-07
 -1.89227563396E-07
 -1.42490520716E-07
 -9.51540712890E-08
 -4.75097401420E-08
  1.51925722003E-10
  4.75430042002E-08
  9.43798283970E-08
  1.40384500469E-07
  1.85286253895E-07
  2.28823040516E-07
  2.70742674502E-07
  3.10804182391E-07
  3.48779082060E-07
  3.84452249591E-07
  4.17623283511E-07
  4.48107130069E-07
  4.75735220107E-07
  5.00356122757E-07
  5.21836227563E-07
  5.40060341336E-07
  5.54932398700E-07
  5.66375604194E-07
  5.74333171244E-07
  5.78767924253E-07
  5.79663094413E-07
  5.77022149173E-07
  5.70868508021E-07
  5.61245883546E-07
  5.48217656160E-07
  5.31866646725E-07
  5.12294604960E-07
  4.89621982069E-07
  4.63987078092E-07
  4.35545217670E-07
  4.04468238457E-07
  3.70943183725E-07
  3.35171677079E-07
  2.97368586644E-07
  2.57760859768E-07
  2.16586457213E-07
  1.74092690486E-07
  1.30535113385E-07
  8.61757882831E-08
  4.12819431972E-08
 -3.87577037131E-09
 -4.90248197593E-08
 -9.38925595051E-08
 -1.38207823852E-07
 -1.81702716873E-07
 -2.24114359071E-07
 -2.65186457682E-07
 -3.04671232243E-07
 -3.42330793046E-07
 -3.77939045393E-07
 -4.11282968571E-07
 -4.42164321157E-07
 -4.70401090524E-07
 -4.95828487601E-07
 -5.18300566910E-07
 -5.37690937108E-07
 -5.53894039967E-07
 -5.66825747228E-07
 -5.76424383780E-07
 -5.82650500291E-07
 -5.85488123761E-07
 -5.84944643833E-07
 -5.81050130677E-07
 -5.73858585540E-07
 -5.63445951229E-07
 -5.49911021608E-07
 -5.33373736289E-07
 -5.13975066951E-07
 -4.91875425723E-07
 -4.67253499892E-07
 -4.40305200300E-07
 -4.11241984466E-07
 -3.80289122859E-07
 -3.47684107282E-07
 -3.13674632935E-07
 -2.78516750996E-07
 -2.42472765422E-07
 -2.05809072895E-07
 -1.68794244360E-07
 -1.31696538119E-07
 -9.47820240071E-08
 -5.83123238584E-08
 -2.25424283684E-08
  1.22812338077E-08
  4.59228282068E-08
  7.81590188126E-08
  1.08780767505E-07
  1.37594895477E-07
  1.64425671301E-07
  1.89116136085E-07
  2.11529240346E-07
  2.31548909824E-07
  2.49080841286E-07
  2.64052971488E-07
  2.76416102452E-07
  2.86143887251E-07
  2.93232858439E-07
  2.97702342777E-07
  2.99593693853E-07
  2.98969979440E-07
  2.95914929893E-07
  2.90531971814E-07
  2.82943005914E-07
  2.73287014352E-07
  2.61718440697E-07
  2.48405683578E-07
  2.33529263483E-07
  2.17279804815E-07
  1.99856259542E-07
  1.81463633453E-07
  1.62311152963E-07
  1.42610048215E-07
  1.22571407246E-07
  1.02404314362E-07
  8.23135550831E-08
  6.24979747954E-08
  4.31482156671E-08
  2.44454003706E-08
  6.55913323655E-09
 -1.03538262408E-08
 -2.61509622845E-08
 -4.07051885531E-08
 -5.39058326865E-08
 -6.56595062765E-08
 -7.58906111287E-08
 -8.45419023676E-08
 -9.15746767305E-08
 -9.69686411167E-08
 -1.00721976537E-07
 -1.02850776784E-07
 -1.03388508421E-07
 -1.02385300238E-07
 -9.99069555974E-08
 -9.60339008316E-08
 -9.08599275817E-08
 -8.44908214503E-08
 -7.70428343344E-08
 -6.86411709694E-08
 -5.94182303360E-08
 -4.95119536481E-08
 -3.90640053638E-08
 -2.82180128153E-08
 -1.71177685360E-08
 -5.90546944679E-09
  5.27999866051E-09
  1.63047264579E-08
  2.70413433867E-08
  3.73705049128E-08
  4.71822509951E-08
  5.63772424300E-08
  6.48678195603E-08
  7.25789846001E-08
  7.94491157308E-08
  8.54305497455E-08
  9.04900474552E-08
  9.46089713239E-08
  9.77833138904E-08
