  6.68616451094E-08
  6.54359766372E-08
  6.38917185825E-08
  6.22296596475E-08
  6.04502616852E-08
  5.85537129894E-08
  5.65399602692E-08
  5.44087335186E-08
  5.21595708847E-08
  4.97919216969E-08
  4.73051393612E-08
  4.46985559677E-08
  4.19715462385E-08
  3.91235666086E-08
  3.61542333849E-08
  3.30633405099E-08
  2.98509696961E-08
  2.65174850966E-08
  2.30636167942E-08
  1.94905158679E-08
  1.57997863681E-08
  1.19935146259E-08
  8.07431366212E-09
  4.04537647825E-09
 -8.95325411032E-11
 -4.32606128697E-09
 -8.65919780324E-09
 -1.30833273104E-08
 -1.75922014733E-08
 -2.21789271393E-08
 -2.68360071942E-08
 -3.15553094765E-08
 -3.63281245086E-08
 -4.11451708260E-08
 -4.59966038591E-08
 -5.08720994219E-08
 -5.57607968688E-08
 -6.06514376500E-08
 -6.55323333376E-08
 -7.03914082578E-08
 -7.52163202833E-08
 -7.99943791208E-08
 -8.47127168413E-08
 -8.93582239314E-08
 -9.39176629799E-08
 -9.83777042052E-08
 -1.02724968087E-07
 -1.06946018263E-07
 -1.11027482319E-07
 -1.14956058894E-07
 -1.18718546105E-07
 -1.22301912597E-07
 -1.25693276232E-07
 -1.28880003558E-07
 -1.31849745344E-07
 -1.34590408152E-07
 -1.37090282237E-07
 -1.39337998917E-07
 -1.41322587410E-07
 -1.43033517475E-07
 -1.44460756246E-07
 -1.45594739820E-07
 -1.46426458514E-07
 -1.46947471080E-07
 -1.47149961549E-07
 -1.47026739228E-07
 -1.46571323967E-07
 -1.45777946159E-07
 -1.44641532529E-07
 -1.43157905086E-07
 -1.41323681646E-07
 -1.39136290045E-07
 -1.36594124456E-07
 -1.33696531179E-07
 -1.30443808644E-07
 -1.26837306880E-07
 -1.22879356468E-07
 -1.18573424857E-07
 -1.13924052414E-07
 -1.08936923482E-07
 -1.03618830849E-07
 -9.79777610155E-08
 -9.20228515611E-08
 -8.57644195662E-08
 -7.92139118744E-08
 -7.23839761463E-08
 -6.52883898056E-08
 -5.79420174063E-08
 -5.03608355018E-08
 -4.25618473798E-08
 -3.45630475351E-08
 -2.63833968006E-08
 -1.80427033314E-08
 -9.56159773580E-09
 -9.61430712820E-10
  7.73579866831E-09
  1.65075420000E-08
  2.53307934628E-08
  3.41821930760E-08
  4.30381454919E-08
  5.18749061484E-08
  6.06687180493E-08
  6.93958952525E-08
  7.80329827421E-08
  8.65568239306E-08
  9.49446885556E-08
  1.03174436106E-07
  1.11224530031E-07
  1.19074194060E-07
  1.26703483261E-07
  1.34093454562E-07
  1.41226109918E-07
  1.48084609464E-07
  1.54653193363E-07
  1.60917394965E-07
  1.66863969753E-07
  1.72480966398E-07
  1.77757740971E-07
  1.82685027994E-07
  1.87254812545E-07
  1.91460472365E-07
  1.95296664174E-07
  1.98759323666E-07
  2.01845594461E-07
  2.04553813887E-07
  2.06883498777E-07
  2.08835146509E-07
  2.10410348700E-07
  2.11611521195E-07
  2.12441989333E-07
  2.12905817421E-07
  2.13007751881E-07
  2.12753121787E-07
  2.12147796219E-07
  2.11198027955E-07
  2.09910481885E-07
  2.08292092907E-07
  2.06349938026E-07
  2.04091335831E-07
  2.01523633336E-07
  1.98654277028E-07
  1.95490699184E-07
  1.92040303659E-07
  1.88310480098E-07
  1.84308532880E-07
  1.80041737963E-07
  1.75517328671E-07
  1.70742438854E-07
  1.65724316048E-07
  1.60470150945E-07
  1.54987148449E-07
  1.49282740836E-07
  1.43364388805E-07
  1.37239894116E-07
  1.30917214847E-07
  1.24404635926E-07
  1.17710868608E-07
  1.10845022050E-07
  1.03816702790E-07
  9.66360502730E-08
  8.93137936941E-08
  8.18612662101E-08
  7.42904262552E-08
  6.66139641226E-08
  5.88452095940E-08
  5.09981745722E-08
  4.30875815027E-08
  3.51287745559E-08
  2.71377658123E-08
  1.91311091413E-08
  1.11259295110E-08
  3.13979686695E-09
 -4.80932182967E-09
 -1.27031620778E-08
 -2.05232559836E-08
 -2.82510121963E-08
 -3.58678740042E-08
 -4.33553992707E-08
 -5.06953909962E-08
 -5.78700607434E-08
 -6.48620925858E-08
 -7.16548171908E-08
 -7.82323184012E-08
 -8.45795753435E-08
 -9.06825690095E-08
 -9.65283959431E-08
 -1.02105339295E-07
 -1.07403032246E-07
 -1.12412479325E-07
 -1.17126162991E-07
 -1.21538050735E-07
 -1.25643708770E-07
 -1.29440252294E-07
 -1.32926430751E-07
 -1.36102556780E-07
 -1.38970520425E-07
 -1.41533703868E-07
 -1.43797009855E-07
 -1.45766705373E-07
 -1.47450407439E-07
 -1.48856912574E-07
 -1.49996154164E-07
 -1.50878989302E-07
 -1.51517198788E-07
 -1.51923146063E-07
 -1.52109905116E-07
 -1.52090791516E-07
 -1.51879447685E-07
 -1.51489601308E-07
 -1.50934937437E-07
 -1.50228814277E-07
 -1.49384362658E-07
 -1.48414088130E-07
 -1.47329970446E-07
 -1.46143136703E-07
 -1.44863946616E-07
 -1.43501765137E-07
 -1.42064919828E-07
 -1.40560743489E-07
 -1.38995332577E-07
 -1.37373703524E-07
 -1.35699721682E-07
 -1.33976044481E-07
 -1.32204277747E-07
 -1.30384961494E-07
 -1.28517555709E-07
 -1.26600696149E-07
 -1.24632094867E-07
 -1.22608796005E-07
 -1.20527204217E-07
 -1.18383262304E-07
 -1.16172529374E-07
 -1.13890386899E-07
 -1.11532131086E-07
 -1.09093178935E-07
 -1.06569146396E-07
 -1.03956026010E-07
 -1.01250293483E-07
 -9.84490995393E-08
 -9.55503338673E-08
 -9.25527388063E-08
 -8.94560301390E-08
 -8.62609468300E-08
 -8.29693789228E-08
 -7.95843249080E-08
 -7.61099840929E-08
 -7.25517566025E-08
 -6.89162575895E-08
 -6.52112319699E-08
 -6.14455828440E-08
 -5.76292435994E-08
 -5.37731601469E-08
 -4.98891559175E-08
 -4.59898288341E-08
 -4.20884340713E-08
 -3.81987561582E-08
 -3.43349420007E-08
 -3.05113552201E-08
 -2.67424411504E-08
 -2.30425225567E-08
 -1.94256681851E-08
 -1.59055169036E-08
 -1.24951196057E-08
 -9.20679354977E-09
 -6.05196426307E-09
 -3.04103542348E-09
 -1.83281168020E-10
  2.51329090872E-09
  5.04201036478E-09
  7.39762429092E-09
  9.57636903109E-09
  1.15759837271E-08
  1.33957716031E-08
  1.50365622176E-08
  1.65006905917E-08
  1.77919829980E-08
  1.89156832420E-08
  1.98783922656E-08
  2.06879349207E-08
  2.13532853621E-08
  2.18844427025E-08
  2.22922711401E-08
  2.25883578509E-08
  2.27848797607E-08
  2.28944134761E-08
  2.29297771881E-08
  2.29038814581E-08
  2.28295338189E-08
  2.27192931135E-08
  2.25853113989E-08
  2.24391776271E-08
  2.22917808657E-08
  2.21531859523E-08
  2.20325162559E-08
  2.19378506472E-08
  2.18761577742E-08
  2.18532125729E-08
  2.18735642932E-08
  2.19405151825E-08
  2.20560956166E-08
  2.22210960743E-08
  2.24350884537E-08
  2.26964864680E-08
  2.30025989367E-08
  2.33497381430E-08
  2.37332997699E-08
  2.41478872454E-08
  2.45874343108E-08
  2.50453400241E-08
  2.55146179740E-08
  2.59880295062E-08
  2.64582524778E-08
  2.69180233659E-08
  2.73602847045E-08
  2.77783467340E-08
  2.81660010870E-08
  2.85176842141E-08
  2.88285697536E-08
  2.90946964299E-08
  2.93130621998E-08
  2.94816846491E-08
  2.95996951394E-08
  2.96673583478E-08
  2.96861148996E-08
  2.96585955795E-08
  2.95885946855E-08
  2.94810664769E-08
  2.93420612252E-08
  2.91786719231E-08
  2.89989667834E-08
  2.88118773284E-08
  2.86271131245E-08
  2.84550285556E-08
  2.83065055839E-08
  2.81928365098E-08
  2.81255392309E-08
  2.81162524374E-08
  2.81765739629E-08
  2.83179204530E-08
  2.85513817033E-08
  2.88875945387E-08
  2.93365882698E-08
  2.99076923227E-08
  3.06093603797E-08
  3.14491863662E-08
  3.24337179336E-08
  3.35683267849E-08
  3.48573614417E-08
  3.63038594742E-08
  3.79096398717E-08
  3.96753172538E-08
  4.16002201575E-08
  4.36824016958E-08
  4.59187106117E-08
  4.83048125943E-08
  5.08352329120E-08
  5.35034203608E-08
  5.63017685806E-08
  5.92217794804E-08
  6.22540383688E-08
  6.53883702739E-08
  6.86138719175E-08
  7.19190111909E-08
  7.52917301838E-08
  7.87194309737E-08
  8.21891390501E-08
  8.56875601585E-08
  8.92011158271E-08
  9.27159575781E-08
  9.62180521924E-08
  9.96932172370E-08
  1.03127092643E-07
  1.06505268604E-07
  1.09813129257E-07
  1.13036016103E-07
  1.16159107222E-07
  1.19167459900E-07
  1.22046003526E-07
  1.24779461430E-07
  1.27352421941E-07
  1.29749295752E-07
  1.31954237759E-07
  1.33951274961E-07
  1.35724178563E-07
  1.37256606081E-07
  1.38532016081E-07
  1.39533767651E-07
  1.40245276725E-07
  1.40649888181E-07
  1.40731103215E-07
  1.40472678822E-07
  1.39858784109E-07
  1.38874128197E-07
  1.37504059694E-07
  1.35734893547E-07
  1.33554038939E-07
  1.30950283506E-07
  1.27913949655E-07
  1.24437178783E-07
  1.20514243918E-07
  1.16141677609E-07
  1.11318726681E-07
  1.06047437498E-07
  1.00332968600E-07
  9.41838749213E-08
  8.76122001614E-08
  8.06338888992E-08
  7.32686800120E-08
  6.55405045791E-08
  5.74774468021E-08
  4.91118719026E-08
  4.04803053300E-08
  3.16237205311E-08
  2.25870184778E-08
  1.34192736923E-08
  4.17331813551E-09
 -5.09439868068E-09
 -1.43241303263E-08
 -2.34532144816E-08
 -3.24165263521E-08
 -4.11470360007E-08
 -4.95761192099E-08
 -5.76342671366E-08
 -6.52517968547E-08
 -7.23593913676E-08
 -7.88889593650E-08
 -8.47741716825E-08
 -8.99513850072E-08
 -9.43604163695E-08
 -9.79451968419E-08
 -1.00654652613E-07
 -1.02443330263E-07
 -1.03272512320E-07
 -1.03110409100E-07
 -1.01933231633E-07
 -9.97256606183E-08
 -9.64813224869E-08
 -9.22034502082E-08
 -8.69051888230E-08
 -8.06099293982E-08
 -7.33515648221E-08
 -6.51746461244E-08
 -5.61342936578E-08
 -4.62962397307E-08
 -3.57366829462E-08
 -2.45416149625E-08
 -1.28069412852E-08
 -6.37474406595E-10
  1.18535368188E-08
  2.45451250436E-08
  3.73096646911E-08
  5.00135790560E-08
  6.25187936976E-08
  7.46835127075E-08
  8.63637836801E-08
  9.74142722043E-08
  1.07690453888E-07
  1.17049232529E-07
  1.25350680946E-07
  1.32459405222E-07
  1.38246562642E-07
  1.42589456686E-07
  1.45375963712E-07
  1.46502316056E-07
  1.45877280033E-07
  1.43421743815E-07
  1.39070849059E-07
  1.32773337214E-07
  1.24494803799E-07
  1.14215993108E-07
  1.01935725638E-07
  8.76692567431E-08
  7.14497474519E-08
  5.33287121129E-08
  3.33747074421E-08
  1.16746896595E-08
 -1.16677529860E-08
 -3.65319969831E-08
 -6.27814316090E-08
 -9.02641517087E-08
 -1.18814327266E-07
 -1.48253135990E-07
 -1.78389768735E-07
 -2.09023369280E-07
 -2.39944284885E-07
 -2.70935743174E-07
 -3.01775770595E-07
 -3.32238613510E-07
 -3.62096926665E-07
 -3.91123450072E-07
 -4.19093055370E-07
 -4.45784451131E-07
 -4.70982286060E-07
 -4.94478797464E-07
 -5.16075772339E-07
 -5.35586025308E-07
 -5.52834876544E-07
 -5.67662652884E-07
 -5.79924403610E-07
 -5.89493026837E-07
 -5.96258587393E-07
 -6.00130931616E-07
 -6.01038834702E-07
 -5.98932160756E-07
 -5.93780725922E-07
 -5.85577197398E-07
 -5.74333284931E-07
 -5.60083208256E-07
 -5.42881252841E-07
 -5.22802906744E-07
 -4.99942075294E-07
 -4.74413184293E-07
 -4.46347826255E-07
 -4.15894476191E-07
 -3.83218093702E-07
 -3.48497422920E-07
 -3.11925020924E-07
 -2.73704614528E-07
 -2.34050006043E-07
 -1.93183851138E-07
 -1.51335157739E-07
 -1.08737985727E-07
 -6.56306724522E-08
 -2.22524025872E-08
  2.11566710817E-08
  6.43587725335E-08
  1.07118637516E-07
  1.49204879563E-07
  1.90393350863E-07
  2.30466383755E-07
  2.69214609716E-07
  3.06438693087E-07
  3.41949828453E-07
  3.75570863298E-07
  4.07136610647E-07
  4.36495270151E-07
  4.63508769144E-07
  4.88052819492E-07
  5.10017741817E-07
  5.29308238129E-07
  5.45844045519E-07
  5.59559623525E-07
  5.70403983602E-07
  5.78341087021E-07
  5.83348992222E-07
  5.85419968502E-07
  5.84559870731E-07
  5.80788196203E-07
  5.74136947762E-07
  5.64651202239E-07
  5.52387177777E-07
  5.37413313850E-07
  5.19808907029E-07
  4.99662348830E-07
  4.77074365790E-07
  4.52152562502E-07
  4.25015144856E-07
  3.95788021024E-07
  3.64604744618E-07
  3.31607111548E-07
  2.96943284184E-07
  2.60767933469E-07
  2.23242395236E-07
  1.84533504921E-07
  1.44813142811E-07
  1.04258518263E-07
  6.30512815292E-08
  2.13771862434E-08
 -2.05750332327E-08
 -6.26121305913E-08
 -1.04539488177E-07
 -1.46159237602E-07
 -1.87272277685E-07
 -2.27678839337E-07
 -2.67178137392E-07
 -3.05569869852E-07
 -3.42654743690E-07
 -3.78235341714E-07
 -4.12116747839E-07
 -4.44107598696E-07
 -4.74020907859E-07
 -5.01675458509E-07
 -5.26896087649E-07
 -5.49515220882E-07
 -5.69374208226E-07
 -5.86323835705E-07
 -6.00225803282E-07
 -6.10953804880E-07
 -6.18394608409E-07
 -6.22449135790E-07
 -6.23033542979E-07
 -6.20080015779E-07
 -6.13538134075E-07
 -6.03375553965E-07
 -5.89578519339E-07
 -5.72152941913E-07
 -5.51124855974E-07
 -5.26540816281E-07
 -4.98468011756E-07
 -4.66995288662E-07
 -4.32231985315E-07
 -3.94308671048E-07
 -3.53376861995E-07
 -3.09607628424E-07
 -2.63192447392E-07
 -2.14341056903E-07
 -1.63281612231E-07
 -1.10258703501E-07
 -5.55325456730E-08
  6.22339568768E-10
  5.79189958216E-08
  1.16059496236E-07
  1.74736570102E-07
  2.33635915947E-07
  2.92437761118E-07
  3.50819050254E-07
  4.08455463230E-07
  4.65023646257E-07
  5.20203172982E-07
  5.73678676119E-07
  6.25142035915E-07
  6.74294142300E-07
  7.20847253888E-07
  7.64526589592E-07
  8.05071977084E-07
  8.42239899157E-07
  8.75804801126E-07
  9.05560511910E-07
  9.31321096687E-07
  9.52922619035E-07
  9.70223709373E-07
  9.83105906016E-07
  9.91474848888E-07
  9.95260052150E-07
  9.94415472633E-07
  9.88919168776E-07
  9.78773641691E-07
  9.64004584603E-07
  9.44661735502E-07
  9.20816660255E-07
  8.92563434718E-07
  8.60017109972E-07
  8.23312404918E-07
  7.82603251537E-07
  7.38061544325E-07
  6.89875889748E-07
  6.38250185148E-07
  5.83402652410E-07
  5.25564871623E-07
  4.64979876824E-07
  4.01901502300E-07
  3.36593160455E-07
  2.69326562830E-07
  2.00380881665E-07
  1.30041684088E-07
  5.85999551106E-08
 -1.36486590918E-08
 -8.64045972548E-08
 -1.59365129093E-07
 -2.32225019658E-07
 -3.04677030272E-07
 -3.76412486958E-07
 -4.47121777825E-07
 -5.16494878866E-07
 -5.84221766076E-07
 -6.49992841772E-07
 -7.13499389349E-07
 -7.74434511186E-07
 -8.32493128655E-07
 -8.87373118985E-07
 -9.38775656323E-07
 -9.86406689663E-07
 -1.02997717022E-06
 -1.06920504095E-06
 -1.10381563445E-06
 -1.13354406039E-06
 -1.15813588764E-06
 -1.17734941796E-06
 -1.19095807349E-06
 -1.19875107885E-06
 -1.20053744013E-06
 -1.19614730920E-06
 -1.18543425742E-06
 -1.16827925467E-06
 -1.14459180622E-06
 -1.11431347705E-06
 -1.07742118871E-06
 -1.03392903839E-06
 -9.83891368378E-07
 -9.27405721995E-07
 -8.64614889906E-07
 -7.95709581780E-07
 -7.20930472653E-07
 -6.40569624011E-07
 -5.54972416467E-07
 -4.64538544520E-07
 -3.69722755522E-07
 -2.71034991783E-07
 -1.69040035303E-07
 -6.43569677550E-08
  4.23423216489E-08
  1.50335210947E-07
  2.58850860746E-07
  3.67073397456E-07
  4.74145991802E-07
  5.79175321036E-07
  6.81236940636E-07
  7.79380741278E-07
  8.72637940574E-07
  9.60027819019E-07
  1.04056550754E-06
  1.11327005925E-06
  1.17717297599E-06
  1.23132758745E-06
  1.27481757772E-06
  1.30676744448E-06
  1.32635148020E-06
  1.33280343562E-06
  1.32542754727E-06
  1.30360615458E-06
  1.26681072743E-06
  1.21460993796E-06
  1.14667830076E-06
  1.06280492673E-06
  9.62899548540E-07
  8.47000023896E-07
  7.15277849395E-07
  5.68042594296E-07
  4.05745197440E-07
  2.28981235750E-07
  3.84916560847E-08
 -1.64837345551E-07
 -3.79975631404E-07
 -6.05751949934E-07
 -8.40857865114E-07
 -1.08385393105E-06
 -1.33317632844E-06
 -1.58714567533E-06
 -1.84397674730E-06
 -2.10178950510E-06
 -2.35862194131E-06
 -2.61244372268E-06
 -2.86117074211E-06
 -3.10268160320E-06
 -3.33483399118E-06
 -3.55548081643E-06
 -3.76249158762E-06
 -3.95376810047E-06
 -4.12726421928E-06
 -4.28100474892E-06
 -4.41310476162E-06
 -4.52178846899E-06
 -4.60540650238E-06
 -4.66245410280E-06
 -4.69158794658E-06
 -4.69164251626E-06
 -4.66164419777E-06
 -4.60082446807E-06
 -4.50863126389E-06
 -4.38474216935E-06
 -4.22906623498E-06
 -4.04176034863E-06
 -3.82322150472E-06
 -3.57410021934E-06
 -3.29529370902E-06
 -2.98794498121E-06
 -2.65344101535E-06
 -2.29340230362E-06
 -1.90967557501E-06
 -1.50432288137E-06
 -1.07960693185E-06
 -6.37976029338E-07
 -1.82046449027E-07
  2.85417542045E-07
  7.61524290738E-07
  1.24327777939E-06
  1.72760246642E-06
  2.21136679102E-06
  2.69141150966E-06
  3.16457476401E-06
  3.62772107110E-06
  4.07776678912E-06
  4.51170990345E-06
  4.92665458296E-06
  5.31984051122E-06
  5.68866471440E-06
  6.03071021033E-06
  6.34376647213E-06
  6.62584761812E-06
  6.87522106091E-06
  7.09041432856E-06
  7.27023552827E-06
  7.41378789826E-06
  7.52047162678E-06
  7.59000067774E-06
  7.62239824326E-06
  7.61800401960E-06
  7.57746965974E-06
  7.50175104258E-06
  7.39210827305E-06
  7.25008385416E-06
  7.07749950379E-06
  6.87642841513E-06
  6.64918661641E-06
  6.39830295768E-06
  6.12649637333E-06
  5.83665223530E-06
  5.53179006602E-06
  5.21503625350E-06
  4.88959176437E-06
  4.55869712823E-06
  4.22560424340E-06
  3.89353726860E-06
  3.56566397386E-06
  3.24505958815E-06
  2.93467246593E-06
  2.63729725702E-06
  2.35554080064E-06
  2.09179347621E-06
  1.84820419236E-06
  1.62665378411E-06
  1.42873557252E-06
  1.25573387777E-06
  1.10860901259E-06
  9.87984208223E-07
  8.94136405805E-07
  8.26989662528E-07
  7.86113616869E-07
  7.70725080201E-07
  7.79692186370E-07
  8.11545476154E-07
  8.64487788022E-07
  9.36414153330E-07
  1.02492856513E-06
  1.12736859137E-06
  1.24083237552E-06
  1.36220637614E-06
  1.48819890455E-06
  1.61537400345E-06
  1.74018657617E-06
  1.85902285921E-06
  1.96823748411E-06
  2.06419554161E-06
  2.14331203097E-06
  2.20209471991E-06
  2.23718234338E-06
  2.24538689508E-06
  2.22373114411E-06
  2.16948592424E-06
  2.08020651371E-06
  1.95376424017E-06
  1.78837785825E-06
  1.58264026595E-06
  1.33554181048E-06
  1.04649211607E-06
  7.15334579127E-07
  3.42360181094E-07
 -7.16868768791E-08
 -5.25602672496E-07
 -1.01772684502E-06
 -1.54594908963E-06
 -2.10771622733E-06
 -2.70005011771E-06
 -3.31956562150E-06
 -3.96249333789E-06
 -4.62471052742E-06
 -5.30176612301E-06
 -5.98892620474E-06
 -6.68120310365E-06
 -7.37340087653E-06
 -8.06016123533E-06
 -8.73600765772E-06
 -9.39539222600E-06
 -1.00327542896E-05
 -1.06425595732E-05
 -1.12193511086E-05
 -1.17578128993E-05
 -1.22528172142E-05
 -1.26994509628E-05
 -1.30930975502E-05
 -1.34294650707E-05
 -1.37046235977E-05
 -1.39150588438E-05
 -1.40577021739E-05
 -1.41299660754E-05
 -1.41297705341E-05
 -1.40555703183E-05
 -1.39063768074E-05
 -1.36817670864E-05
 -1.33819012262E-05
 -1.30075250127E-05
 -1.25599663079E-05
 -1.20411341413E-05
 -1.14535077955E-05
 -1.08001167973E-05
 -1.00845209090E-05
 -9.31079011934E-06
 -8.48346553539E-06
 -7.60752709539E-06
 -6.68835809847E-06
 -5.73169836571E-06
 -4.74359785585E-06
 -3.73036732526E-06
 -2.69852921519E-06
 -1.65475955782E-06
 -6.05835396073E-07
  4.41420041852E-07
  1.48020035340E-06
  2.50376751865E-06
  3.50550840267E-06
  4.47899128631E-06
  5.41802091902E-06
  6.31668490314E-06
  7.16940485290E-06
  7.97098891780E-06
  8.71665633895E-06
  9.40209429245E-06
  1.00234810816E-05
  1.05775161501E-05
  1.10614473670E-05
  1.14730883070E-05
  1.18108328024E-05
  1.20736658573E-05
  1.22611554616E-05
  1.23734707813E-05
  1.24113539641E-05
  1.23761165014E-05
  1.22696264953E-05
  1.20942686408E-05
  1.18529360407E-05
  1.15489829113E-05
  1.11861936603E-05
  1.07687465061E-05
  1.03011652755E-05
  9.78826938081E-06
  9.23513198359E-06
  8.64703088155E-06
  8.02939030109E-06
  7.38773087505E-06
  6.72761643727E-06
  6.05460127190E-06
  5.37418100066E-06
  4.69173482998E-06
  4.01248371418E-06
  3.34144147018E-06
  2.68336907538E-06
  2.04273533200E-06
  1.42367980516E-06
  8.29980024264E-07
  2.65020304369E-07
 -2.68231161726E-07
 -7.67239896504E-07
 -1.22992753404E-06
 -1.65467452007E-06
 -2.04032130569E-06
 -2.38618622461E-06
 -2.69203792413E-06
 -2.95810491480E-06
 -3.18504066854E-06
 -3.37392407346E-06
 -3.52622282662E-06
 -3.64376887774E-06
 -3.72873000742E-06
 -3.78356594410E-06
 -3.81100676350E-06
 -3.81399399885E-06
 -3.79564994546E-06
 -3.75923150386E-06
 -3.70808447769E-06
 -3.64559741683E-06
 -3.57515932592E-06
 -3.50010736838E-06
 -3.42369366990E-06
 -3.34903461408E-06
 -3.27907127939E-06
 -3.21653851643E-06
 -3.16391697197E-06
 -3.12341330755E-06
 -3.09692495648E-06
 -3.08601670440E-06
 -3.09190340886E-06
 -3.11543112730E-06
 -3.15706415677E-06
 -3.21688230542E-06
 -3.29457884618E-06
 -3.38945983458E-06
 -3.50045570485E-06
 -3.62613081961E-06
 -3.76470279662E-06
 -3.91406183553E-06
 -4.07179868489E-06
 -4.23523124482E-06
 -4.40143821834E-06
 -4.56729640064E-06
 -4.72951887787E-06
 -4.88469368065E-06
 -5.02933153257E-06
 -5.15990541317E-06
 -5.27289876118E-06
 -5.36484776603E-06
 -5.43239275430E-06
 -5.47231775272E-06
 -5.48159232494E-06
 -5.45742113900E-06
 -5.39727898285E-06
 -5.29894714418E-06
 -5.16054888067E-06
 -4.98058170706E-06
 -4.75794286103E-06
 -4.49195022156E-06
 -4.18236641053E-06
 -3.82940834243E-06
 -3.43375609191E-06
 -2.99655721392E-06
 -2.51942947216E-06
 -2.00444992515E-06
 -1.45414571762E-06
 -8.71478505360E-07
 -2.59823394799E-07
  3.77057233436E-07
  1.03504294202E-06
  1.70969099145E-06
  2.39627206611E-06
  3.08981384478E-06
  3.78514323529E-06
  4.47693537353E-06
  5.15976262250E-06
  5.82814391237E-06
  6.47659862807E-06
  7.09969708623E-06
  7.69211601437E-06
  8.24869039207E-06
  8.76445847098E-06
  9.23472271097E-06
  9.65508843365E-06
  1.00215111161E-05
  1.03303409560E-05
  1.05783601612E-05
  1.07628147816E-05
  1.08814538180E-05
  1.09325437734E-05
  1.09149023046E-05
  1.08279027700E-05
  1.06714942376E-05
  1.04462060335E-05
  1.01531404653E-05
  9.79397736955E-06
  9.37095956033E-06
  8.88687554834E-06
  8.34503771330E-06
  7.74926320446E-06
  7.10383210389E-06
  6.41346287011E-06
  5.68326504435E-06
  4.91869923280E-06
  4.12553072238E-06
  3.30977695739E-06
  2.47766047323E-06
  1.63554943811E-06
  7.89905300280E-07
 -5.27740091627E-08
 -8.86011548573E-07
 -1.70340786099E-06
 -2.49869640356E-06
 -3.26579925058E-06
 -3.99887949243E-06
 -4.69239103040E-06
 -5.34112905370E-06
 -5.94027369516E-06
 -6.48543164061E-06
 -6.97267250871E-06
 -7.39856295695E-06
 -7.76019624027E-06
 -8.05521449365E-06
 -8.28182874102E-06
 -8.43883026391E-06
 -8.52560151543E-06
 -8.54211975820E-06
 -8.48894796945E-06
 -8.36723484099E-06
 -8.17870295577E-06
 -7.92561968410E-06
 -7.61078490541E-06
 -7.23750190446E-06
 -6.80954144627E-06
 -6.33110812487E-06
 -5.80680534767E-06
 -5.24158349435E-06
 -4.64070262751E-06
 -4.00967974201E-06
 -3.35424147124E-06
 -2.68027065431E-06
 -1.99375563170E-06
 -1.30073567561E-06
 -6.07249319273E-07
  8.07190403407E-08
  7.57289569719E-07
  1.41673899634E-06
  2.05354649552E-06
  2.66244319391E-06
  3.23845165440E-06
  3.77692913389E-06
  4.27360328104E-06
  4.72460669698E-06
  5.12650558449E-06
  5.47632316739E-06
  5.77156652071E-06
  6.01023657509E-06
  6.19084266873E-06
  6.31241300653E-06
  6.37449011265E-06
  6.37713810647E-06
  6.32092860542E-06
  6.20693435849E-06
  6.03671423960E-06
  5.81229051022E-06
  5.53612971999E-06
  5.21111542184E-06
  4.84051906824E-06
  4.42796363131E-06
  3.97739404434E-06
  3.49303536495E-06
  2.97935389426E-06
  2.44101829594E-06
  1.88285389413E-06
  1.30980367885E-06
  7.26881239643E-07
  1.39129539889E-07
 -4.48422781574E-07
 -1.03080355984E-06
 -1.60313811648E-06
 -2.16068929149E-06
 -2.69889460469E-06
 -3.21340371556E-06
 -3.70010957340E-06
 -4.15518161390E-06
 -4.57509213447E-06
 -4.95664426126E-06
 -5.29698854734E-06
 -5.59364798391E-06
 -5.84452845942E-06
 -6.04793285675E-06
 -6.20257060291E-06
 -6.30755857856E-06
 -6.36242612018E-06
 -6.36711183688E-06
 -6.32195678918E-06
 -6.22770039627E-06
 -6.08546270087E-06
 -5.89673572904E-06
 -5.66335984331E-06
 -5.38751055501E-06
 -5.07167260366E-06
 -4.71861494589E-06
 -4.33136847278E-06
 -3.91319417758E-06
 -3.46755518876E-06
 -2.99808925774E-06
 -2.50857419815E-06
 -2.00289900931E-06
 -1.48503113451E-06
 -9.58982809607E-07
 -4.28783096140E-07
  1.01555855281E-07
  6.28069074082E-07
  1.14686713459E-06
  1.65416565778E-06
  2.14631177187E-06
  2.61981040239E-06
  3.07134678224E-06
  3.49780998476E-06
  3.89631304643E-06
  4.26421001976E-06
  4.59911234429E-06
  4.89890271638E-06
  5.16174850418E-06
  5.38610720469E-06
  5.57073644813E-06
  5.71469809074E-06
  5.81735821470E-06
  5.87839076616E-06
  5.89777391724E-06
  5.87578415434E-06
  5.81299173064E-06
  5.71025293539E-06
  5.56869918000E-06
  5.38972244613E-06
  5.17496664543E-06
  4.92630852023E-06
  4.64584309157E-06
  4.33586546933E-06
  3.99884993385E-06
  3.63743424714E-06
  3.25439646076E-06
  2.85263263322E-06
  2.43513773057E-06
  2.00498129743E-06
  1.56528733442E-06
  1.11920985546E-06
  6.69911855766E-07
  2.20543341811E-07
 -2.25780439678E-07
 -6.66000119054E-07
 -1.09713209895E-06
 -1.51628864842E-06
 -1.92069705918E-06
 -2.30771502174E-06
 -2.67485052063E-06
 -3.01977479467E-06
 -3.34033734362E-06
 -3.63457797903E-06
 -3.90073955714E-06
 -4.13727684645E-06
 -4.34286448581E-06
 -4.51640516985E-06
 -4.65703305963E-06
 -4.76411787531E-06
 -4.83726898892E-06
 -4.87633087687E-06
 -4.88138766741E-06
 -4.85275586470E-06
 -4.79098116557E-06
 -4.69683436677E-06
 -4.57129954157E-06
 -4.41556949227E-06
 -4.23103392677E-06
 -4.01926808991E-06
 -3.78201752937E-06
 -3.52118945557E-06
 -3.23883318742E-06
 -2.93712810162E-06
 -2.61836339632E-06
 -2.28492399401E-06
 -1.93927144210E-06
 -1.58392651883E-06
 -1.22144990655E-06
 -8.54424058616E-07
 -4.85435123210E-07
 -1.17053176041E-07
  2.48184363727E-07
  6.07792742358E-07
  9.59355361374E-07
  1.30054138481E-06
  1.62912203905E-06
  1.94298581846E-06
  2.24015138883E-06
  2.51878282143E-06
  2.77719959740E-06
  3.01388922708E-06
  3.22751498061E-06
  3.41692430084E-06
  3.58115539711E-06
  3.71944315702E-06
  3.83122096537E-06
  3.91612320527E-06
  3.97398707719E-06
  4.00484896090E-06
  4.00894214181E-06
  3.98669453716E-06
  3.93872051063E-06
  3.86581450584E-06
  3.76894263354E-06
  3.64923266716E-06
  3.50796244675E-06
  3.34654941980E-06
  3.16653608934E-06
  2.96957432511E-06
  2.75741513178E-06
  2.53188886745E-06
  2.29489137382E-06
  2.04836783269E-06
  1.79429605396E-06
  1.53467033215E-06
  1.27148359752E-06
  1.00671275050E-06
  7.42302859180E-07
  4.80151129523E-07
  2.22092083391E-07
 -3.01155935745E-08
 -2.74802914646E-07
 -5.10401946485E-07
 -7.35457831524E-07
 -9.48637534748E-07
 -1.14873921575E-06
 -1.33469984576E-06
 -1.50560049406E-06
 -1.66067161445E-06
 -1.79929543265E-06
 -1.92100901586E-06
 -2.02550359063E-06
 -2.11262317862E-06
 -2.18236414185E-06
 -2.23487040785E-06
 -2.27042573897E-06
 -2.28945350500E-06
 -2.29250349548E-06
 -2.28024782700E-06
 -2.25346821026E-06
 -2.21304844672E-06
 -2.15996237785E-06
 -2.09526137951E-06
 -2.02006526706E-06
 -1.93554706129E-06
 -1.84292116501E-06
 -1.74343210801E-06
 -1.63833931310E-06
 -1.52890686422E-06
 -1.41639009144E-06
 -1.30202352011E-06
 -1.18701007068E-06
 -1.07251003101E-06
 -9.59629801400E-07
 -8.49415016546E-07
 -7.42839347367E-07
 -6.40798930363E-07
 -5.44104238998E-07
 -4.53476445728E-07
 -3.69540430256E-07
 -2.92823528980E-07
 -2.23752238071E-07
 -1.62651147662E-07
 -1.09742835264E-07
 -6.51491163239E-08
 -2.88923978076E-08
 -8.99113283825E-10
  1.89963724750E-08
  3.10474206344E-08
  3.55889646642E-08
  3.30318599140E-08
  2.38555113441E-08
  8.60071835973E-09
 -1.21384005070E-08
 -3.77225646275E-08
 -6.74758737773E-08
 -1.00694492744E-07
 -1.36655359029E-07
 -1.74624886995E-07
 -2.13867593857E-07
 -2.53654320659E-07
 -2.93270431939E-07
 -3.32023404326E-07
 -3.69250159338E-07
 -4.04323515113E-07
 -4.36658467606E-07
 -4.65717675979E-07
 -4.91016294291E-07
 -5.12125893692E-07
 -5.28677958300E-07
 -5.40366443147E-07
 -5.46949593172E-07
 -5.48251080090E-07
 -5.44160570826E-07
 -5.34632761173E-07
 -5.19686579992E-07
 -4.99403768117E-07
 -4.73926007771E-07
 -4.43452023546E-07
 -4.08234228644E-07
 -3.68574603726E-07
 -3.24820234709E-07
 -2.77358623180E-07
 -2.26612598908E-07
 -1.73034919726E-07
 -1.17102885611E-07
 -5.93127928994E-08
 -1.74201167380E-10
  5.97954752379E-08
  1.20076592225E-07
  1.80152539997E-07
  2.39514889699E-07
  2.97668265148E-07
  3.54135067937E-07
  4.08459470691E-07
  4.60211595055E-07
  5.08990865455E-07
  5.54429163913E-07
  5.96193444835E-07
  6.33987895071E-07
  6.67555809741E-07
  6.96680956480E-07
  7.21188030184E-07
  7.40943562505E-07
  7.55855865009E-07
  7.65874631270E-07
  7.70989686316E-07
  7.71230531882E-07
  7.66665039009E-07
  7.57396890094E-07
  7.43564385175E-07
  7.25337940821E-07
  7.02917816398E-07
  6.76531556110E-07
  6.46431260520E-07
  6.12891426499E-07
  5.76204911340E-07
  5.36681909580E-07
  4.94646030802E-07
  4.50431258514E-07
  4.04380784857E-07
  3.56842861038E-07
  3.08169319396E-07
  2.58713072299E-07
  2.08825326808E-07
  1.58854305710E-07
  1.09142867188E-07
  6.00267355821E-08
  1.18330847343E-08
 -3.51210438509E-08
 -8.05301638707E-08
 -1.24101362076E-07
 -1.65555476883E-07
 -2.04627994549E-07
 -2.41069926687E-07
 -2.74648471077E-07
 -3.05147750623E-07
 -3.32369410216E-07
 -3.56132915158E-07
 -3.76276517500E-07
 -3.92656829717E-07
 -4.05150274219E-07
 -4.13652657016E-07
 -4.18079963538E-07
 -4.18368387045E-07
 -4.14474982335E-07
 -4.06377836271E-07
 -3.94076380417E-07
 -3.77591703682E-07
 -3.56967120752E-07
 -3.32267973135E-07
 -3.03582027072E-07
 -2.71020155651E-07
 -2.34715841430E-07
 -1.94825190647E-07
 -1.51527771663E-07
 -1.05025705466E-07
 -5.55436940886E-08
 -3.32876348708E-09
  5.13502129706E-08
  1.08203387583E-07
  1.66920059996E-07
  2.27170630751E-07
  2.88606742060E-07
  3.50863189169E-07
  4.13559376966E-07
  4.76300670016E-07
  5.38680865247E-07
  6.00283669883E-07
  6.60685543608E-07
  7.19457602827E-07
  7.76168690209E-07
  8.30387875794E-07
  8.81687526544E-07
  9.29646148506E-07
  9.73851456365E-07
  1.01390367035E-06
  1.04941875634E-06
  1.08003132482E-06
  1.10539781417E-06
  1.12520024231E-06
  1.13914825306E-06
  1.14698264042E-06
  1.14847784971E-06
  1.14344459234E-06
  1.13173223326E-06
  1.11323072360E-06
  1.08787219233E-06
  1.05563367470E-06
  1.01653574802E-06
  9.70646510723E-07
  9.18079194889E-07
  8.58994212649E-07
  7.93597905613E-07
  7.22141862752E-07
  6.44922579340E-07
  5.62278728466E-07
  4.74590336808E-07
  3.82276027722E-07
  2.85790832777E-07
  1.85622596405E-07
  8.22894250518E-08
 -2.36643842300E-08
 -1.31671768600E-07
 -2.41147148472E-07
 -3.51490513140E-07
 -4.62091833242E-07
 -5.72335750348E-07
 -6.81605399677E-07
 -7.89287582847E-07
 -8.94777315352E-07
 -9.97481834020E-07
 -1.09682525817E-06
 -1.19225285289E-06
 -1.28323472381E-06
 -1.36926996674E-06
 -1.44988985085E-06
 -1.52466122927E-06
 -1.59318938131E-06
 -1.65512085459E-06
 -1.71014505668E-06
 -1.75799618773E-06
 -1.79845540060E-06
 -1.83135057341E-06
 -1.85655733276E-06
 -1.87399962215E-06
 -1.88364901987E-06
 -1.88552360214E-06
 -1.87968794307E-06
 -1.86625027254E-06
 -1.84536213510E-06
 -1.81721486570E-06
 -1.78203868018E-06
 -1.74009801412E-06
 -1.69169027231E-06
 -1.63714196333E-06
 -1.57680551638E-06
 -1.51105575696E-06
 -1.44028660998E-06
 -1.36490734803E-06
 -1.28533872612E-06
 -1.20201082154E-06
 -1.11535746328E-06
 -1.02581464034E-06
 -9.33816693305E-07
 -8.39792562601E-07
 -7.44164481148E-07
 -6.47343881610E-07
 -5.49729350041E-07
 -4.51705290061E-07
 -3.53639023842E-07
 -2.55879882616E-07
 -1.58757316626E-07
 -6.25804830179E-08
  3.23629336663E-08
  1.25806948859E-07
  2.17507547973E-07
  3.07242572717E-07
  3.94811479509E-07
  4.80034600514E-07
  5.62752745736E-07
  6.42825852992E-07
  7.20132277365E-07
  7.94567426965E-07
  8.66042228154E-07
  9.34482159209E-07
  9.99825374493E-07
  1.06202185179E-06
  1.12103134597E-06
  1.17682179734E-06
  1.22936887692E-06
  1.27865405375E-06
  1.32466334435E-06
  1.36738617584E-06
  1.40681549965E-06
  1.44294517668E-06
  1.47577088683E-06
  1.50528876475E-06
  1.53149528614E-06
  1.55438772254E-06
  1.57396289069E-06
  1.59021794843E-06
  1.60315130415E-06
  1.61276193467E-06
  1.61905040841E-06
  1.62201945386E-06
  1.62167543749E-06
  1.61802722687E-06
  1.61108960128E-06
  1.60088154644E-06
  1.58742966505E-06
  1.57076658525E-06
  1.55093346166E-06
  1.52798020281E-06
  1.50196603954E-06
  1.47296020714E-06
  1.44104251376E-06
  1.40630368151E-06
  1.36884466428E-06
  1.32877869419E-06
  1.28622900775E-06
  1.24133021018E-06
  1.19422645639E-06
  1.14507190574E-06
  1.09402947146E-06
  1.04127036593E-06
  9.86972167993E-07
  9.31318538733E-07
  8.74497175118E-07
  8.16699127881E-07
  7.58116868838E-07
  6.98942642430E-07
  6.39367215172E-07
  5.79578227189E-07
  5.19758202699E-07
  4.60083697362E-07
  4.00723109806E-07
  3.41835743711E-07
  2.83570386728E-07
  2.26064059916E-07
  1.69441094044E-07
  1.13812198776E-07
  5.92738942373E-08
  5.90794968502E-09
 -4.62187799144E-08
 -9.70545031009E-08
 -1.46562200598E-07
 -1.94719248725E-07
 -2.41516858068E-07
 -2.86959135565E-07
 -3.31062068426E-07
 -3.73852287794E-07
 -4.15365519757E-07
 -4.55645221109E-07
 -4.94740561408E-07
 -5.32704859779E-07
 -5.69593282762E-07
 -6.05461309533E-07
 -6.40361975002E-07
 -6.74344732943E-07
 -7.07452727511E-07
 -7.39721031096E-07
 -7.71174939018E-07
 -8.01828207386E-07
 -8.31681006730E-07
 -8.60719296725E-07
 -8.88912950359E-07
 -9.16215299185E-07
 -9.42562166983E-07
 -9.67871528701E-07
 -9.92043510450E-07
 -1.01496004845E-06
 -1.03648631011E-06
 -1.05647075088E-06
 -1.07474647848E-06
 -1.09113250346E-06
 -1.10543635401E-06
 -1.11745464437E-06
 -1.12697659915E-06
 -1.13378632705E-06
 -1.13766498089E-06
 -1.13839462301E-06
 -1.13576049898E-06
 -1.12955501663E-06
 -1.11958092930E-06
 -1.10565406430E-06
 -1.08760741568E-06
 -1.06529466848E-06
 -1.03859247247E-06
 -1.00740453490E-06
 -9.71663894234E-07
 -9.31336160193E-07
 -8.86421787527E-07
 -8.36958236050E-07
 -7.83021619100E-07
 -7.24728806745E-07
 -6.62237710003E-07
 -5.95748588239E-07
 -5.25503821791E-07
 -4.51788196187E-07
 -3.74927509483E-07
 -2.95287918561E-07
 -2.13274105931E-07
 -1.29327176523E-07
 -4.39218581505E-08
  4.24362092133E-08
  1.29214157596E-07
  2.15855777697E-07
  3.01785661350E-07
  3.86413717024E-07
  4.69140275072E-07
  5.49360834157E-07
  6.26471603482E-07
  6.99875101873E-07
  7.68985046307E-07
  8.33232718378E-07
  8.92071909675E-07
  9.44984719808E-07
  9.91486786006E-07
  1.03113245586E-06
  1.06351910745E-06
  1.08829306100E-06
  1.10515247798E-06
  1.11385168111E-06
  1.11420445137E-06
  1.10608721116E-06
  1.08944072963E-06
  1.06427285118E-06
  1.03065826806E-06
  9.88740794128E-07
  9.38731886890E-07
  8.80911102286E-07
  8.15623764083E-07
  7.43280111237E-07
  6.64352114654E-07
  5.79370237119E-07
  4.88920420594E-07
  3.93639396634E-07
  2.94210025231E-07
  1.91356022583E-07
  8.58366107082E-08
 -2.15597530939E-08
 -1.30021504674E-07
 -2.38720588186E-07
 -3.46819120978E-07
 -4.53476559414E-07
 -5.57856310479E-07
 -6.59132865621E-07
 -7.56498934606E-07
 -8.49171669870E-07
 -9.36399999318E-07
 -1.01747059489E-06
 -1.09171401164E-06
 -1.15851025839E-06
 -1.21729431157E-06
 -1.26756083318E-06
 -1.30886905936E-06
 -1.34084541514E-06
 -1.36318772093E-06
 -1.37566780722E-06
 -1.37813253787E-06
 -1.37050642479E-06
 -1.35279174174E-06
 -1.32506806949E-06
 -1.28749252326E-06
 -1.24029804738E-06
 -1.18379170999E-06
 -1.11835197458E-06
 -1.04442540305E-06
 -9.62524040915E-07
 -8.73219960340E-07
 -7.77141281105E-07
 -6.74967168379E-07
 -5.67421977848E-07
 -4.55269741906E-07
 -3.39308058983E-07
 -2.20361712877E-07
 -9.92760575969E-08
  2.30893189013E-08
  1.45867403489E-07
  2.68190348152E-07
  3.89196173955E-07
  5.08035100211E-07
  6.23875848760E-07
  7.35912010441E-07
  8.43367786274E-07
  9.45502847571E-07
  1.04161858872E-06
  1.13106239041E-06
  1.21323137137E-06
  1.28757778839E-06
  1.35361096909E-06
  1.41090083616E-06
  1.45908097693E-06
  1.49784921177E-06
  1.52697009526E-06
  1.54627571192E-06
  1.55566522153E-06
  1.55510565492E-06
  1.54463066337E-06
  1.52433915446E-06
  1.49439551933E-06
  1.45502428950E-06
  1.40651081892E-06
  1.34919741868E-06
  1.28347937789E-06
  1.20980246265E-06
  1.12865893698E-06
  1.04058324268E-06
  9.46148304592E-07
  8.45960812512E-07
  7.40656901144E-07
  6.30897318388E-07
  5.17363218933E-07
  4.00750849394E-07
  2.81767540855E-07
  1.61126791909E-07
  3.95438313205E-08
 -8.22689045776E-08
 -2.03605964089E-07
 -3.23773065247E-07
 -4.42090964725E-07
 -5.57899340947E-07
 -6.70560041272E-07
 -7.79460719968E-07
 -8.84017879343E-07
 -9.83679228739E-07
 -1.07792675408E-06
 -1.16627848001E-06
 -1.24829125525E-06
 -1.32356160520E-06
 -1.39172777835E-06
 -1.45247054206E-06
 -1.50551443312E-06
 -1.55062866725E-06
 -1.58762668434E-06
 -1.61636751272E-06
 -1.63675474596E-06
 -1.64873677022E-06
 -1.65230665061E-06
 -1.64750031217E-06
 -1.63439722201E-06
 -1.61311800184E-06
 -1.58382420068E-06
 -1.54671636210E-06
 -1.50203277371E-06
 -1.45004798924E-06
 -1.39107032737E-06
 -1.32544107601E-06
 -1.25353210478E-06
 -1.17574325031E-06
 -1.09250072455E-06
 -1.00425450000E-06
 -9.11476774945E-07
 -8.14658505988E-07
 -7.14307418548E-07
 -6.10945960489E-07
 -5.05107834670E-07
 -3.97336208380E-07
 -2.88180558528E-07
 -1.78194355271E-07
 -6.79321416897E-08
  4.20529957523E-08
  1.51212205424E-07
  2.59003400060E-07
  3.64894134464E-07
  4.68364135031E-07
  5.68907751131E-07
  6.66036953589E-07
  7.59283352636E-07
  8.48200954806E-07
  9.32368209305E-07
  1.01139050912E-06
  1.08490257844E-06
  1.15256966637E-06
  1.21409016174E-06
  1.26919758259E-06
  1.31766114464E-06
  1.35928758027E-06
  1.39392341225E-06
  1.42145415793E-06
  1.44180626194E-06
  1.45494755088E-06
  1.46088757447E-06
  1.45967737808E-06
  1.45140950281E-06
  1.43621753068E-06
  1.41427597100E-06
  1.38579866871E-06
  1.35103732646E-06
  1.31028116357E-06
  1.26385430121E-06
  1.21211382975E-06
  1.15544821711E-06
  1.09427401185E-06
  1.02903379684E-06
  9.60193005994E-07
  8.88236968422E-07
  8.13667725197E-07
  7.37000220852E-07
  6.58759404359E-07
  5.79475738505E-07
  4.99682471400E-07
  4.19910918481E-07
  3.40687307698E-07
  2.62528715211E-07
  1.85939313724E-07
  1.11406528447E-07
  3.93978289992E-08
 -2.96432922653E-08
 -9.53002370352E-08
 -1.57186661909E-07
 -2.14949338329E-07
 -2.68270952120E-07
 -3.16872615258E-07
 -3.60515628017E-07
 -3.99003823759E-07
 -4.32184833699E-07
 -4.59951365883E-07
 -4.82241887312E-07
 -4.99041220792E-07
 -5.10380800733E-07
 -5.16337820500E-07
 -5.17035005032E-07
 -5.12639644512E-07
 -5.03361661686E-07
 -4.89452361307E-07
 -4.71201872188E-07
 -4.48936731345E-07
 -4.23017240792E-07
 -3.93834113765E-07
 -3.61805263083E-07
 -3.27371935782E-07
 -2.90995018304E-07
 -2.53150943763E-07
 -2.14327386061E-07
 -1.75019010840E-07
 -1.35722928007E-07
 -9.69344355894E-08
 -5.91422768537E-08
 -2.28243326461E-08
  1.15567093673E-08
  4.35578471070E-08
  7.27595903527E-08
  9.87702009070E-08
  1.21229248862E-07
  1.39811078270E-07
  1.54228132487E-07
  1.64233711075E-07
  1.69624627233E-07
  1.70243112052E-07
  1.65978988775E-07
  1.56770710191E-07
  1.42606481290E-07
  1.23524799278E-07
  9.96143754151E-08
  7.10139929083E-08
  3.79115334681E-08
  5.42820233207E-10
 -4.08100895299E-08
 -8.58209361354E-08
 -1.34121847850E-07
 -1.85306163303E-07
 -2.38931647800E-07
 -2.94524198807E-07
 -3.51581491032E-07
 -4.09577552318E-07
 -4.67966685846E-07
 -5.26188500771E-07
 -5.83672431276E-07
 -6.39842767214E-07
 -6.94123798439E-07
 -7.45944419123E-07
 -7.94743868937E-07
 -8.39976053157E-07
 -8.81114885942E-07
 -9.17659235711E-07
 -9.49136961026E-07
 -9.75109855972E-07
 -9.95177970253E-07
 -1.00898296296E-06
 -1.01621230897E-06
 -1.01660202745E-06
 -1.00993975138E-06
 -9.96067569758E-07
 -9.74883505478E-07
 -9.46343334363E-07
 -9.10462063075E-07
 -8.67313815434E-07
 -8.17032969280E-07
 -7.59813076456E-07
 -6.95906635428E-07
 -6.25623385986E-07
 -5.49328717625E-07
 -4.67441850560E-07
 -3.80432538805E-07
 -2.88818313265E-07
 -1.93161099560E-07
 -9.40630471291E-08
  7.83742670762E-09
  1.11870342323E-07
  2.17338950392E-07
  3.23524830037E-07
  4.29693102433E-07
  5.35098024557E-07
  6.38988524315E-07
  7.40613927519E-07
  8.39229471694E-07
  9.34102445171E-07
  1.02451735984E-06
  1.10978169232E-06
  1.18923162518E-06
  1.26223699226E-06
  1.32820639465E-06
  1.38659163440E-06
  1.43689305787E-06
  1.47866251154E-06
  1.51150845795E-06
  1.53509836309E-06
  1.54916131123E-06
  1.55349221131E-06
  1.54795202434E-06
  1.53246958234E-06
  1.50704431690E-06
  1.47174421272E-06
  1.42670774039E-06
  1.37214237839E-06
  1.30832438572E-06
  1.23559652820E-06
  1.15436557735E-06
  1.06510162823E-06
  9.68333210949E-07
  8.64644732701E-07
  7.54672498715E-07
  6.39100164790E-07
  5.18654474035E-07
  3.94100311496E-07
  2.66234991386E-07
  1.35882899599E-07
  3.89036136639E-09
 -1.28881325168E-07
 -2.61561041270E-07
 -3.93274405042E-07
 -5.23149822129E-07
 -6.50324579965E-07
 -7.73951285282E-07
 -8.93203150554E-07
 -1.00728084362E-06
 -1.11541748993E-06
 -1.21688390209E-06
 -1.31099511691E-06
 -1.39711323754E-06
 -1.47465379996E-06
 -1.54308861511E-06
 -1.60195065746E-06
 -1.65083667980E-06
 -1.68940982803E-06
 -1.71740293808E-06
 -1.73461944541E-06
 -1.74093520400E-06
 -1.73629962319E-06
 -1.72073532667E-06
 -1.69433792507E-06
 -1.65727647072E-06
 -1.60979027441E-06
 -1.55218856435E-06
 -1.48484809870E-06
 -1.40820941397E-06
 -1.32277455123E-06
 -1.22910296341E-06
 -1.12780776362E-06
 -1.01955083665E-06
 -9.05038348264E-07
 -7.85015458860E-07
 -6.60261605390E-07
 -5.31583793872E-07
 -3.99811824536E-07
 -2.65791896936E-07
 -1.30380925611E-07
  5.55980861350E-09
  1.41170630741E-07
  2.75599205679E-07
  4.08006627595E-07
  5.37573498605E-07
  6.63504863496E-07
  7.85036093021E-07
  9.01437999801E-07
  1.01202124370E-06
  1.11614122034E-06
  1.21320238122E-06
  1.30266107590E-06
  1.38402981520E-06
  1.45688011344E-06
  1.52084396632E-06
  1.57561669312E-06
  1.62095841461E-06
  1.65669439411E-06
  1.68271571965E-06
  1.69897998603E-06
  1.70550947587E-06
  1.70239138697E-06
  1.68977578596E-06
  1.66787333455E-06
  1.63695381161E-06
  1.59734247518E-06
  1.54941744768E-06
  1.49360619162E-06
  1.43038084843E-06
  1.36025551001E-06
  1.28378076170E-06
  1.20153924854E-06
  1.11414101411E-06
  1.02221918041E-06
  9.26423581404E-07
  8.27417068194E-07
  7.25869654161E-07
  6.22453910637E-07
  5.17839396252E-07
  4.12688706319E-07
  3.07651873754E-07
  2.03362631623E-07
  1.00433616979E-07
 -5.47554890318E-10
 -9.90219177766E-08
 -1.94462671743E-07
 -2.86378281089E-07
 -3.74315305862E-07
 -4.57860636516E-07
 -5.36643653959E-07
 -6.10337622220E-07
 -6.78661137954E-07
 -7.41378755720E-07
 -7.98301698524E-07
 -8.49287346227E-07
 -8.94239235549E-07
 -9.33106434786E-07
 -9.65882009041E-07
 -9.92601940197E-07
 -1.01334308056E-06
 -1.02822150438E-06
 -1.03738921098E-06
 -1.04103332887E-06
 -1.03937111362E-06
 -1.03264858353E-06
 -1.02113710909E-06
 -1.00512920653E-06
 -9.84936605164E-07
 -9.60886268331E-07
 -9.33316300689E-07
 -9.02573901840E-07
 -8.69011046234E-07
 -8.32981527310E-07
 -7.94838172169E-07
 -7.54929374125E-07
 -7.13596364221E-07
 -6.71170766964E-07
 -6.27972212897E-07
 -5.84305610118E-07
 -5.40459893728E-07
 -4.96705695241E-07
 -4.53294518366E-07
 -4.10456920008E-07
 -3.68402055528E-07
 -3.27316882931E-07
 -2.87365907070E-07
 -2.48690923854E-07
 -2.11411247619E-07
 -1.75624307985E-07
 -1.41406161447E-07
 -1.08812265864E-07
 -7.78786173328E-08
 -4.86230753438E-08
 -2.10466950534E-08
  4.86473750172E-09
  2.91391302198E-08
  5.18161940022E-08
  7.29458236037E-08
  9.25862266854E-08
  1.10801998687E-07
  1.27662374894E-07
  1.43239660133E-07
  1.57607090046E-07
  1.70837594737E-07
  1.83002129006E-07
  1.94168251255E-07
  2.04398915571E-07
  2.13751462752E-07
  2.22276483441E-07
  2.30017363378E-07
  2.37009487591E-07
  2.43279970391E-07
  2.48847413786E-07
  2.53722106436E-07
  2.57905981016E-07
  2.61393211076E-07
  2.64170580522E-07
  2.66218506795E-07
  2.67511524044E-07
  2.68019789473E-07
  2.67709708623E-07
  2.66545470140E-07
  2.64490466861E-07
  2.61508347421E-07
  2.57564863659E-07
  2.52628780117E-07
  2.46673891979E-07
  2.39679991410E-07
  2.31634402326E-07
  2.22533230954E-07
  2.12382701648E-07
  2.01199867433E-07
  1.89014016883E-07
  1.75867057806E-07
  1.61814384114E-07
  1.46925259514E-07
  1.31283030669E-07
  1.14985233779E-07
  9.81434311598E-08
  8.08828204413E-08
  6.33417229778E-08
  4.56707205387E-08
  2.80317138390E-08
  1.05967830066E-08
 -6.45332098870E-09
 -2.29305676669E-08
 -3.86415237585E-08
 -5.33891153509E-08
 -6.69746427207E-08
 -7.91999283933E-08
 -8.98694381135E-08
 -9.87926185303E-08
 -1.05786085669E-07
 -1.10675991039E-07
 -1.13300352211E-07
 -1.13511177346E-07
 -1.11176746032E-07
 -1.06183719595E-07
 -9.84389245673E-08
 -8.78714772057E-08
 -7.44341690506E-08
 -5.81049945936E-08
 -3.88885474933E-08
 -1.68169069781E-08
  8.04957522860E-09
  3.56217029207E-08
  6.57812080362E-08
  9.83809158583E-08
  1.33244711265E-07
  1.70168618752E-07
  2.08921420608E-07
  2.49245800887E-07
  2.90860100449E-07
  3.33459865942E-07
  3.76719782480E-07
  4.20296061066E-07
  4.63829280761E-07
  5.06946150836E-07
  5.49263461380E-07
  5.90390527577E-07
  6.29932571883E-07
  6.67493964102E-07
  7.02681290932E-07
  7.35107960281E-07
  7.64396020259E-07
  7.90180934018E-07
  8.12114308246E-07
  8.29867474295E-07
  8.43134557726E-07
  8.51635718391E-07
  8.55119935750E-07
  8.53367794207E-07
  8.46193927373E-07
  8.33449291804E-07
  8.15023440737E-07
  7.90845263055E-07
  7.60885484397E-07
  7.25157065062E-07
  6.83715995820E-07
  6.36661638964E-07
  5.84136898851E-07
  5.26327482930E-07
  4.63461674372E-07
  3.95808797293E-07
  3.23677880942E-07
  2.47416181764E-07
  1.67406724927E-07
  8.40659311052E-08
 -2.15891571287E-09
 -9.07927315552E-08
 -1.81336034188E-07
 -2.73268142337E-07
 -3.66051068568E-07
 -4.59133218556E-07
 -5.51953348804E-07
 -6.43944588319E-07
 -7.34539014502E-07
 -8.23171092179E-07
 -9.09282505290E-07
 -9.92325681182E-07
 -1.07176879283E-06
 -1.14709848731E-06
 -1.21782511542E-06
 -1.28348528960E-06
 -1.34364586302E-06
 -1.39790756748E-06
 -1.44590671880E-06
 -1.48731976424E-06
 -1.52186464675E-06
 -1.54930273766E-06
 -1.56944111041E-06
 -1.58213458690E-06
 -1.58728494171E-06
 -1.58484408530E-06
 -1.57481235874E-06
 -1.55723944317E-06
 -1.53222424615E-06
 -1.49991319631E-06
 -1.46049990235E-06
 -1.41422378874E-06
 -1.36136702622E-06
 -1.30225396333E-06
 -1.23724760215E-06
 -1.16674755191E-06
 -1.09118604996E-06
 -1.01102602912E-06
 -9.26756285935E-07
 -8.38888865928E-07
 -7.47954800318E-07
 -6.54500183828E-07
 -5.59082081963E-07
 -4.62264694079E-07
 -3.64615175386E-07
 -2.66699203166E-07
 -1.69077281953E-07
 -7.23004163206E-08
  2.30934968926E-08
  1.16583727561E-07
  2.07670026953E-07
  2.95876702694E-07
  3.80754812568E-07
  4.61886486391E-07
  5.38886069990E-07
  6.11404288975E-07
  6.79128845604E-07
  7.41787516745E-07
  7.99148949682E-07
  8.51024083204E-07
  8.97266602351E-07
  9.37774188969E-07
  9.72488123807E-07
  1.00139311598E-06
  1.02451690509E-06
  1.04192906747E-06
  1.05374056147E-06
  1.06010099898E-06
  1.06119796328E-06
  1.05725416688E-06
  1.04852483673E-06
  1.03529646367E-06
  1.01788202755E-06
  9.96619064608E-07
  9.71866484178E-07
  9.44000589698E-07
  9.13411781767E-07
  8.80501318079E-07
  8.45677050165E-07
  8.09350183317E-07
  7.71931297550E-07
  7.33827107524E-07
  6.95436256137E-07
  6.57146301819E-07
  6.19330194240E-07
  5.82342863709E-07
  5.46518776900E-07
  5.12168185196E-07
  4.79575419376E-07
  4.48995820079E-07
  4.20653975652E-07
  3.94742016852E-07
  3.71417854694E-07
  3.50804100435E-07
  3.32987298179E-07
  3.18017185919E-07
  3.05906695530E-07
  2.96632038044E-07
  2.90133158387E-07
  2.86314616460E-07
  2.85046752424E-07
  2.86166937258E-07
  2.89481761229E-07
  2.94768796039E-07
  3.01779039091E-07
  3.10239556711E-07
  3.19856212627E-07
  3.30316822783E-07
  3.41294281725E-07
  3.52450257424E-07
  3.63438118711E-07
  3.73907028006E-07
  3.83505636137E-07
  3.91885265572E-07
  3.98704202098E-07
  4.03630934898E-07
  4.06348078741E-07
  4.06555443533E-07
  4.03973814400E-07
  3.98347879127E-07
  3.89449269278E-07
  3.77079345526E-07
  3.61071585075E-07
  3.41294168038E-07
  3.17651512205E-07
  2.90085978349E-07
  2.58579319734E-07
  2.23153463708E-07
  1.83871094350E-07
  1.40835808793E-07
  9.41920248465E-08
  4.41242065108E-08
 -9.14381104167E-09
 -6.53504343973E-08
 -1.24197782725E-07
 -1.85353954407E-07
 -2.48455222618E-07
 -3.13108870387E-07
 -3.78896316988E-07
 -4.45376059588E-07
 -5.12087751758E-07
 -5.78555329867E-07
 -6.44291731078E-07
 -7.08802474492E-07
 -7.71590066506E-07
 -8.32158320918E-07
 -8.90016963240E-07
 -9.44685552895E-07
 -9.95698542283E-07
 -1.04260880107E-06
 -1.08499261842E-06
 -1.12245277251E-06
 -1.15462319172E-06
 -1.18117259262E-06
 -1.20180709473E-06
 -1.21627442695E-06
 -1.22436586025E-06
 -1.22591859508E-06
 -1.22081837617E-06
 -1.20900108413E-06
 -1.19045330393E-06
 -1.16521448490E-06
 -1.13337512175E-06
 -1.09507914203E-06
 -1.05052231447E-06
 -9.99950202640E-07
 -9.43658790220E-07
 -8.81991070401E-07
 -8.15335511106E-07
 -7.44122928609E-07
 -6.68823645356E-07
 -5.89944022522E-07
 -5.08022651502E-07
 -4.23625976964E-07
 -3.37344204127E-07
 -2.49786637596E-07
 -1.61576650726E-07
 -7.33469533998E-08
  1.42657716751E-08
  1.00625925370E-07
  1.85104212846E-07
  2.67082953087E-07
  3.45961041148E-07
  4.21159256803E-07
  4.92124911489E-07
  5.58336637368E-07
  6.19308877958E-07
  6.74596094541E-07
  7.23796631519E-07
  7.66556013332E-07
  8.02570525593E-07
  8.31589375139E-07
  8.53417759572E-07
  8.67917776759E-07
  8.75010357504E-07
  8.74676175044E-07
  8.66955701895E-07
  8.51949209846E-07
  8.29816144687E-07
  8.00773705123E-07
  7.65095705901E-07
  7.23109849332E-07
  6.75195678923E-07
  6.21781055088E-07
  5.63339028758E-07
  5.00383634972E-07
  4.33466254890E-07
  3.63170386208E-07
  2.90107237788E-07
  2.14910699015E-07
  1.38231783353E-07
  6.07334840197E-08
 -1.69146865403E-08
 -9.40428463991E-08
 -1.69985511889E-07
 -2.44087743795E-07
 -3.15710451559E-07
 -3.84235647743E-07
 -4.49071734465E-07
 -5.09658320880E-07
 -5.65470941183E-07
 -6.16025261024E-07
 -6.60881596559E-07
 -6.99647785041E-07
 -7.31983107016E-07
 -7.57600616907E-07
 -7.76269700964E-07
 -7.87817782566E-07
 -7.92131629623E-07
 -7.89158661973E-07
 -7.78906667165E-07
 -7.61443629926E-07
 -7.36897732168E-07
 -7.05455477146E-07
 -6.67360211537E-07
 -6.22909851700E-07
 -5.72454496250E-07
 -5.16393185990E-07
 -4.55170265923E-07
 -3.89272145185E-07
 -3.19222294820E-07
 -2.45577467695E-07
 -1.68922525745E-07
 -8.98656367099E-08
 -9.03315111600E-09
  7.29357338969E-08
  1.55394289436E-07
  2.37693598137E-07
  3.19188160347E-07
  3.99240860816E-07
  4.77228695672E-07
  5.52547362531E-07
  6.24616291134E-07
  6.92883872944E-07
  7.56830786486E-07
  8.15975113255E-07
  8.69875691478E-07
  9.18135469874E-07
  9.60404122452E-07
  9.96381913865E-07
  1.02582043837E-06
  1.04852460936E-06
  1.06435504676E-06
  1.07322716758E-06
  1.07511243641E-06
  1.07003825178E-06
  1.05808692297E-06
  1.03939430574E-06
  1.01414900655E-06
  9.82589767773E-07
  9.45003478137E-07
  9.01721932678E-07
  8.53118990563E-07
  7.99607335011E-07
  7.41634096357E-07
  6.79677384596E-07
  6.14241628227E-07
  5.45853481526E-07
  4.75057277072E-07
  4.02409654043E-07
  3.28475778133E-07
  2.53823941421E-07
  1.79021043323E-07
  1.04627751796E-07
  3.11940873132E-08
 -4.07451743456E-08
 -1.10674704956E-07
 -1.78102723680E-07
 -2.42564851760E-07
 -3.03627672338E-07
 -3.60891931450E-07
 -4.13995508097E-07
 -4.62616071673E-07
 -5.06473213591E-07
 -5.45330294699E-07
 -5.78995980050E-07
 -6.07325091551E-07
 -6.30219631148E-07
 -6.47628723982E-07
 -6.59548447857E-07
 -6.66021264806E-07
 -6.67135452659E-07
 -6.63023342895E-07
 -6.53859558497E-07
 -6.39859308649E-07
 -6.21276171842E-07
 -5.98398742113E-07
 -5.71548525841E-07
 -5.41076133231E-07
 -5.07358208779E-07
 -4.70793878549E-07
 -4.31800827982E-07
 -3.90811578654E-07
 -3.48269651340E-07
 -3.04625388026E-07
 -2.60332143398E-07
 -2.15842177909E-07
 -1.71602835053E-07
 -1.28052633386E-07
 -8.56176356478E-08
 -4.47077859178E-08
 -5.71358915735E-09
  3.09972030266E-08
  6.50823892556E-08
  9.62282129535E-08
  1.24151512182E-07
  1.48602367744E-07
  1.69365463876E-07
  1.86261885915E-07
  1.99150235858E-07
  2.07927570273E-07
  2.12529940313E-07
  2.12932462773E-07
  2.09149447983E-07
  2.01233604002E-07
  1.89275567664E-07
  1.73402526116E-07
  1.53777008904E-07
  1.30595040559E-07
  1.04084321606E-07
  7.45018837733E-08
  4.21317061239E-08
  7.28206250855E-09
 -2.97173716746E-08
 -6.85184602389E-08
 -1.08757731709E-07
 -1.50059676685E-07
 -1.92040047864E-07
 -2.34309112557E-07
 -2.76475162764E-07
 -3.18147812095E-07
 -3.58941406375E-07
 -3.98478164243E-07
 -4.36391417225E-07
 -4.72328906653E-07
 -5.05955085828E-07
 -5.36954701147E-07
 -5.65034667943E-07
 -5.89926685279E-07
 -6.11389680216E-07
 -6.29211228897E-07
 -6.43209489226E-07
 -6.53234735637E-07
 -6.59169757000E-07
 -6.60931675611E-07
 -6.58471776660E-07
 -6.51776304039E-07
 -6.40865835067E-07
 -6.25795394171E-07
 -6.06653657087E-07
 -5.83562496104E-07
 -5.56675047392E-07
 -5.26175028881E-07
 -4.92274864428E-07
 -4.55213722717E-07
 -4.15255641428E-07
 -3.72687054551E-07
 -3.27814433376E-07
 -2.80961899080E-07
 -2.32468096328E-07
 -1.82683734806E-07
 -1.31968505457E-07
 -8.06880819937E-08
 -2.92112911637E-08
  2.20931308803E-08
  7.28593718691E-08
  1.22727612961E-07
  1.71346826505E-07
  2.18377692818E-07
  2.63495337549E-07
  3.06391598315E-07
  3.46778023186E-07
  3.84387618624E-07
  4.18977265326E-07
  4.50329224577E-07
  4.78253298297E-07
  5.02587909068E-07
  5.23201322267E-07
  5.39992754511E-07
  5.52892913674E-07
  5.61864510473E-07
  5.66902485843E-07
  5.68033840409E-07
  5.65317236578E-07
  5.58842600640E-07
  5.48730042738E-07
  5.35128890533E-07
  5.18216381806E-07
  4.98196129683E-07
  4.75296161540E-07
  4.49767270538E-07
  4.21880656631E-07
  3.91925709664E-07
  3.60207764061E-07
  3.27045057702E-07
  2.92766799248E-07
  2.57709729112E-07
  2.22215788881E-07
  1.86629108612E-07
  1.51293278350E-07
  1.16548413587E-07
  8.27283912486E-08
  5.01581887136E-08
  1.91511375647E-08
 -9.99362192999E-09
 -3.69935477806E-08
 -6.15850836994E-08
 -8.35257196741E-08
 -1.02596068530E-07
 -1.18601633403E-07
 -1.31374335410E-07
 -1.40774062629E-07
 -1.46689657754E-07
 -1.49039976804E-07
 -1.47774457560E-07
 -1.42873744835E-07
 -1.34349718905E-07
 -1.22245495504E-07
 -1.06635255293E-07
 -8.76235546343E-08
 -6.53445795251E-08
 -3.99611650437E-08
 -1.16635616720E-08
  1.93320452979E-08
  5.27851931054E-08
  8.84329267592E-08
  1.25991931554E-07
  1.65160628285E-07
  2.05621532245E-07
  2.47043658419E-07
  2.89085164695E-07
  3.31395995090E-07
  3.73620423488E-07
  4.15399910025E-07
  4.56376056945E-07
  4.96193024446E-07
  5.34500600224E-07
  5.70956729007E-07
  6.05230070505E-07
  6.37003211068E-07
  6.65973971081E-07
  6.91858929258E-07
  7.14395071100E-07
  7.33341607884E-07
  7.48482534618E-07
  7.59627766911E-07
  7.66614903114E-07
  7.69310588566E-07
  7.67611197716E-07
  7.61444368891E-07
  7.50768947455E-07
  7.35575838462E-07
  7.15887892966E-07
  6.91760249083E-07
  6.63279195123E-07
  6.30562567494E-07
  5.93758386458E-07
  5.53044117169E-07
  5.08624964368E-07
  4.60733275531E-07
  4.09626068176E-07
  3.55583892997E-07
  2.98908361174E-07
  2.39920382228E-07
  1.78957719754E-07
  1.16372540049E-07
  5.25291703468E-08
 -1.21987948631E-08
 -7.74308475116E-08
 -1.42782440093E-07
 -2.07867557833E-07
 -2.72301548421E-07
 -3.35703759902E-07
 -3.97700262056E-07
 -4.57926404351E-07
 -5.16029331266E-07
 -5.71670511818E-07
 -6.24528126991E-07
 -6.74298973991E-07
 -7.20701166301E-07
 -7.63475384247E-07
 -8.02386921350E-07
 -8.37227219108E-07
 -8.67815572292E-07
 -8.93999754226E-07
 -9.15656983125E-07
 -9.32695456868E-07
 -9.45054011936E-07
 -9.52702691848E-07
 -9.55642917688E-07
 -9.53907374424E-07
 -9.47559499309E-07
 -9.36692799769E-07
 -9.21430284961E-07
 -9.01923272068E-07
 -8.78350135736E-07
 -8.50915057526E-07
 -8.19846150080E-07
 -7.85393751812E-07
 -7.47828892145E-07
 -7.07440392489E-07
 -6.64533558847E-07
 -6.19427282800E-07
 -5.72451824610E-07
 -5.23946368958E-07
 -4.74256268035E-07
 -4.23730853072E-07
 -3.72720450059E-07
 -3.21573963902E-07
 -2.70636434152E-07
 -2.20246207050E-07
 -1.70732633364E-07
 -1.22413737813E-07
 -7.55937250574E-08
 -3.05610008411E-08
  1.24141230629E-08
  5.30811021804E-08
  9.12110849072E-08
  1.26598479255E-07
  1.59062281568E-07
  1.88447302207E-07
  2.14625117678E-07
  2.37495214606E-07
  2.56984890257E-07
  2.73050289934E-07
  2.85675980649E-07
  2.94875320606E-07
  3.00689663391E-07
  3.03188130601E-07
  3.02466759194E-07
  2.98647478303E-07
  2.91876830261E-07
  2.82324748468E-07
  2.70182880513E-07
  2.55662712334E-07
  2.38994090296E-07
  2.20422563757E-07
  2.00207509238E-07
  1.78619998792E-07
  1.55939986257E-07
  1.32454161417E-07
  1.08453349412E-07
  8.42298817361E-08
  6.00751164370E-08
  3.62767487161E-08
  1.31164696882E-08
 -9.13263331626E-09
 -3.02084899317E-08
 -4.98623116130E-08
 -6.78608103044E-08
 -8.39882545733E-08
 -9.80484102797E-08
 -1.09866306275E-07
 -1.19289737199E-07
 -1.26190712990E-07
 -1.30466546011E-07
 -1.32040895551E-07
 -1.30864378889E-07
 -1.26915068677E-07
 -1.20198862419E-07
 -1.10749269311E-07
 -9.86272326031E-08
 -8.39207388026E-08
 -6.67438797564E-08
 -4.72360071058E-08
 -2.55604994948E-08
 -1.90328353078E-09
  2.35287789252E-08
  5.05096480197E-08
  7.87962903814E-08
  1.08130748799E-07
  1.38242398862E-07
  1.68850547766E-07
  1.99666899903E-07
  2.30398171652E-07
  2.60748834080E-07
  2.90423741944E-07
  3.19130890603E-07
  3.46584243971E-07
  3.72506235635E-07
  3.96630525756E-07
  4.18704217964E-07
  4.38490729948E-07
  4.55771555607E-07
  4.70348680892E-07
  4.82046402794E-07
  4.90712920964E-07
  4.96222241964E-07
  4.98474832966E-07
  4.97399241794E-07
  4.92952494824E-07
  4.85120722260E-07
  4.73919413935E-07
  4.59393476149E-07
  4.41616577973E-07
  4.20690781766E-07
  3.96746003162E-07
  3.69938277345E-07
  3.40448707448E-07
  3.08481986622E-07
  2.74264294831E-07
  2.38041337752E-07
  2.00076144097E-07
  1.60646706604E-07
  1.20043210927E-07
  7.85655700497E-08
  3.65205750086E-08
 -5.78102765658E-09
 -4.80273172343E-08
 -8.99081271655E-08
 -1.31118014224E-07
 -1.71359019419E-07
 -2.10343443996E-07
 -2.47796577924E-07
 -2.83459115735E-07
 -3.17089927648E-07
 -3.48467608546E-07
 -3.77393149620E-07
 -4.03691302608E-07
 -4.27212398790E-07
 -4.47833258477E-07
 -4.65458725785E-07
 -4.80022094962E-07
 -4.91485309340E-07
 -4.99839700296E-07
 -5.05105276716E-07
 -5.07330696564E-07
 -5.06592016336E-07
 -5.02992179463E-07
 -4.96659367855E-07
 -4.87745410283E-07
 -4.76424219187E-07
 -4.62889204300E-07
 -4.47351681032E-07
 -4.30037658816E-07
 -4.11185965277E-07
 -3.91044750359E-07
 -3.69869184169E-07
 -3.47918273746E-07
 -3.25451935623E-07
 -3.02727926282E-07
 -2.79999056829E-07
 -2.57510123447E-07
 -2.35495079437E-07
 -2.14174548319E-07
 -1.93753024291E-07
 -1.74416712184E-07
 -1.56331097401E-07
 -1.39639311669E-07
 -1.24460370898E-07
 -1.10887668825E-07
 -9.89880106772E-08
 -8.88006965738E-08
 -8.03371307256E-08
 -7.35806935381E-08
 -6.84867629275E-08
 -6.49834746014E-08
 -6.29723260204E-08
 -6.23295335345E-08
 -6.29073113600E-08
 -6.45357900453E-08
 -6.70251267820E-08
 -7.01674807146E-08
 -7.37400895900E-08
 -7.75075150727E-08
 -8.12249183468E-08
 -8.46410159738E-08
 -8.75013626001E-08
 -8.95515341881E-08
 -9.05405244112E-08
 -9.02241765743E-08
 -8.83682957920E-08
 -8.47521306468E-08
 -7.91713361536E-08
 -7.14410930414E-08
 -6.13988717646E-08
 -4.89070899334E-08
 -3.38555103951E-08
 -1.61632964790E-08
  4.21910950621E-09
  2.73085873914E-08
  5.30880335248E-08
  8.15057816794E-08
  1.12475021297E-07
  1.45873812585E-07
  1.81545502187E-07
  2.19299337800E-07
  2.58911853734E-07
  3.00128078834E-07
  3.42663497577E-07
  3.86206693292E-07
  4.30421209785E-07
  4.74949132467E-07
  5.19413731581E-07
  5.63423441235E-07
  6.06574815265E-07
  6.48457046282E-07
  6.88655575232E-07
  7.26756354652E-07
  7.62349827710E-07
  7.95035475676E-07
  8.24425740120E-07
  8.50150172482E-07
  8.71859469953E-07
  8.89229340828E-07
  9.01964597233E-07
  9.09801656235E-07
  9.12512689411E-07
  9.09908067115E-07
  9.01839143808E-07
  8.88199963356E-07
  8.68929760145E-07
  8.44013925416E-07
  8.13484859918E-07
  7.77422940246E-07
  7.35956234621E-07
  6.89260332365E-07
  6.37557320715E-07
  5.81114420584E-07
  5.20242963375E-07
  4.55294895119E-07
  3.86661611174E-07
  3.14770005616E-07
  2.40079572222E-07
  1.63078766491E-07
  8.42807494905E-08
  4.21950430152E-09
 -7.65548477943E-08
 -1.57480570806E-07
 -2.37989027596E-07
 -3.17509631031E-07
 -3.95474756942E-07
 -4.71324568707E-07
 -5.44511749467E-07
 -6.14506461716E-07
 -6.80800951613E-07
 -7.42913755403E-07
 -8.00393877398E-07
 -8.52825280617E-07
 -8.99829728951E-07
 -9.41070481986E-07
 -9.76255023488E-07
 -1.00513796042E-06
 -1.02752244402E-06
 -1.04326227301E-06
 -1.05226354208E-06
 -1.05448350496E-06
 -1.04993330297E-06
 -1.03867625967E-06
 -1.02082685771E-06
 -9.96551079879E-07
 -9.66063112173E-07
 -9.29624775381E-07
 -8.87541943939E-07
 -8.40162556415E-07
 -7.87872636465E-07
 -7.31093905415E-07
 -6.70278723192E-07
 -6.05906961937E-07
 -5.38481572221E-07
 -4.68523808195E-07
 -3.96569390659E-07
 -3.23163192206E-07
 -2.48855059226E-07
 -1.74195022851E-07
 -9.97287088467E-08
 -2.59929731072E-08
  4.64885729912E-08
  1.17209623340E-07
  1.85685195220E-07
  2.51455247735E-07
  3.14088282494E-07
  3.73184150249E-07
  4.28377148864E-07
  4.79338325476E-07
  5.25777466009E-07
  5.67444828903E-07
  6.04132480930E-07
  6.35675235117E-07
  6.61950650738E-07
  6.82879942815E-07
  6.98427015777E-07
  7.08598008714E-07
  7.13440272193E-07
  7.13041117706E-07
  7.07525657617E-07
  6.97055384080E-07
  6.81825554238E-07
  6.62062518586E-07
  6.38021504074E-07
  6.09983203503E-07
  5.78250933359E-07
  5.43147393728E-07
  5.05011485075E-07
  4.64195125005E-07
  4.21059496603E-07
  3.75972376787E-07
  3.29304469915E-07
  2.81426480342E-07
  2.32706014458E-07
  1.83504738516E-07
  1.34175721200E-07
  8.50607477787E-08
  3.64882488668E-08
 -1.12289724186E-08
 -5.77955390213E-08
 -1.02935061363E-07
 -1.46391499811E-07
 -1.87930353945E-07
 -2.27339270964E-07
 -2.64428848595E-07
 -2.99033047213E-07
 -3.31008749299E-07
 -3.60236413144E-07
 -3.86618864923E-07
 -4.10081497648E-07
 -4.30571105881E-07
 -4.48054976232E-07
 -4.62520063138E-07
 -4.73971709880E-07
 -4.82432142235E-07
 -4.87939473715E-07
 -4.90546426590E-07
 -4.90317972890E-07
 -4.87331078602E-07
 -4.81672771002E-07
 -4.73438149129E-07
 -4.62730071149E-07
 -4.49657079571E-07
 -4.34332605437E-07
 -4.16873575659E-07
 -3.97399617214E-07
 -3.76032033955E-07
 -3.52893124500E-07
 -3.28105414837E-07
 -3.01791374113E-07
 -2.74072704087E-07
 -2.45070452820E-07
 -2.14904503082E-07
 -1.83693856570E-07
 -1.51556591277E-07
 -1.18609996491E-07
 -8.49709991257E-08
 -5.07563164831E-08
 -1.60829944917E-08
  1.89312849841E-08
  5.41675397869E-08
  8.95053133831E-08
  1.24822051362E-07
  1.59992580961E-07
  1.94888983174E-07
  2.29380063388E-07
  2.63331259021E-07
  2.96604270034E-07
  3.29057201043E-07
  3.60544646583E-07
  3.90917449522E-07
  4.20023781089E-07
  4.47708686124E-07
  4.73815362056E-07
  4.98185329434E-07
  5.20659739323E-07
  5.41079941740E-07
  5.59288935165E-07
  5.75132048652E-07
  5.88458988204E-07
  5.99124518885E-07
  6.06990454344E-07
  6.11926850524E-07
  6.13813767814E-07
  6.12542805811E-07
  6.08019036008E-07
  6.00161683906E-07
  5.88906800658E-07
  5.74208002035E-07
  5.56038116883E-07
  5.34390494522E-07
  5.09280255301E-07
  4.80744802189E-07
  4.48845696610E-07
  4.13668203691E-07
  3.75322628088E-07
  3.33944029762E-07
  2.89692593469E-07
  2.42753344537E-07
  1.93335765175E-07
  1.41672899190E-07
  8.80206982856E-08
  3.26567395348E-08
 -2.41212134711E-08
 -8.19968022370E-08
 -1.40636984725E-07
 -1.99694127900E-07
 -2.58808256604E-07
 -3.17609590184E-07
 -3.75721100454E-07
 -4.32761424918E-07
 -4.88347495775E-07
 -5.42098007372E-07
 -5.93635661517E-07
 -6.42591317046E-07
 -6.88606064614E-07
 -7.31335205728E-07
 -7.70450299115E-07
 -8.05643026069E-07
 -8.36627577883E-07
 -8.63143327479E-07
 -8.84957216840E-07
 -9.01866485492E-07
 -9.13700716865E-07
 -9.20323145692E-07
 -9.21632988593E-07
 -9.17566239877E-07
 -9.08096865260E-07
 -8.93237427135E-07
 -8.73039766702E-07
 -8.47594435527E-07
 -8.17031093447E-07
 -7.81517542237E-07
 -7.41258588732E-07
 -6.96495078500E-07
 -6.47502076845E-07
 -5.94587106661E-07
 -5.38087874702E-07
 -4.78369884149E-07
 -4.15823450339E-07
 -3.50861085963E-07
 -2.83914005195E-07
 -2.15429011519E-07
 -1.45864930801E-07
 -7.56889519948E-08
 -5.37308642024E-09
  6.46097575441E-08
  1.33789384904E-07
  2.01702107461E-07
  2.67894535000E-07
  3.31926941044E-07
  3.93377035834E-07
  4.51843163773E-07
  5.06947401391E-07
  5.58338683732E-07
  6.05695390732E-07
  6.48728132546E-07
  6.87181568537E-07
  7.20836169421E-07
  7.49510547848E-07
  7.73061969994E-07
  7.91387776644E-07
  8.04425496881E-07
  8.12153587049E-07
  8.14591146536E-07
  8.11797121969E-07
  8.03869852462E-07
  7.90946103280E-07
  7.73199076320E-07
  7.50837216401E-07
  7.24101880678E-07
  6.93265121754E-07
  6.58626959193E-07
  6.20512935257E-07
  5.79271102197E-07
  5.35268725343E-07
  4.88888986183E-07
  4.40527969658E-07
  3.90590997768E-07
  3.39488991585E-07
  2.87635600671E-07
  2.35443039287E-07
  1.83318974223E-07
  1.31663412617E-07
  8.08651421380E-08
  3.12988994722E-08
 -1.66778004740E-08
 -6.27271035114E-08
 -1.06533448729E-07
 -1.47805948814E-07
 -1.86280288972E-07
 -2.21720526383E-07
 -2.53920575233E-07
 -2.82705570953E-07
 -3.07932452870E-07
 -3.29491001594E-07
 -3.47303881654E-07
 -3.61326755183E-07
 -3.71547940858E-07
 -3.77987959155E-07
 -3.80698878644E-07
 -3.79762695957E-07
 -3.75290539978E-07
 -3.67420881275E-07
 -3.56317769956E-07
 -3.42168760881E-07
 -3.25182753613E-07
 -3.05588088167E-07
 -2.83629475462E-07
 -2.59565837268E-07
 -2.33667805105E-07
 -2.06214636478E-07
 -1.77491884301E-07
 -1.47788526306E-07
 -1.17394328925E-07
 -8.65974172370E-08
 -5.56812587149E-08
 -2.49227998239E-08
  5.41033839951E-09
  3.50619124845E-08
  6.37889812083E-08
  9.13638729116E-08
  1.17576064440E-07
  1.42233290035E-07
  1.65163129395E-07
  1.86213952702E-07
  2.05255844321E-07
  2.22181043341E-07
  2.36904583062E-07
  2.49364319416E-07
  2.59520845702E-07
  2.67357251005E-07
  2.72878594387E-07
  2.76111421726E-07
  2.77102344626E-07
  2.75917699355E-07
  2.72641585752E-07
  2.67375042995E-07
  2.60234173766E-07
  2.51348694746E-07
  2.40860032363E-07
  2.28919702749E-07
  2.15687123273E-07
  2.01328134608E-07
  1.86012599102E-07
  1.69912766523E-07
  1.53201241915E-07
  1.36049081334E-07
  1.18624093659E-07
  1.01088943438E-07
  8.35995379589E-08
  6.63035493176E-08
  4.93389293865E-08
  3.28326628107E-08
  1.68995235583E-08
  1.64131552793E-09
 -1.28542199107E-08
 -2.65138382360E-08
 -3.92793673143E-08
 -5.11079853993E-08
 -6.19721447492E-08
 -7.18598371918E-08
 -8.07741002973E-08
 -8.87326123689E-08
 -9.57671346669E-08
 -1.01922836393E-07
 -1.07257235982E-07
 -1.11839270289E-07
 -1.15748072460E-07
 -1.19071749793E-07
 -1.21905927131E-07
 -1.24352339981E-07
 -1.26517221588E-07
 -1.28509810793E-07
 -1.30440653834E-07
 -1.32419984311E-07
 -1.34556159992E-07
 -1.36953957508E-07
 -1.39712923897E-07
 -1.42926069202E-07
 -1.46678232227E-07
 -1.51044730501E-07
 -1.56090266046E-07
 -1.61867333759E-07
 -1.68415795088E-07
 -1.75761499577E-07
 -1.83915901175E-07
 -1.92875177163E-07
 -2.02620014988E-07
 -2.13115569636E-07
 -2.24310724661E-07
 -2.36139058529E-07
 -2.48518659873E-07
 -2.61352624875E-07
 -2.74529952549E-07
 -2.87926241072E-07
 -3.01404497804E-07
 -3.14816759328E-07
 -3.28004915673E-07
 -3.40802472465E-07
 -3.53035915168E-07
 -3.64526613339E-07
 -3.75092156446E-07
 -3.84548854981E-07
 -3.92713189967E-07
 -3.99403631945E-07
 -4.04443170510E-07
 -4.07660735391E-07
 -4.08893612303E-07
 -4.07989006135E-07
 -4.04806343113E-07
 -3.99218635039E-07
 -3.91114525655E-07
 -3.80399853839E-07
 -3.66999046264E-07
 -3.50856595333E-07
 -3.31938167619E-07
 -3.10231740741E-07
 -2.85748257056E-07
 -2.58522675267E-07
 -2.28613870945E-07
 -1.96105361283E-07
 -1.61105077723E-07
 -1.23745280689E-07
 -8.41820906317E-08
 -4.25949693295E-08
  8.14455614062E-10
  4.58229365563E-08
  9.21873208881E-08
  1.39645933928E-07
  1.87920136341E-07
  2.36716118707E-07
  2.85727367100E-07
  3.34636240495E-07
  3.83116656621E-07
  4.30836223586E-07
  4.77459309423E-07
  5.22648974766E-07
  5.66069843444E-07
  6.07391484664E-07
  6.46289777251E-07
  6.82450547629E-07
  7.15572184617E-07
  7.45367970012E-07
  7.71568693381E-07
  7.93924925802E-07
  8.12209634660E-07
  8.26220002637E-07
  8.35779530917E-07
  8.40739915020E-07
  8.40982636419E-07
  8.36420269934E-07
  8.26997336389E-07
  8.12692007912E-07
  7.93515823716E-07
  7.69514940657E-07
  7.40769507956E-07
  7.07393951416E-07
  6.69536802889E-07
  6.27379108664E-07
  5.81134429467E-07
  5.31047362529E-07
  4.77391608911E-07
  4.20468751372E-07
  3.60606179584E-07
  2.98154958500E-07
  2.33487156720E-07
  1.66993842754E-07
  9.90818236346E-08
  3.01710798567E-08
 -3.93083148253E-08
 -1.08919216757E-07
 -1.78220687985E-07
 -2.46771094226E-07
 -3.14131398227E-07
 -3.79868424716E-07
 -4.43557951257E-07
 -5.04787863065E-07
 -5.63161449918E-07
 -6.18299907273E-07
 -6.69845746870E-07
 -7.17465013622E-07
 -7.60849957260E-07
 -7.99721249223E-07
 -8.33830313240E-07
 -8.62961030634E-07
 -8.86931047717E-07
 -9.05593708467E-07
 -9.18838850339E-07
 -9.26593372697E-07
 -9.28821975776E-07
 -9.25527558593E-07
 -9.16750821034E-07
 -9.02569979644E-07
 -8.83100085503E-07
 -8.58492398947E-07
 -8.28932513741E-07
 -7.94639561263E-07
 -7.55863879931E-07
 -7.12885537268E-07
 -6.66011828798E-07
 -6.15574663243E-07
 -5.61928743537E-07
 -5.05447815158E-07
 -4.46522506081E-07
 -3.85557058280E-07
 -3.22966002386E-07
 -2.59171457628E-07
 -1.94599607539E-07
 -1.29677431460E-07
 -6.48297842076E-08
 -4.75947170564E-10
  6.29733847290E-08
  1.25118944538E-07
  1.85576055856E-07
  2.43977325454E-07
  2.99975027929E-07
  3.53243763129E-07
  4.03482545153E-07
  4.50416877129E-07
  4.93800541790E-07
  5.33416937287E-07
  5.69080611967E-07
  6.00638145443E-07
  6.27968802291E-07
  6.50985043649E-07
  6.69632868266E-07
  6.83891585140E-07
  6.93773358762E-07
  6.99322924902E-07
  7.00616340055E-07
  6.97759901414E-07
  6.90889010002E-07
  6.80166579059E-07
  6.65780987674E-07
  6.47944091270E-07
  6.26889459454E-07
  6.02869533850E-07
  5.76153922793E-07
  5.47026047570E-07
  5.15781039212E-07
  4.82723180539E-07
  4.48162523980E-07
  4.12412873629E-07
  3.75788886231E-07
  3.38603172167E-07
  3.01164050143E-07
  2.63772562903E-07
  2.26720587193E-07
  1.90288105273E-07
  1.54741300662E-07
  1.20330426512E-07
  8.72880860925E-08
  5.58275594642E-08
  2.61413912739E-08
 -1.59997981530E-09
 -2.72488236419E-08
 -5.06813755408E-08
 -7.17980341847E-08
 -9.05237769189E-08
 -1.06808300870E-07
 -1.20625728073E-07
 -1.31974360329E-07
 -1.40876153409E-07
 -1.47375700976E-07
 -1.51539396143E-07
 -1.53454266183E-07
 -1.53226551447E-07
 -1.50980312696E-07
 -1.46855612115E-07
 -1.41007021170E-07
 -1.33601517405E-07
 -1.24816594393E-07
 -1.14838485388E-07
 -1.03859775891E-07
 -9.20775633517E-08
 -7.96913255385E-08
 -6.69009594390E-08
 -5.39046496328E-08
 -4.08969995647E-08
 -2.80671432762E-08
 -1.55970045768E-08
 -3.65970120875E-09
  7.58222729047E-09
  1.79779675591E-08
  2.73896887393E-08
  3.56937839285E-08
  4.27816502224E-08
  4.85605120559E-08
  5.29538048966E-08
  5.59017436785E-08
  5.73614151733E-08
  5.73068099641E-08
  5.57285986247E-08
  5.26337871065E-08
  4.80453223872E-08
  4.20011332380E-08
  3.45536683710E-08
  2.57686778582E-08
  1.57241757393E-08
  4.50928983042E-09
 -7.77711672839E-09
 -2.10276738244E-08
 -3.51280924349E-08
 -4.99585297575E-08
 -6.53952056950E-08
 -8.13118035126E-08
 -9.75810294790E-08
 -1.14076158297E-07
 -1.30672333398E-07
 -1.47248059079E-07
 -1.63686479482E-07
 -1.79876550988E-07
 -1.95714250140E-07
 -2.11103454717E-07
 -2.25956952704E-07
 -2.40197095991E-07
 -2.53756383017E-07
 -2.66577984576E-07
 -2.78616113292E-07
 -2.89835924150E-07
 -3.00213770288E-07
 -3.09737032467E-07
 -3.18403493793E-07
 -3.26221453406E-07
 -3.33208646452E-07
 -3.39391817761E-07
 -3.44805755503E-07
 -3.49492438545E-07
 -3.53500155370E-07
 -3.56881940888E-07
 -3.59695093266E-07
 -3.61999298093E-07
 -3.63855775731E-07
 -3.65325973917E-07
 -3.66470203517E-07
 -3.67346416397E-07
 -3.68009125395E-07
 -3.68508125348E-07
 -3.68887413060E-07
 -3.69184277815E-07
 -3.69428221347E-07
 -3.69640417830E-07
 -3.69832747538E-07
 -3.70007541051E-07
 -3.70156868712E-07
 -3.70262682736E-07
 -3.70296334040E-07
 -3.70218771195E-07
 -3.69980881487E-07
 -3.69523633026E-07
 -3.68778927395E-07
 -3.67669770185E-07
 -3.66111748917E-07
 -3.64013345688E-07
 -3.61277585625E-07
 -3.57802946382E-07
 -3.53484551852E-07
 -3.48215962731E-07
 -3.41890341815E-07
 -3.34402045610E-07
 -3.25648301214E-07
 -3.15530627404E-07
 -3.03956596781E-07
 -2.90841200012E-07
 -2.76108664821E-07
 -2.59693564431E-07
 -2.41542664980E-07
 -2.21615664486E-07
 -1.99887011831E-07
 -1.76346475200E-07
 -1.51000307369E-07
 -1.23871942037E-07
 -9.50025906832E-08
 -6.44516973125E-08
 -3.22970699074E-08
  1.36503019998E-09
  3.64200083425E-08
  7.27354390051E-08
  1.10161572309E-07
  1.48532038224E-07
  1.87665037288E-07
  2.27364253647E-07
  2.67420375621E-07
  3.07612538109E-07
  3.47710084725E-07
  3.87474244690E-07
  4.26660051289E-07
  4.65018786144E-07
  5.02299485561E-07
  5.38251754278E-07
  5.72627527617E-07
  6.05183743119E-07
  6.35684330064E-07
  6.63902483211E-07
  6.89623050221E-07
  7.12644578016E-07
  7.32781131774E-07
  7.49864454974E-07
  7.63745958920E-07
  7.74297632233E-07
  7.81414371431E-07
  7.85014378835E-07
  7.85041038398E-07
  7.81462972554E-07
  7.74275406457E-07
  7.63499713230E-07
  7.49184437154E-07
  7.31404099952E-07
  7.10259826064E-07
  6.85878092099E-07
  6.58410101551E-07
  6.28030420557E-07
  5.94936125253E-07
  5.59344755402E-07
  5.21492552252E-07
  4.81633094296E-07
  4.40034455096E-07
  3.96977497985E-07
  3.52753090738E-07
  3.07660002363E-07
  2.62001918827E-07
  2.16085169313E-07
  1.70216011952E-07
  1.24697834281E-07
  7.98286521331E-08
  3.58985339233E-08
 -6.81288447879E-09
 -4.80388386848E-08
 -8.75276313650E-08
 -1.25044792298E-07
 -1.60374995062E-07
 -1.93323842268E-07
 -2.23719368364E-07
 -2.51413410979E-07
 -2.76282577261E-07
 -2.98229366535E-07
 -3.17182497156E-07
 -3.33097233352E-07
 -3.45955641023E-07
 -3.55766303528E-07
 -3.62563866929E-07
 -3.66408244190E-07
 -3.67383933053E-07
 -3.65598509688E-07
 -3.61181378139E-07
 -3.54282434500E-07
 -3.45069679497E-07
 -3.33727740554E-07
 -3.20455654901E-07
 -3.05464624262E-07
 -2.88975485319E-07
 -2.71216748615E-07
 -2.52421756386E-07
 -2.32826351976E-07
 -2.12666449784E-07
 -1.92175619418E-07
 -1.71582570374E-07
 -1.51109020408E-07
 -1.30967436007E-07
 -1.11358943400E-07
 -9.24714811390E-08
 -7.44779953266E-08
 -5.75349687892E-08
 -4.17810284148E-08
 -2.73357709801E-08
 -1.42989158292E-08
 -2.74964229163E-09
  7.25388993317E-09
  1.56747113067E-08
  2.24969429752E-08
  2.77255782777E-08
  3.13858734557E-08
  3.35226246762E-08
  3.41991963637E-08
  3.34963488058E-08
  3.15107726578E-08
  2.83536500945E-08
  2.41489690467E-08
  1.90315194715E-08
  1.31452013719E-08
  6.64072219436E-09
 -3.26259935735E-10
 -7.59742757594E-09
 -1.50139491950E-08
 -2.24184244502E-08
 -2.96573361425E-08
 -3.65827865778E-08
 -4.30546052144E-08
 -4.89421587702E-08
 -5.41261009346E-08
 -5.85000208275E-08
 -6.19716757910E-08
 -6.44644089220E-08
 -6.59181011997E-08
 -6.62900276893E-08
 -6.55554686091E-08
 -6.37081285504E-08
 -6.07602359537E-08
 -5.67425431086E-08
 -5.17040241732E-08
 -4.57113316088E-08
 -3.88480678737E-08
 -3.12138723757E-08
 -2.29232313131E-08
 -1.41041294199E-08
 -4.89663598557E-09
  4.54888038348E-09
  1.40734153220E-08
  2.35113439828E-08
  3.26924194383E-08
  4.14437266727E-08
  4.95920247090E-08
  5.69656286586E-08
  6.33967616182E-08
  6.87236010322E-08
  7.27923747945E-08
  7.54592832664E-08
  7.65925207702E-08
  7.60740235251E-08
  7.38010541568E-08
  6.96877933137E-08
  6.36666754872E-08
  5.56894192982E-08
  4.57280684429E-08
  3.37756986823E-08
  1.98469098933E-08
  3.97814137187E-09
 -1.37723583649E-08
 -3.33245786521E-08
 -5.45772707028E-08
 -7.74085009425E-08
 -1.01676569386E-07
 -1.27221056800E-07
 -1.53864050390E-07
 -1.81411735412E-07
 -2.09655794947E-07
 -2.38375506001E-07
 -2.67339373750E-07
 -2.96307462122E-07
 -3.25033340687E-07
 -3.53266386810E-07
 -3.80754158869E-07
 -4.07244613143E-07
 -4.32488548086E-07
 -4.56241735947E-07
 -4.78267452309E-07
 -4.98338636135E-07
 -5.16239936132E-07
 -5.31769671852E-07
 -5.44742306374E-07
 -5.54989526336E-07
 -5.62362515666E-07
 -5.66732921925E-07
 -5.67994106859E-07
 -5.66063192764E-07
 -5.60880494049E-07
 -5.52411165700E-07
 -5.40645373803E-07
 -5.25598693457E-07
 -5.07311597175E-07
 -4.85849909637E-07
 -4.61303983457E-07
 -4.33787903376E-07
 -4.03438946250E-07
 -3.70416472606E-07
 -3.34900391863E-07
 -2.97090139156E-07
 -2.57202771081E-07
 -2.15471573028E-07
 -1.72143742816E-07
 -1.27478884338E-07
 -8.17467196157E-08
 -3.52250104640E-08
  1.18026166618E-08
  5.90488689056E-08
  1.06225009233E-07
  1.53043146156E-07
  1.99218220587E-07
  2.44470413691E-07
  2.88527132852E-07
  3.31124738295E-07
  3.72011044192E-07
  4.10946540796E-07
  4.47706327122E-07
  4.82081588871E-07
  5.13881161623E-07
  5.42932468761E-07
  5.69082772017E-07
  5.92199967286E-07
  6.12173550962E-07
  6.28914790468E-07
  6.42357179004E-07
  6.52457003980E-07
  6.59193119645E-07
  6.62566208121E-07
  6.62599575207E-07
  6.59337956677E-07
  6.52846551930E-07
  6.43211080842E-07
  6.30536476365E-07
  6.14945747657E-07
  5.96578558998E-07
  5.75590604512E-07
  5.52151902866E-07
  5.26445433024E-07
  4.98665428950E-07
  4.69016100624E-07
  4.37710042434E-07
  4.04966527867E-07
  3.71009832634E-07
  3.36068012530E-07
  3.00370629702E-07
  2.64147899998E-07
  2.27628731864E-07
  1.91039276842E-07
  1.54601707436E-07
  1.18532639704E-07
  8.30419466524E-08
  4.83315041322E-08
  1.45941188023E-08
 -1.79875865314E-08
 -4.92420184628E-08
 -7.90095597836E-08
 -1.07143200978E-07
 -1.33509274747E-07
 -1.57987983584E-07
 -1.80473776368E-07
 -2.00875689416E-07
 -2.19117623601E-07
 -2.35138529092E-07
 -2.48892263244E-07
 -2.60347775338E-07
 -2.69488737104E-07
 -2.76313471659E-07
 -2.80834711930E-07
 -2.83078918528E-07
 -2.83086166064E-07
 -2.80909489447E-07
 -2.76614201766E-07
 -2.70277467962E-07
 -2.61987509020E-07
 -2.51842948273E-07
 -2.39951930325E-07
 -2.26431410510E-07
 -2.11406316453E-07
 -1.95008766468E-07
 -1.77377017962E-07
 -1.58654827942E-07
 -1.38990301934E-07
 -1.18535247395E-07
 -9.74440510504E-08
 -7.58728830874E-08
 -5.39788445053E-08
 -3.19190007758E-08
 -9.84949011240E-09
  1.20752243760E-08
  3.37032801667E-08
  5.48862750804E-08
  7.54799600600E-08
  9.53450651764E-08
  1.14347983526E-07
  1.32361620331E-07
  1.49265844129E-07
  1.64948332326E-07
  1.79304905146E-07
  1.92240477759E-07
  2.03669102916E-07
  2.13514837810E-07
  2.21711772497E-07
  2.28204626751E-07
  2.32949076917E-07
  2.35911826962E-07
  2.37070992171E-07
  2.36416028088E-07
  2.33947929473E-07
  2.29679272934E-07
  2.23634032182E-07
  2.15847620666E-07
  2.06366479460E-07
  1.95248162527E-07
  1.82560754070E-07
  1.68382612742E-07
  1.52801902686E-07
  1.35916152999E-07
  1.17831682189E-07
  9.86630013244E-08
  7.85321319086E-08
  5.75679308668E-08
  3.59052592103E-08
  1.36842972509E-08
 -8.95043505977E-09
 -3.18508455166E-08
 -5.48662448807E-08
 -7.78442768024E-08
 -1.00631851296E-07
 -1.23076134173E-07
 -1.45025524034E-07
 -1.66330636375E-07
 -1.86845298344E-07
 -2.06427486660E-07
 -2.24940336579E-07
 -2.42253037186E-07
 -2.58241612983E-07
 -2.72790146028E-07
 -2.85791173837E-07
 -2.97146726780E-07
 -3.06768953351E-07
 -3.14580887562E-07
 -3.20516988950E-07
 -3.24523426798E-07
 -3.26559103314E-07
 -3.26595397837E-07
 -3.24617047909E-07
 -3.20621836636E-07
 -3.14621104280E-07
 -3.06639691416E-07
 -2.96715825243E-07
 -2.84900920633E-07
 -2.71259608553E-07
 -2.55869196053E-07
 -2.38819353626E-07
 -2.20211703095E-07
 -2.00159163910E-07
 -1.78785299454E-07
 -1.56223677550E-07
 -1.32617060444E-07
 -1.08116580577E-07
 -8.28807742437E-08
 -5.70746685469E-08
 -3.08687511108E-08
 -4.43796777105E-09
  2.20394351658E-08
  4.83829687425E-08
  7.44110337791E-08
  9.99421061465E-08
  1.24795846546E-07
  1.48794256916E-07
  1.71762820855E-07
  1.93531690229E-07
  2.13936644400E-07
  2.32820283941E-07
  2.50033053817E-07
  2.65434238145E-07
  2.78892770211E-07
  2.90288284077E-07
  2.99511924595E-07
  3.06466944267E-07
  3.11069698000E-07
  3.13249870487E-07
  3.12951470960E-07
  3.10132861614E-07
  3.04767326043E-07
  2.96843523984E-07
  2.86365349211E-07
  2.73352355862E-07
  2.57839559481E-07
  2.39877607555E-07
  2.19532367396E-07
  1.96884883508E-07
  1.72030951262E-07
  1.45080804259E-07
  1.16158552999E-07
  8.54016022345E-08
  5.29599795129E-08
  1.89958058172E-08
 -1.63177720225E-08
 -5.27972900954E-08
 -9.02498129562E-08
 -1.28474113126E-07
 -1.67261518413E-07
 -2.06397089642E-07
 -2.45660743303E-07
 -2.84828246322E-07
 -3.23672708191E-07
 -3.61965476259E-07
 -3.99477556812E-07
 -4.35980808788E-07
 -4.71249109069E-07
 -5.05059915668E-07
 -5.37194978278E-07
 -5.67441986732E-07
 -5.95595849973E-07
 -6.21459491867E-07
 -6.44845385978E-07
 -6.65576294523E-07
 -6.83486916842E-07
 -6.98424514667E-07
 -7.10249935310E-07
 -7.18838350622E-07
 -7.24080791770E-07
 -7.25884149233E-07
 -7.24172195987E-07
 -7.18886496998E-07
 -7.09986693437E-07
 -6.97450332154E-07
 -6.81274968883E-07
 -6.61476349251E-07
 -6.38089943550E-07
 -6.11170548837E-07
 -5.80792629989E-07
 -5.47049353372E-07
 -5.10053212111E-07
 -4.69935315550E-07
 -4.26844735557E-07
 -3.80948279144E-07
 -3.32429749506E-07
 -2.81488752307E-07
 -2.28340610420E-07
 -1.73214417032E-07
 -1.16352907753E-07
 -5.80106771508E-08
  1.54697377130E-09
  6.20450393285E-08
  1.23200535995E-07
  1.84723973007E-07
  2.46320581709E-07
  3.07692346269E-07
  3.68538906059E-07
  4.28559985721E-07
  4.87456645715E-07
  5.44932959201E-07
  6.00697944719E-07
  6.54466816741E-07
  7.05963316250E-07
  7.54920392865E-07
  8.01082933322E-07
  8.44208273065E-07
  8.84068526830E-07
  9.20451213915E-07
  9.53161418238E-07
  9.82022356766E-07
  1.00687691429E-06
  1.02758860976E-06
  1.04404193735E-06
  1.05614492441E-06
  1.06382708509E-06
  1.06704271730E-06
  1.06576908365E-06
  1.06000800315E-06
  1.04978585114E-06
  1.03515253613E-06
  1.01618218196E-06
  9.92972559288E-07
  9.65644403550E-07
