  6.56536158772E-08
  6.55276650718E-08
  6.51215543712E-08
  6.44390425464E-08
  6.34846486491E-08
  6.22636733283E-08
  6.07820993537E-08
  5.90466981976E-08
  5.70648417408E-08
  5.48446230653E-08
  5.23947463194E-08
  4.97245409292E-08
  4.68439154133E-08
  4.37633644879E-08
  4.04938873544E-08
  3.70470338851E-08
  3.34348015940E-08
  2.96696729407E-08
  2.57645336177E-08
  2.17326743268E-08
  1.75877481468E-08
  1.33437314531E-08
  9.01489016769E-09
  4.61574689581E-09
  1.61031923906E-10
 -4.33434754754E-09
 -8.85535911266E-09
 -1.33868782726E-08
 -1.79137522593E-08
 -2.24208296373E-08
 -2.68930158143E-08
 -3.13153236675E-08
 -3.56729223938E-08
 -3.99511925764E-08
 -4.41357457248E-08
 -4.82125308565E-08
 -5.21678344967E-08
 -5.59883517326E-08
 -5.96612252934E-08
 -6.31740917356E-08
 -6.65151347334E-08
 -6.96730921845E-08
 -7.26373556859E-08
 -7.53979421120E-08
 -7.79455220368E-08
 -8.02715334203E-08
 -8.23681176598E-08
 -8.42281409064E-08
 -8.58452580133E-08
 -8.72139125363E-08
 -8.83292869958E-08
 -8.91873881415E-08
 -8.97849616877E-08
 -9.01195420511E-08
 -9.01894026129E-08
 -8.99936054566E-08
 -8.95318450489E-08
 -8.88046116643E-08
 -8.78129924331E-08
 -8.65587423959E-08
 -8.50442418709E-08
 -8.32724182942E-08
 -8.12467604305E-08
 -7.89712686355E-08
 -7.64503624850E-08
 -7.36889731456E-08
 -7.06923728444E-08
 -6.74662175015E-08
 -6.40164756760E-08
 -6.03494640927E-08
 -5.64717126394E-08
 -5.23900212102E-08
 -4.81114028617E-08
 -4.36430838135E-08
 -3.89924572630E-08
 -3.41670940429E-08
 -2.91747159764E-08
 -2.40232100879E-08
 -1.87206019575E-08
 -1.32750690440E-08
 -7.69494246100E-09
 -1.98870853119E-09
  3.83497100742E-09
  9.76726255431E-09
  1.57991362215E-08
  2.19213607267E-08
  2.81244751932E-08
  3.43987771600E-08
  4.07343314635E-08
  4.71209133934E-08
  5.35480211283E-08
  6.00048508659E-08
  6.64803039285E-08
  7.29629618945E-08
  7.94410865979E-08
  8.59026130229E-08
  9.23351777260E-08
  9.87261046248E-08
  1.05062404998E-07
  1.11330813013E-07
  1.17517835463E-07
  1.23609723346E-07
  1.29592521603E-07
  1.35452125960E-07
  1.41174339774E-07
  1.46744881135E-07
  1.52149368660E-07
  1.57373619913E-07
  1.62403395620E-07
  1.67224683878E-07
  1.71823700157E-07
  1.76186915724E-07
  1.80301199748E-07
  1.84153861937E-07
  1.87732624113E-07
  1.91025876006E-07
  1.94022561573E-07
  1.96712363731E-07
  1.99085761210E-07
  2.01133985911E-07
  2.02849179232E-07
  2.04224420486E-07
  2.05253698482E-07
  2.05932153108E-07
  2.06255791113E-07
  2.06221812959E-07
  2.05828484923E-07
  2.05075139093E-07
  2.03962244427E-07
  2.02491406753E-07
  2.00665226657E-07
  1.98487512648E-07
  1.95963039573E-07
  1.93097591250E-07
  1.89898017311E-07
  1.86372048461E-07
  1.82528310688E-07
  1.78376311055E-07
  1.73926238745E-07
  1.69189107169E-07
  1.64176526596E-07
  1.58900661518E-07
  1.53374230649E-07
  1.47610350609E-07
  1.41622479077E-07
  1.35424443215E-07
  1.29030212292E-07
  1.22453926110E-07
  1.15709802628E-07
  1.08812066912E-07
  1.01774880079E-07
  9.46123037693E-08
  8.73382433042E-08
  7.99663695261E-08
  7.25100761656E-08
  6.49825011578E-08
  5.73964058503E-08
  4.97641856612E-08
  4.20978452098E-08
  3.44089770010E-08
  2.67087187922E-08
  1.90077908968E-08
  1.13164482229E-08
  3.64449292967E-09
 -3.99872090995E-09
 -1.16042908616E-08
 -1.91637461455E-08
 -2.66690562967E-08
 -3.41125989678E-08
 -4.14871479393E-08
 -4.87858713427E-08
 -5.60022996865E-08
 -6.31303223031E-08
 -7.01641411638E-08
 -7.70982921949E-08
 -8.39276097508E-08
 -9.06471910866E-08
 -9.72524318854E-08
 -1.03738933888E-07
 -1.10102583051E-07
 -1.16339457179E-07
 -1.22445868556E-07
 -1.28418349732E-07
 -1.34253596684E-07
 -1.39948554079E-07
 -1.45500266058E-07
 -1.50906089402E-07
 -1.56163451948E-07
 -1.61270008903E-07
 -1.66223586007E-07
 -1.71022207951E-07
 -1.75663998903E-07
 -1.80147338824E-07
 -1.84470678732E-07
 -1.88632697018E-07
 -1.92632199969E-07
 -1.96468121771E-07
 -2.00139524509E-07
 -2.03645612373E-07
 -2.06985703244E-07
 -2.10159157632E-07
 -2.13165421314E-07
 -2.16004025333E-07
 -2.18674514940E-07
 -2.21176406967E-07
 -2.23509275088E-07
 -2.25672565080E-07
 -2.27665722718E-07
 -2.29488080095E-07
 -2.31138869822E-07
 -2.32617111351E-07
 -2.33921710446E-07
 -2.35051373920E-07
 -2.36004581211E-07
 -2.36779612806E-07
 -2.37374422341E-07
 -2.37786764501E-07
 -2.38014109755E-07
 -2.38053630142E-07
 -2.37902199274E-07
 -2.37556449179E-07
 -2.37012713455E-07
 -2.36267140963E-07
 -2.35315511077E-07
 -2.34153517908E-07
 -2.32776628195E-07
 -2.31180095511E-07
 -2.29359187642E-07
 -2.27308987633E-07
 -2.25024606948E-07
 -2.22501270741E-07
 -2.19734189955E-07
 -2.16718760271E-07
 -2.13450661590E-07
 -2.09925786976E-07
 -2.06140370551E-07
 -2.02091143819E-07
 -1.97775221977E-07
 -1.93190317077E-07
 -1.88334738027E-07
 -1.83207504278E-07
 -1.77808288981E-07
 -1.72137617938E-07
 -1.66196770124E-07
 -1.59988005066E-07
 -1.53514349677E-07
 -1.46779939314E-07
 -1.39789747777E-07
 -1.32549743626E-07
 -1.25066947021E-07
 -1.17349330253E-07
 -1.09405860371E-07
 -1.01246456552E-07
 -9.28820043100E-08
 -8.43242986548E-08
 -7.55860369850E-08
 -6.66806911909E-08
 -5.76226035776E-08
 -4.84267665968E-08
 -3.91088796903E-08
 -2.96852071813E-08
 -2.01725587345E-08
 -1.05881809986E-08
 -9.49689882290E-10
  8.72501182414E-09
  1.84178094997E-08
  2.81104668431E-08
  3.77847015898E-08
  4.74222545677E-08
  5.70050069371E-08
  6.65149855195E-08
  7.59345013535E-08
  8.52461781164E-08
  9.44330125208E-08
  1.03478470237E-07
  1.12366471683E-07
  1.21081527027E-07
  1.29608650923E-07
  1.37933554356E-07
  1.46042509641E-07
  1.53922471213E-07
  1.61561104051E-07
  1.68946712620E-07
  1.76068326141E-07
  1.82915627533E-07
  1.89479010260E-07
  1.95749564114E-07
  2.01718947324E-07
  2.07379585504E-07
  2.12724486914E-07
  2.17747214037E-07
  2.22442039899E-07
  2.26803678061E-07
  2.30827509995E-07
  2.34509371921E-07
  2.37845640072E-07
  2.40833173848E-07
  2.43469344241E-07
  2.45751920147E-07
  2.47679167842E-07
  2.49249836770E-07
  2.50463074281E-07
  2.51318454048E-07
  2.51816004493E-07
  2.51956265629E-07
  2.51740146950E-07
  2.51169012699E-07
  2.50244767130E-07
  2.48969712402E-07
  2.47346719107E-07
  2.45379141006E-07
  2.43070843453E-07
  2.40426231812E-07
  2.37450279883E-07
  2.34148487266E-07
  2.30526964629E-07
  2.26592405284E-07
  2.22351999923E-07
  2.17813678205E-07
  2.12985838743E-07
  2.07877477010E-07
  2.02498213753E-07
  1.96858138679E-07
  1.90967980984E-07
  1.84838938821E-07
  1.78482679303E-07
  1.71911366920E-07
  1.65137620911E-07
  1.58174415787E-07
  1.51035123963E-07
  1.43733302593E-07
  1.36282949370E-07
  1.28698204094E-07
  1.20993348673E-07
  1.13182835548E-07
  1.05281188212E-07
  9.73029727902E-08
  8.92627198823E-08
  8.11749387708E-08
  7.30539966298E-08
  6.49141682629E-08
  5.67695508380E-08
  4.86340390182E-08
  4.05213036458E-08
  3.24447668731E-08
  2.44175826225E-08
  1.64526365865E-08
  8.56251247683E-09
  7.59509732884E-10
 -6.94437929383E-09
 -1.45374574601E-08
 -2.20083151703E-08
 -2.93458430889E-08
 -3.65392054391E-08
 -4.35778382268E-08
 -5.04514439115E-08
 -5.71499825242E-08
 -6.36636698914E-08
 -6.99829598716E-08
 -7.60985798820E-08
 -8.20014562919E-08
 -8.76828210039E-08
 -9.31341759269E-08
 -9.83472716598E-08
 -1.03314199862E-07
 -1.08027386148E-07
 -1.12479646930E-07
 -1.16664217842E-07
 -1.20574753737E-07
 -1.24205527641E-07
 -1.27551317064E-07
 -1.30607588744E-07
 -1.33370505750E-07
 -1.35837069593E-07
 -1.38005063377E-07
 -1.39873250760E-07
 -1.41441475421E-07
 -1.42710504747E-07
 -1.43682399312E-07
 -1.44360399190E-07
 -1.44748895536E-07
 -1.44853757433E-07
 -1.44682047676E-07
 -1.44242292777E-07
 -1.43544369280E-07
 -1.42599446917E-07
 -1.41420159139E-07
 -1.40020318895E-07
 -1.38415018114E-07
 -1.36620556646E-07
 -1.34654229100E-07
 -1.32534282216E-07
 -1.30279772748E-07
 -1.27910382730E-07
 -1.25446248944E-07
 -1.22907820810E-07
 -1.20315547747E-07
 -1.17689737067E-07
 -1.15050305283E-07
 -1.12416444153E-07
 -1.09806570947E-07
 -1.07237802638E-07
 -1.04725927486E-07
 -1.02285014236E-07
 -9.99272558033E-08
 -9.76626353122E-08
 -9.54987697810E-08
 -9.34406969577E-08
 -9.14906976845E-08
 -8.96480898405E-08
 -8.79091643924E-08
 -8.62670290758E-08
 -8.47115941838E-08
 -8.32295299347E-08
 -8.18042877881E-08
 -8.04161643941E-08
 -7.90424081742E-08
 -7.76573472194E-08
 -7.62326166637E-08
 -7.47374357957E-08
 -7.31387714836E-08
 -7.14017858172E-08
 -6.94901913789E-08
 -6.73666349371E-08
 -6.49931237717E-08
 -6.23315656867E-08
 -5.93442450736E-08
 -5.59943096334E-08
 -5.22464063124E-08
 -4.80671324965E-08
 -4.34256968163E-08
 -3.82943774468E-08
 -3.26491615965E-08
 -2.64701665031E-08
 -1.97422469483E-08
 -1.24554029313E-08
 -4.60522464607E-09
  3.80671094646E-09
  1.27725225951E-08
  2.22777547521E-08
  3.23011448700E-08
  4.28145483511E-08
  5.37828093172E-08
  6.51638245586E-08
  7.69086483388E-08
  8.89616984523E-08
  1.01260951624E-07
  1.13738423124E-07
  1.26320543359E-07
  1.38928712090E-07
  1.51479895294E-07
  1.63887406757E-07
  1.76061490720E-07
  1.87910430327E-07
  1.99341087637E-07
  2.10260211020E-07
  2.20575174126E-07
  2.30195013273E-07
  2.39031606952E-07
  2.47000485842E-07
  2.54022211266E-07
  2.60023057308E-07
  2.64936176109E-07
  2.68702649464E-07
  2.71272199370E-07
  2.72604211204E-07
  2.72668359003E-07
  2.71445401268E-07
  2.68927720981E-07
  2.65119950882E-07
  2.60039030309E-07
  2.53714603105E-07
  2.46189301834E-07
  2.37518449353E-07
  2.27770030392E-07
  2.17024336280E-07
  2.05373453355E-07
  1.92920850850E-07
  1.79780414555E-07
  1.66075707853E-07
  1.51938948534E-07
  1.37509701403E-07
  1.22933997204E-07
  1.08362669948E-07
  9.39499145147E-08
  7.98519650402E-08
  6.62253825112E-08
  5.32254453844E-08
  4.10043483612E-08
  2.97098896596E-08
  1.94833251754E-08
  1.04579882532E-08
  2.75777711778E-09
 -3.50472162403E-09
 -8.22948198476E-09
 -1.13304716720E-08
 -1.27368879888E-08
 -1.23942927033E-08
 -1.02657686796E-08
 -6.33248076198E-09
 -5.94527593822E-10
  6.92860346874E-09
  1.61978892521E-08
  2.71545061992E-08
  3.97200530244E-08
  5.37968602998E-08
  6.92685730996E-08
  8.60008313452E-08
  1.03842204169E-07
  1.22625479548E-07
  1.42168858019E-07
  1.62277572713E-07
  1.82745495181E-07
  2.03357117812E-07
  2.23889301765E-07
  2.44113692816E-07
  2.63798597189E-07
  2.82711511090E-07
  3.00621195493E-07
  3.17300361985E-07
  3.32527747560E-07
  3.46090530456E-07
  3.57786802851E-07
  3.67427560377E-07
  3.74839032702E-07
  3.79864559363E-07
  3.82366692975E-07
  3.82228705575E-07
  3.79356265512E-07
  3.73678517462E-07
  3.65149873005E-07
  3.53750010618E-07
  3.39485239920E-07
  3.22388615359E-07
  3.02519794104E-07
  2.79965547634E-07
  2.54838795399E-07
  2.27278135867E-07
  1.97446894390E-07
  1.65531830021E-07
  1.31741757059E-07
  9.63058752745E-08
  5.94716631497E-08
  2.15031583650E-08
 -1.73219500965E-08
 -5.67144411434E-08
 -9.63760342643E-08
 -1.36002697104E-07
 -1.75287098614E-07
 -2.13921452996E-07
 -2.51600710044E-07
 -2.88025375994E-07
 -3.22904440964E-07
 -3.55958405862E-07
 -3.86921897189E-07
 -4.15546423937E-07
 -4.41602935553E-07
 -4.64884067242E-07
 -4.85206726353E-07
 -5.02413399772E-07
 -5.16374541348E-07
 -5.26989879290E-07
 -5.34189155132E-07
 -5.37933715350E-07
 -5.38216852419E-07
 -5.35063975349E-07
 -5.28532780208E-07
 -5.18713022757E-07
 -5.05725779476E-07
 -4.89722708608E-07
 -4.70884316428E-07
 -4.49419076176E-07
 -4.25561324846E-07
 -3.99569188403E-07
 -3.71722393311E-07
 -3.42319737001E-07
 -3.11676274123E-07
 -2.80120616480E-07
 -2.47991778224E-07
 -2.15636006828E-07
 -1.83403656706E-07
 -1.51645878077E-07
 -1.20711277418E-07
 -9.09426134399E-08
 -6.26736280651E-08
 -3.62258454345E-08
 -1.19053780168E-08
  9.99995375395E-09
  2.92233082178E-08
  4.55215278805E-08
  5.86776174316E-08
  6.85026222413E-08
  7.48378354842E-08
  7.75561090904E-08
  7.65635235211E-08
  7.18000308098E-08
  6.32406340628E-08
  5.08953696965E-08
  3.48095987590E-08
  1.50636854102E-08
 -8.22743295714E-09
 -3.49152848855E-08
 -6.48189271146E-08
 -9.77264988933E-08
 -1.33396909519E-07
 -1.71561822526E-07
 -2.11928082194E-07
 -2.54179894910E-07
 -2.97981813446E-07
 -3.42981337553E-07
 -3.88812054553E-07
 -4.35096723095E-07
 -4.81450342704E-07
 -5.27483507540E-07
 -5.72805674892E-07
 -6.17028547367E-07
 -6.59769170852E-07
 -7.00653004060E-07
 -7.39317613352E-07
 -7.75414889631E-07
 -8.08614345260E-07
 -8.38605728859E-07
 -8.65101696945E-07
 -8.87839519237E-07
 -9.06583693450E-07
 -9.21127991660E-07
 -9.31296028739E-07
 -9.36943592933E-07
 -9.37959043767E-07
 -9.34264278385E-07
 -9.25815186292E-07
 -9.12601876735E-07
 -8.94648451322E-07
 -8.72012549280E-07
 -8.44784722176E-07
 -8.13087638107E-07
 -7.77074831149E-07
 -7.36929337108E-07
 -6.92861817697E-07
 -6.45108968911E-07
 -5.93931417825E-07
 -5.39611562544E-07
 -4.82451071093E-07
 -4.22768692943E-07
 -3.60897558949E-07
 -2.97182509712E-07
 -2.31977580256E-07
 -1.65643001537E-07
 -9.85429551292E-08
 -3.10425107841E-08
  3.64948675724E-08
  1.03709915322E-07
  1.70250032738E-07
  2.35771636881E-07
  2.99942570336E-07
  3.62443927315E-07
  4.22972448177E-07
  4.81241897887E-07
  5.36984941846E-07
  5.89954424868E-07
  6.39924792267E-07
  6.86692999352E-07
  7.30079307232E-07
  7.69928021782E-07
  8.06107834705E-07
  8.38512164592E-07
  8.67059100074E-07
  8.91691342986E-07
  9.12375469397E-07
  9.29101986458E-07
  9.41884081840E-07
  9.50757566898E-07
  9.55778773459E-07
  9.57024212767E-07
  9.54589609137E-07
  9.48587569383E-07
  9.39147071222E-07
  9.26411473756E-07
  9.10537494292E-07
  8.91692820915E-07
  8.70055316682E-07
  8.45811257477E-07
  8.19153058274E-07
  7.90278704699E-07
  7.59389592986E-07
  7.26688881514E-07
  6.92380695000E-07
  6.56668248666E-07
  6.19752483999E-07
  5.81831159252E-07
  5.43097542050E-07
  5.03739329361E-07
  4.63937794848E-07
  4.23866822530E-07
  3.83692253081E-07
  3.43571315398E-07
  3.03651773947E-07
  2.64071871925E-07
  2.24959563866E-07
  1.86432643545E-07
  1.48598317651E-07
  1.11553319471E-07
  7.53836246759E-08
  4.01647888282E-08
  5.96192739621E-09
 -2.71700919541E-08
 -5.91863447141E-08
 -9.00516425872E-08
 -1.19740192872E-07
 -1.48235187680E-07
 -1.75528612090E-07
 -2.01620608209E-07
 -2.26519262014E-07
 -2.50240162813E-07
 -2.72805920076E-07
 -2.94245893429E-07
 -3.14595695272E-07
 -3.33896707616E-07
 -3.52196025233E-07
 -3.69545801959E-07
 -3.86003051744E-07
 -4.01629108637E-07
 -4.16489712052E-07
 -4.30654438333E-07
 -4.44196274429E-07
 -4.57191674741E-07
 -4.69720163210E-07
 -4.81864049107E-07
 -4.93708057547E-07
 -5.05339471601E-07
 -5.16847535437E-07
 -5.28323084836E-07
 -5.39859058790E-07
 -5.51549305783E-07
 -5.63489038541E-07
 -5.75774038225E-07
 -5.88500995491E-07
 -6.01766657837E-07
 -6.15667886450E-07
 -6.30301485671E-07
 -6.45763464036E-07
 -6.62149375330E-07
 -6.79553579630E-07
 -6.98069129612E-07
 -7.17787713711E-07
 -7.38799258215E-07
 -7.61191813581E-07
 -7.85051383900E-07
 -8.10461756373E-07
 -8.37504614992E-07
 -8.66259426857E-07
 -8.96803442174E-07
 -9.29211864786E-07
 -9.63558136391E-07
 -9.99914050226E-07
 -1.03834997844E-06
 -1.07893572476E-06
 -1.12174063815E-06
 -1.16683418128E-06
 -1.21428683997E-06
 -1.26417057800E-06
 -1.31655997393E-06
 -1.37153278956E-06
 -1.42917076573E-06
 -1.48956121393E-06
 -1.55279690262E-06
 -1.61897855833E-06
 -1.68821418356E-06
 -1.76062121682E-06
 -1.83632687367E-06
 -1.91546882888E-06
 -1.99819692170E-06
 -2.08467167795E-06
 -2.17506703848E-06
 -2.26956967708E-06
 -2.36837831835E-06
 -2.47170396506E-06
 -2.57977035290E-06
 -2.69281144938E-06
 -2.81107145383E-06
 -2.93480297842E-06
 -3.06426500174E-06
 -3.19972127727E-06
 -3.34143624059E-06
 -3.48967273567E-06
 -3.64468905900E-06
 -3.80673350264E-06
 -3.97604071622E-06
 -4.15282647737E-06
 -4.33728246207E-06
 -4.52957056041E-06
 -4.72981582789E-06
 -4.93810011903E-06
 -5.15445708515E-06
 -5.37886262464E-06
 -5.61122760701E-06
 -5.85139241593E-06
 -6.09911603533E-06
 -6.35407195659E-06
 -6.61583680994E-06
 -6.88388581693E-06
 -7.15758324077E-06
 -7.43617692933E-06
 -7.71879058448E-06
 -8.00441648607E-06
 -8.29191503726E-06
 -8.57999930304E-06
 -8.86724956217E-06
 -9.15208511287E-06
 -9.43278519117E-06
 -9.70747259998E-06
 -9.97412462311E-06
 -1.02305657492E-05
 -1.04744776763E-05
 -1.07033947643E-05
 -1.09147258627E-05
 -1.11057433969E-05
 -1.12736033770E-05
 -1.14153544928E-05
 -1.15279499369E-05
 -1.16082601380E-05
 -1.16530936793E-05
 -1.16592063932E-05
 -1.16233304652E-05
 -1.15421862574E-05
 -1.14125114123E-05
 -1.12310790428E-05
 -1.09947268356E-05
 -1.07003797893E-05
 -1.03450765891E-05
 -9.92600325844E-06
 -9.44051589613E-06
 -8.88616796146E-06
 -8.26074574434E-06
 -7.56229064791E-06
 -6.78913693264E-06
 -5.93992808717E-06
 -5.01365320815E-06
 -4.00967155656E-06
 -2.92773688670E-06
 -1.76802257101E-06
 -5.31142177351E-07
  7.81828362051E-07
  2.16933472075E-06
  3.62932723874E-06
  5.15924966749E-06
  6.75602905176E-06
  8.41606743052E-06
  1.01352434285E-05
  1.19089045256E-05
  1.37318811539E-05
  1.55984871526E-05
  1.75025288627E-05
  1.94373351405E-05
  2.13957573578E-05
  2.33702066907E-05
  2.53526777669E-05
  2.73347777693E-05
  2.93077719107E-05
  3.12625961669E-05
  3.31899318553E-05
  3.50802365574E-05
  3.69237823179E-05
  3.87107284041E-05
  4.04311576858E-05
  4.20751421188E-05
  4.36328082287E-05
  4.50943625765E-05
  4.64502008981E-05
  4.76909481222E-05
  4.88075056637E-05
  4.97911278217E-05
  5.06334872625E-05
  5.13267259521E-05
  5.18635242770E-05
  5.22371374245E-05
  5.24414863321E-05
  5.24711649632E-05
  5.23215312569E-05
  5.19887107657E-05
  5.14696657774E-05
  5.07622316945E-05
  4.98651352245E-05
  4.87780271214E-05
  4.75014930998E-05
  4.60371047666E-05
  4.43873686891E-05
  4.25557991548E-05
  4.05468526878E-05
  3.83659644285E-05
  3.60195117537E-05
  3.35147924488E-05
  3.08600210701E-05
  2.80642598227E-05
  2.51374003710E-05
  2.20901238208E-05
  1.89338352357E-05
  1.56806181622E-05
  1.23431664178E-05
  8.93473134056E-06
  5.46904038856E-06
  1.96023165699E-06
 -1.57722411132E-06
 -5.12860196977E-06
 -8.67900143930E-06
 -1.22134351841E-05
 -1.57169015438E-05
 -1.91744766198E-05
 -2.25713920372E-05
 -2.58931286226E-05
 -2.91254837066E-05
 -3.22546620737E-05
 -3.52673450834E-05
 -3.81507816201E-05
 -4.08928353863E-05
 -4.34820722148E-05
 -4.59078182757E-05
 -4.81602182845E-05
 -5.02302646055E-05
 -5.21099173056E-05
 -5.37920495844E-05
 -5.52705605514E-05
 -5.65403679502E-05
 -5.75974409003E-05
 -5.84388217248E-05
 -5.90626150370E-05
 -5.94680350332E-05
 -5.96553545620E-05
 -5.96259123995E-05
 -5.93821278017E-05
 -5.89274204685E-05
 -5.82662360102E-05
 -5.74039804633E-05
 -5.63469766348E-05
 -5.51024459128E-05
 -5.36784500582E-05
 -5.20838184457E-05
 -5.03280971316E-05
 -4.84215051983E-05
 -4.63748583570E-05
 -4.41994707217E-05
 -4.19071475335E-05
 -3.95100578316E-05
 -3.70206944353E-05
 -3.44517757185E-05
 -3.18161946780E-05
 -2.91269443551E-05
 -2.63970159722E-05
 -2.36393661908E-05
 -2.08668243431E-05
 -1.80920305866E-05
 -1.53273740580E-05
 -1.25849255710E-05
 -9.87638213701E-06
 -7.21301785234E-06
 -4.60561795990E-06
 -2.06444519790E-06
  4.00809710754E-07
  2.78106563201E-06
  5.06788455823E-06
  7.25349946151E-06
  9.33084447752E-06
  1.12935658763E-05
  1.31360457090E-05
  1.48534054460E-05
  1.64415214385E-05
  1.78970130946E-05
  1.92172501556E-05
  2.04003390536E-05
  2.14451229112E-05
  2.23511469812E-05
  2.31186622841E-05
  2.37485837715E-05
  2.42424830503E-05
  2.46025465458E-05
  2.48315463978E-05
  2.49328204518E-05
  2.49102249654E-05
  2.47681036853E-05
  2.45112350967E-05
  2.41448360612E-05
  2.36744599533E-05
  2.31060093938E-05
  2.24456671276E-05
  2.16998669202E-05
  2.08752462640E-05
  1.99786063604E-05
  1.90168775589E-05
  1.79970811587E-05
  1.69262802956E-05
  1.58115508384E-05
  1.46599495565E-05
  1.34784704642E-05
  1.22740202642E-05
  1.10533801490E-05
  9.82318306342E-06
  8.58987823449E-06
  7.35971752874E-06
  6.13871407040E-06
  4.93263587487E-06
  3.74697924599E-06
  2.58694808508E-06
  1.45744343172E-06
  3.63045984386E-07
 -6.91996490332E-07
 -1.70377700215E-06
 -2.66874121735E-06
 -3.58369015885E-06
 -4.44578699899E-06
 -5.25255973116E-06
 -6.00190287514E-06
 -6.69207383908E-06
 -7.32169428375E-06
 -7.88974193711E-06
 -8.39555013954E-06
 -8.83879783942E-06
 -9.21949595067E-06
 -9.53799190029E-06
 -9.79493688646E-06
 -9.99129952106E-06
 -1.01283212643E-05
 -1.02075300674E-05
 -1.02307058114E-05
 -1.01998748505E-05
 -1.01172790892E-05
 -9.98537052510E-06
 -9.80678396445E-06
 -9.58431701292E-06
 -9.32091188588E-06
 -9.01963539945E-06
 -8.68365350470E-06
 -8.31621036923E-06
 -7.92061018728E-06
 -7.50019125917E-06
 -7.05830461811E-06
 -6.59829720462E-06
 -6.12348367213E-06
 -5.63713228985E-06
 -5.14243902217E-06
 -4.64251479571E-06
 -4.14036276197E-06
 -3.63886124433E-06
 -3.14074873131E-06
 -2.64860864263E-06
 -2.16485636884E-06
 -1.69172562892E-06
 -1.23125835216E-06
 -7.85296549566E-07
 -3.55473218860E-07
  5.67917481931E-08
  4.50296198551E-07
  8.24057849513E-07
  1.17731428873E-06
  1.50952098465E-06
  1.82034898444E-06
  2.10967823477E-06
  2.37759149968E-06
  2.62436583398E-06
  2.85046212412E-06
  3.05651246890E-06
  3.24330767398E-06
  3.41178383678E-06
  3.56300301974E-06
  3.69814188161E-06
  3.81846939490E-06
  3.92533047489E-06
  4.02012892664E-06
  4.10430402553E-06
  4.17931642005E-06
  4.24662539444E-06
  4.30767158832E-06
  4.36385698777E-06
  4.41652900918E-06
  4.46696412837E-06
  4.51634787169E-06
  4.56576390206E-06
  4.61618083136E-06
  4.66843584945E-06
  4.72322972200E-06
  4.78111314806E-06
  4.84248403154E-06
  4.90758156957E-06
  4.97648125020E-06
  5.04909621668E-06
  5.12517590323E-06
  5.20431376572E-06
  5.28594546267E-06
  5.36936295248E-06
  5.45371813132E-06
  5.53803556613E-06
  5.62122522751E-06
  5.70209658690E-06
  5.77937134949E-06
  5.85170300837E-06
  5.91769185121E-06
  5.97590587859E-06
  6.02489626544E-06
  6.06322055319E-06
  6.08945902059E-06
  6.10223514741E-06
  6.10023562331E-06
  6.08222990195E-06
  6.04708384344E-06
  5.99378245170E-06
  5.92144169786E-06
  5.82932489124E-06
  5.71685541217E-06
  5.58362762604E-06
  5.42941870663E-06
  5.25419181940E-06
  5.05810612594E-06
  4.84151860292E-06
  4.60498313259E-06
  4.34925323134E-06
  4.07527522839E-06
  3.78418485525E-06
  3.47729996975E-06
  3.15610668622E-06
  2.82225369119E-06
  2.47753246185E-06
  2.12386635212E-06
  1.76329001533E-06
  1.39793257858E-06
  1.02999717910E-06
  6.61740216401E-07
  2.95450007570E-07
 -6.65761987761E-08
 -4.22053801685E-07
 -7.68734082612E-07
 -1.10442613277E-06
 -1.42701867389E-06
 -1.73450200691E-06
 -2.02498677027E-06
 -2.29672400565E-06
 -2.54812266576E-06
 -2.77776575786E-06
 -2.98442296298E-06
 -3.16706496051E-06
 -3.32487138621E-06
 -3.45724129147E-06
 -3.56379609912E-06
 -3.64438255929E-06
 -3.69907638742E-06
 -3.72817657990E-06
 -3.73220382244E-06
 -3.71189094039E-06
 -3.66817812392E-06
 -3.60219564755E-06
 -3.51525613951E-06
 -3.40883434546E-06
 -3.28455348608E-06
 -3.14416342917E-06
 -2.98952272715E-06
 -2.82257497020E-06
 -2.64532832261E-06
 -2.45983142122E-06
 -2.26815086535E-06
 -2.07234529626E-06
 -1.87444572930E-06
 -1.67642917859E-06
 -1.48019819335E-06
 -1.28756005324E-06
 -1.10020516786E-06
 -9.19689682632E-07
 -7.47418255287E-07
 -5.84629219702E-07
 -4.32381369819E-07
 -2.91544239417E-07
 -1.62788452940E-07
 -4.65811211825E-08
  5.68179636673E-08
  1.47356800539E-07
  2.25189239700E-07
  2.90670215009E-07
  3.44348961789E-07
  3.86959015941E-07
  4.19406347874E-07
  4.42755265340E-07
  4.58211928844E-07
  4.67106076485E-07
  4.70871441394E-07
  4.71024435456E-07
  4.69141156145E-07
  4.66834762847E-07
  4.65730920496E-07
  4.67443499019E-07
  4.73550329616E-07
  4.85568932618E-07
  5.04932870626E-07
  5.32969067990E-07
  5.70876125039E-07
  6.19704223936E-07
  6.80336086134E-07
  7.53471397275E-07
  8.39610947878E-07
  9.39045605719E-07
  1.05184574295E-06
  1.17785521070E-06
  1.31668639369E-06
  1.46771856180E-06
  1.63010054166E-06
  1.80275378625E-06
  1.98438101506E-06
  2.17347519538E-06
  2.36833420786E-06
  2.56707380686E-06
  2.76764831142E-06
  2.96787106890E-06
  3.16543423651E-06
  3.35793652084E-06
  3.54290727955E-06
  3.71783562514E-06
  3.88019680031E-06
  4.02748310080E-06
  4.15723434344E-06
  4.26706492362E-06
  4.35469519289E-06
  4.41798147222E-06
  4.45494015366E-06
  4.46378089691E-06
  4.44292527391E-06
  4.39103268945E-06
  4.30702448284E-06
  4.19009847974E-06
  4.03974763685E-06
  3.85577232009E-06
  3.63829121852E-06
  3.38774793818E-06
  3.10491668642E-06
  2.79089931610E-06
  2.44712487074E-06
  2.07534299079E-06
  1.67761197645E-06
  1.25628866954E-06
  8.14009069927E-07
  3.53670003506E-07
 -1.21593473068E-07
 -6.08433879279E-07
 -1.10331882297E-06
 -1.60256149684E-06
 -2.10235293707E-06
 -2.59879539044E-06
 -3.08793732984E-06
 -3.56581062988E-06
 -4.02846762881E-06
 -4.47201500720E-06
 -4.89265539727E-06
 -5.28672171640E-06
 -5.65070968150E-06
 -5.98131919105E-06
 -6.27548160992E-06
 -6.53039251119E-06
 -6.74354168950E-06
 -6.91273680786E-06
 -7.03612977304E-06
 -7.11223447070E-06
 -7.13994677426E-06
 -7.11855591362E-06
 -7.04775629856E-06
 -6.92765115673E-06
 -6.75875935485E-06
 -6.54201085126E-06
 -6.27874305792E-06
 -5.97069083597E-06
 -5.61997467230E-06
 -5.22908521816E-06
 -4.80086055177E-06
 -4.33846753367E-06
 -3.84537133868E-06
 -3.32530839842E-06
 -2.78225570582E-06
 -2.22039466280E-06
 -1.64407674674E-06
 -1.05778508441E-06
 -4.66096764740E-07
  1.26357733166E-07
  7.14934628832E-07
  1.29501688662E-06
  1.86205500086E-06
  2.41160591941E-06
  2.93937114293E-06
  3.44123668583E-06
  3.91330513594E-06
  4.35193032899E-06
  4.75375054521E-06
  5.11571306561E-06
  5.43510577700E-06
  5.70957263335E-06
  5.93714048591E-06
  6.11622863289E-06
  6.24566519036E-06
  6.32469254924E-06
  6.35297647023E-06
  6.33060153632E-06
  6.25807297183E-06
  6.13630845692E-06
  5.96662721364E-06
  5.75073909204E-06
  5.49072137801E-06
  5.18900787938E-06
  4.84835527459E-06
  4.47182537755E-06
  4.06275285059E-06
  3.62471359949E-06
  3.16149294122E-06
  2.67705263468E-06
  2.17549427362E-06
  1.66102188359E-06
  1.13790531486E-06
  6.10443521509E-07
  8.29261637136E-08
 -4.40402573076E-07
 -9.55380528467E-07
 -1.45796207107E-06
 -1.94425228983E-06
 -2.41053885475E-06
 -2.85332066596E-06
 -3.26933809447E-06
 -3.65559617421E-06
 -4.00938688472E-06
 -4.32831348007E-06
 -4.61029821963E-06
 -4.85360533276E-06
 -5.05684784002E-06
 -5.21899210071E-06
 -5.33936645297E-06
 -5.41765984963E-06
 -5.45391912965E-06
 -5.44854128748E-06
 -5.40227165402E-06
 -5.31618343302E-06
 -5.19166997037E-06
 -5.03042383571E-06
 -4.83441908727E-06
 -4.60589080831E-06
 -4.34730645793E-06
 -4.06134586228E-06
 -3.75087142857E-06
 -3.41890108757E-06
 -3.06857805299E-06
 -2.70314308182E-06
 -2.32590218729E-06
 -1.94019889932E-06
 -1.54938140895E-06
 -1.15677562462E-06
 -7.65655329360E-07
 -3.79213958013E-07
 -5.39089106688E-10
  3.67413662161E-07
  7.21843548490E-07
  1.06012669221E-06
  1.37983556669E-06
  1.67875646184E-06
  1.95490565602E-06
  2.20653987526E-06
  2.43217164098E-06
  2.63057017946E-06
  2.80077392745E-06
  2.94208894047E-06
  3.05409162138E-06
  3.13662599183E-06
  3.18979846270E-06
  3.21397328662E-06
  3.20976141666E-06
  3.17801163874E-06
  3.11979579237E-06
  3.03639581034E-06
  2.92928712042E-06
  2.80011931864E-06
  2.65070002570E-06
  2.48297351391E-06
  2.29899910664E-06
  2.10093185160E-06
  1.89099898762E-06
  1.67147948105E-06
  1.44468094732E-06
  1.21291839150E-06
  9.78492266768E-07
  7.43668749692E-07
  5.10658935582E-07
  2.81599795926E-07
  5.85367203598E-08
 -1.56593713996E-07
 -3.61978976571E-07
 -5.55944495773E-07
 -7.36966057957E-07
 -9.03680358988E-07
 -1.05489436919E-06
 -1.18959212614E-06
 -1.30694024847E-06
 -1.40629231282E-06
 -1.48718947912E-06
 -1.54936174113E-06
 -1.59272576639E-06
 -1.61738103088E-06
 -1.62360652212E-06
 -1.61185232628E-06
 -1.58273314810E-06
 -1.53701830641E-06
 -1.47562138864E-06
 -1.39958922318E-06
 -1.31008823701E-06
 -1.20839195006E-06
 -1.09586665076E-06
 -9.73956275629E-07
 -8.44168084768E-07
 -7.08056461463E-07
 -5.67208019220E-07
 -4.23225714030E-07
 -2.77713979813E-07
 -1.32263124897E-07
  1.15648610688E-08
  1.52250620999E-07
  2.88330795684E-07
  4.18410706970E-07
  5.41176120805E-07
  6.55404221561E-07
  7.59973374898E-07
  8.53871938489E-07
  9.36205594826E-07
  1.00620445664E-06
  1.06322704596E-06
  1.10676569420E-06
  1.13644807698E-06
  1.15203920359E-06
  1.15344096230E-06
  1.14069200663E-06
  1.11396491320E-06
  1.07356254375E-06
  1.01991406609E-06
  9.53569212925E-07
  8.75191403793E-07
  7.85551037552E-07
  6.85516624799E-07
  5.76045920297E-07
  4.58176543816E-07
  3.33015208298E-07
  2.01727985427E-07
  6.55283187712E-08
 -7.43335633047E-08
 -2.16582392909E-07
 -3.59929259730E-07
 -5.03083185777E-07
 -6.44762167212E-07
 -7.83704706464E-07
 -9.18679916140E-07
 -1.04849880245E-06
 -1.17202318961E-06
 -1.28817578116E-06
 -1.39594885695E-06
 -1.49441132180E-06
 -1.58271734563E-06
 -1.66011193414E-06
 -1.72593615844E-06
 -1.77963374881E-06
 -1.82075268640E-06
 -1.84894929589E-06
 -1.86399029189E-06
 -1.86575323369E-06
 -1.85422732102E-06
 -1.82951180250E-06
 -1.79181449766E-06
 -1.74144952325E-06
 -1.67883308677E-06
 -1.60448018960E-06
 -1.51899814682E-06
 -1.42308215345E-06
 -1.31750744004E-06
 -1.20312347462E-06
 -1.08084566364E-06
 -9.51646541125E-07
 -8.16548435978E-07
 -6.76613979067E-07
 -5.32936837772E-07
 -3.86632279969E-07
 -2.38828391730E-07
 -9.06557815483E-08
  5.67615217051E-08
  2.02315334263E-07
  3.44922653994E-07
  4.83534279283E-07
  6.17143541604E-07
  7.44794419916E-07
  8.65588958732E-07
  9.78694629339E-07
  1.08335052573E-06
  1.17887373108E-06
  1.26466397887E-06
  1.34020865517E-06
  1.40508552704E-06
  1.45896694903E-06
  1.50162145474E-06
  1.53291364313E-06
  1.55280758918E-06
  1.56136309215E-06
  1.55873703989E-06
  1.54518022555E-06
  1.52103405071E-06
  1.48672791056E-06
  1.44277430536E-06
  1.38976326980E-06
  1.32835782551E-06
  1.25928625039E-06
  1.18333605315E-06
  1.10134578790E-06
  1.01419811926E-06
  9.22810727388E-07
  8.28128065677E-07
  7.31112663743E-07
  6.32735805084E-07
  5.33969000571E-07
  4.35774609286E-07
  3.39097084634E-07
  2.44854163611E-07
  1.53928311875E-07
  6.71585596024E-08
 -1.46673242440E-08
 -9.08202295591E-08
 -1.60636446367E-07
 -2.23524025955E-07
 -2.78968173006E-07
 -3.26536337525E-07
 -3.65882158349E-07
 -3.96748930598E-07
 -4.18971808358E-07
 -4.32480021573E-07
 -4.37297046574E-07
 -4.33540520817E-07
 -4.21421873398E-07
 -4.01243397619E-07
 -3.73396403575E-07
 -3.38356983320E-07
 -2.96681605505E-07
 -2.49001942620E-07
 -1.96018675069E-07
 -1.38495025226E-07
 -7.72488988332E-08
 -1.31453061769E-08
  5.29124228876E-08
  1.19991497627E-07
  1.87138908814E-07
  2.53391192473E-07
  3.17784042636E-07
  3.79362319336E-07
  4.37189896729E-07
  4.90359468586E-07
  5.38002154826E-07
  5.79297022796E-07
  6.13479926415E-07
  6.39851919004E-07
  6.57787836644E-07
  6.66742892008E-07
  6.66260120852E-07
  6.55975838981E-07
  6.35624758161E-07
  6.05044647273E-07
  5.64179174489E-07
  5.13080351539E-07
  4.51909556887E-07
  3.80938331546E-07
  3.00547014831E-07
  2.11223195379E-07
  1.13558677128E-07
  8.24545587363E-09
 -1.03929117756E-07
 -2.22088473834E-07
 -3.45273519997E-07
 -4.72450693678E-07
 -6.02520174198E-07
 -7.34325681151E-07
 -8.66663924626E-07
 -9.98295831778E-07
 -1.12795737550E-06
 -1.25437054521E-06
 -1.37625613661E-06
 -1.49234483615E-06
 -1.60138949923E-06
 -1.70217731466E-06
 -1.79354162810E-06
 -1.87437296972E-06
 -1.94363110495E-06
 -2.00035538001E-06
 -2.04367438528E-06
 -2.07281595976E-06
 -2.08711571759E-06
 -2.08602500607E-06
 -2.06911704481E-06
 -2.03609351956E-06
 -1.98678867491E-06
 -1.92117363440E-06
 -1.83935765108E-06
 -1.74159004018E-06
 -1.62826029282E-06
 -1.49989602960E-06
 -1.35716061322E-06
 -1.20084928312E-06
 -1.03188403955E-06
 -8.51307163430E-07
 -6.60274508846E-07
 -4.60045924910E-07
 -2.51976643995E-07
 -3.75060800195E-08
  1.81852925607E-07
  4.04526531383E-07
  6.28892451005E-07
  8.53293386172E-07
  1.07605035282E-06
  1.29547720462E-06
  1.50989444592E-06
  1.71764315837E-06
  1.91710023500E-06
  2.10669077205E-06
  2.28490330301E-06
  2.45030105361E-06
  2.60153683485E-06
  2.73736304734E-06
  2.85664282274E-06
  2.95836230180E-06
  3.04163677356E-06
  3.10572136186E-06
  3.15001625495E-06
  3.17407307193E-06
  3.17760009239E-06
  3.16046339321E-06
  3.12269048663E-06
  3.06446986542E-06
  2.98614963867E-06
  2.88823616756E-06
  2.77138974525E-06
  2.63641982201E-06
  2.48427750194E-06
  2.31605008594E-06
  2.13295015783E-06
  1.93630785361E-06
  1.72755881067E-06
  1.50823291278E-06
  1.27994132981E-06
  1.04436423953E-06
  8.03236673619E-07
  5.58334306788E-07
  3.11459217528E-07
  6.44249809056E-08
 -1.80957798079E-07
 -4.22896050623E-07
 -6.59628994981E-07
 -8.89441935215E-07
 -1.11067993203E-06
 -1.32176126044E-06
 -1.52118968799E-06
 -1.70756538864E-06
 -1.87959676623E-06
 -2.03611011784E-06
 -2.17605725084E-06
 -2.29852503253E-06
 -2.40273993768E-06
 -2.48807486969E-06
 -2.55405188909E-06
 -2.60034585153E-06
 -2.62678554463E-06
 -2.63335368800E-06
 -2.62018625108E-06
 -2.58756926996E-06
 -2.53593634625E-06
 -2.46586296271E-06
 -2.37806079895E-06
 -2.27337022807E-06
 -2.15275485971E-06
 -2.01728880711E-06
 -1.86814952485E-06
 -1.70660757703E-06
 -1.53401435909E-06
 -1.35179163863E-06
 -1.16141791295E-06
 -9.64418745752E-07
 -7.62352044603E-07
 -5.56796464934E-07
 -3.49338961314E-07
 -1.41562054523E-07
  6.49681126674E-08
  2.68713733931E-07
  4.68176750701E-07
  6.61909552946E-07
  8.48525530728E-07
  1.02670890101E-06
  1.19522292152E-06
  1.35291850256E-06
  1.49874188082E-06
  1.63173979217E-06
  1.75106640654E-06
  1.85598639746E-06
  1.94587960323E-06
  2.02024352802E-06
  2.07869402402E-06
  2.12096665564E-06
  2.14691749534E-06
  2.15651925828E-06
  2.14986175706E-06
  2.12714871850E-06
  2.08869278140E-06
  2.03491208595E-06
  1.96632595362E-06
  1.88354715647E-06
  1.78727827915E-06
  1.67830296505E-06
  1.55747977715E-06
  1.42573503581E-06
  1.28405429223E-06
  1.13347516617E-06
  9.75078364718E-07
  8.09980861050E-07
  6.39327026875E-07
  4.64280191181E-07
  2.86015392703E-07
  1.05711393417E-07
 -7.54571587436E-08
 -2.56326757153E-07
 -4.35752298245E-07
 -6.12613632711E-07
 -7.85821782756E-07
 -9.54325059865E-07
 -1.11711472073E-06
 -1.27322959997E-06
 -1.42176122608E-06
 -1.56185751621E-06
 -1.69272720996E-06
 -1.81364248419E-06
 -1.92394236365E-06
 -2.02303476726E-06
 -2.11039787246E-06
 -2.18558398046E-06
 -2.24821746997E-06
 -2.29799775298E-06
 -2.33469995692E-06
 -2.35817219618E-06
 -2.36833921008E-06
 -2.36519827013E-06
 -2.34882054428E-06
 -2.31934791373E-06
 -2.27699433708E-06
 -2.22204062084E-06
 -2.15483578359E-06
 -2.07579250855E-06
 -1.98538532459E-06
 -1.88414878721E-06
 -1.77267372692E-06
 -1.65160497545E-06
 -1.52163761413E-06
 -1.38351367696E-06
 -1.23801873997E-06
 -1.08597885173E-06
 -9.28254735300E-07
 -7.65740253428E-07
 -5.99356326347E-07
 -4.30047265354E-07
 -2.58776424289E-07
 -8.65210338930E-08
  8.57321893477E-08
  2.56992223058E-07
  4.26268570664E-07
  5.92576554936E-07
  7.54942902859E-07
  9.12410371257E-07
  1.06404354483E-06
  1.20893446365E-06
  1.34620745484E-06
  1.47502521486E-06
  1.59459375482E-06
  1.70416728906E-06
  1.80305437425E-06
  1.89062200207E-06
  1.96630094251E-06
  2.02958926820E-06
  2.08005758395E-06
  2.11735368794E-06
  2.14120382225E-06
  2.15141744775E-06
  2.14788974517E-06
  2.13060297938E-06
  2.09962990994E-06
  2.05513219953E-06
  1.99736359718E-06
  1.92666834664E-06
  1.84348050425E-06
  1.74832257471E-06
  1.64180346474E-06
  1.52461529979E-06
  1.39753069561E-06
  1.26139741496E-06
  1.11713461592E-06
  9.65726144386E-07
  8.08215304460E-07
  6.45697241453E-07
  4.79312291191E-07
  3.10237169288E-07
  1.39677652555E-07
 -3.11408676623E-08
 -2.00982512411E-07
 -3.68610017176E-07
 -5.32794729224E-07
 -6.92325784257E-07
 -8.46020554945E-07
 -9.92733930616E-07
 -1.13136786695E-06
 -1.26088139041E-06
 -1.38029861319E-06
 -1.48871856709E-06
 -1.58532236583E-06
 -1.66938150414E-06
 -1.74026456534E-06
 -1.79744370143E-06
 -1.84049940799E-06
 -1.86912586742E-06
 -1.88313424587E-06
 -1.88245519439E-06
 -1.86714078154E-06
 -1.83736551662E-06
 -1.79342464435E-06
 -1.73573357642E-06
 -1.66482550412E-06
 -1.58134650974E-06
 -1.48605192862E-06
 -1.37979930059E-06
 -1.26354336771E-06
 -1.13832663828E-06
 -1.00527086033E-06
 -8.65568836161E-07
 -7.20472542071E-07
 -5.71283408135E-07
 -4.19340551616E-07
 -2.66008811423E-07
 -1.12666555196E-07
  3.93069043980E-08
  1.88543623381E-07
  3.33699830435E-07
  4.73468247719E-07
  6.06590560892E-07
  7.31868851744E-07
  8.48177535318E-07
  9.54473421189E-07
  1.04980654214E-06
  1.13332885121E-06
  1.20430297557E-06
  1.26210898088E-06
  1.30625153361E-06
  1.33636467581E-06
  1.35221489472E-06
  1.35370567023E-06
  1.34087667902E-06
  1.31390584102E-06
  1.27310693188E-06
  1.21892708194E-06
  1.15194404771E-06
  1.07285927697E-06
  9.82493133961E-07
  8.81776713868E-07
  7.71743259520E-07
  6.53518668514E-07
  5.28310579284E-07
  3.97397656116E-07
  2.62116458316E-07
  1.23849602574E-07
 -1.59880180206E-08
 -1.55962680992E-07
 -2.94635611908E-07
 -4.30577102861E-07
 -5.62380137126E-07
 -6.88674106186E-07
 -8.08138565844E-07
 -9.19515571240E-07
 -1.02162243820E-06
 -1.11336339614E-06
 -1.19373976304E-06
 -1.26186057514E-06
 -1.31695117034E-06
 -1.35836091886E-06
 -1.38556936236E-06
 -1.39819246670E-06
 -1.39598489568E-06
 -1.37884410378E-06
 -1.34681113195E-06
 -1.30006981180E-06
 -1.23894551507E-06
 -1.16390253879E-06
 -1.07553887574E-06
 -9.74581553237E-07
 -8.61878504566E-07
 -7.38391520372E-07
 -6.05186642133E-07
 -4.63423447172E-07
 -3.14344958952E-07
 -1.59264629929E-07
  4.45662118320E-10
  1.63368952144E-07
  3.28056813714E-07
  4.93042989547E-07
  6.56857764625E-07
  8.18041712591E-07
  9.75159650807E-07
  1.12681436804E-06
  1.27165947106E-06
  1.40841234497E-06
  1.53586620399E-06
  1.65290066434E-06
  1.75849311290E-06
  1.85172689271E-06
  1.93180039787E-06
  1.99803412215E-06
  2.04987532015E-06
  2.08690403269E-06
  2.10883604268E-06
  2.11552401197E-06
  2.10695907299E-06
  2.08326946449E-06
  2.04471757570E-06
  1.99169858206E-06
  1.92473453353E-06
  1.84446719231E-06
  1.75165371274E-06
  1.64715629580E-06
  1.53193411734E-06
  1.40703286888E-06
  1.27357407109E-06
  1.13274472824E-06
  9.85782889984E-07
  8.33968158531E-07
  6.78607307236E-07
  5.21021831901E-07
  3.62535388376E-07
  2.04460647524E-07
  4.80873545428E-08
 -1.05330215661E-07
 -2.54584705317E-07
 -3.98526793788E-07
 -5.36075503987E-07
 -6.66227776946E-07
 -7.88067040958E-07
 -9.00771112811E-07
 -1.00361853583E-06
 -1.09599432108E-06
 -1.17739455163E-06
 -1.24742905427E-06
 -1.30582429847E-06
 -1.35242316901E-06
 -1.38718576181E-06
 -1.41018665545E-06
 -1.42161309213E-06
 -1.42176111240E-06
 -1.41103009810E-06
 -1.38991765652E-06
 -1.35901188969E-06
 -1.31898491418E-06
 -1.27058353883E-06
 -1.21462039715E-06
 -1.15196485240E-06
 -1.08353196993E-06
 -1.01027319488E-06
 -9.33165154038E-07
 -8.53198685036E-07
 -7.71368831920E-07
 -6.88663305937E-07
 -6.06052822150E-07
 -5.24480924469E-07
 -4.44853725412E-07
 -3.68031720654E-07
 -2.94820637237E-07
 -2.25963802336E-07
 -1.62135293635E-07
 -1.03933643913E-07
 -5.18765688184E-08
 -6.39664277102E-09
  3.21620490240E-08
  6.35462953369E-08
  8.75950973978E-08
  1.04240022836E-07
  1.13504526666E-07
  1.15502324149E-07
  1.10434783096E-07
  9.85873711556E-08
  8.03253641379E-08
  5.60885311529E-08
  2.63853401350E-08
 -8.21377899030E-09
 -4.70835495037E-08
 -8.95515839261E-08
 -1.34906485982E-07
 -1.82406367344E-07
 -2.31287444308E-07
 -2.80772923134E-07
 -3.30081775246E-07
 -3.78437817972E-07
 -4.25077985255E-07
 -4.69261067337E-07
 -5.10275640409E-07
 -5.47447882582E-07
 -5.80148537210E-07
 -6.07800018315E-07
 -6.29881981240E-07
 -6.45937006993E-07
 -6.55574922348E-07
 -6.58477006255E-07
 -6.54398604638E-07
 -6.43171972570E-07
 -6.24707013230E-07
 -5.98992414780E-07
 -5.66095025079E-07
 -5.26158714820E-07
 -4.79402672227E-07
 -4.26118759833E-07
 -3.66667876506E-07
 -3.01475864717E-07
 -2.31028934650E-07
 -1.55868278284E-07
 -7.65841718930E-08
  6.19034157268E-09
  9.17860276672E-08
  1.79504553444E-07
  2.68625569788E-07
  3.58414126822E-07
  4.48128162134E-07
  5.37025812264E-07
  6.24372717084E-07
  7.09449466285E-07
  7.91557795310E-07
  8.70028088684E-07
  9.44225064359E-07
  1.01355385596E-06
  1.07746518552E-06
  1.13545991098E-06
  1.18709397157E-06
  1.23198128676E-06
  1.26979693960E-06
  1.30027967771E-06
  1.32323339130E-06
  1.33852745421E-06
  1.34609808811E-06
  1.34594745305E-06
  1.33814194214E-06
  1.32281138576E-06
  1.30014598199E-06
  1.27039402287E-06
  1.23385802908E-06
  1.19089065720E-06
  1.14189106171E-06
  1.08729955173E-06
  1.02759202036E-06
  9.63275624599E-07
  8.94883214642E-07
  8.22966057967E-07
  7.48090030811E-07
  6.70828569582E-07
  5.91757611801E-07
  5.11449286478E-07
  4.30467025581E-07
  3.49359993379E-07
  2.68658368441E-07
  1.88868355622E-07
  1.10468349135E-07
  3.39047723230E-08
 -4.04111695218E-08
 -1.12106469885E-07
 -1.80848687137E-07
 -2.46347809707E-07
 -3.08357726908E-07
 -3.66676999874E-07
 -4.21148911300E-07
 -4.71661763868E-07
 -5.18147487583E-07
 -5.60580815545E-07
 -5.98977351274E-07
 -6.33391380234E-07
 -6.63913510834E-07
 -6.90667263825E-07
 -7.13806230124E-07
 -7.33510375994E-07
 -7.49981722947E-07
 -7.63441278195E-07
 -7.74123861902E-07
 -7.82274867106E-07
 -7.88145143815E-07
 -7.91987531557E-07
 -7.94052084530E-07
 -7.94582490471E-07
 -7.93812148459E-07
 -7.91960474089E-07
 -7.89229545717E-07
 -7.85801375969E-07
 -7.81835069574E-07
 -7.77464379098E-07
 -7.72796227011E-07
 -7.67908773014E-07
 -7.62851129821E-07
 -7.57641998916E-07
 -7.52270523208E-07
 -7.46695889120E-07
 -7.40848747682E-07
 -7.34632180865E-07
 -7.27923918475E-07
 -7.20577929769E-07
 -7.12427549843E-07
 -7.03288094428E-07
 -6.92959986281E-07
 -6.81232904753E-07
 -6.67888514272E-07
 -6.52705523407E-07
 -6.35462754417E-07
 -6.15944372839E-07
 -5.93942957039E-07
 -5.69264614114E-07
 -5.41732788406E-07
 -5.11191842634E-07
 -4.77511662211E-07
 -4.40590497419E-07
 -4.00358970865E-07
 -3.56782351218E-07
 -3.09863480652E-07
 -2.59645304368E-07
 -2.06212078524E-07
 -1.49690919216E-07
 -9.02527332869E-08
 -2.81121668166E-08
  3.64723646840E-08
  1.03199695900E-07
  1.71727094767E-07
  2.41672239554E-07
  3.12615640041E-07
  3.84103515216E-07
  4.55651132825E-07
  5.26747044205E-07
  5.96857091750E-07
  6.65429126911E-07
  7.31898126105E-07
  7.95691562416E-07
  8.56235260471E-07
  9.12958569188E-07
  9.65301069300E-07
  1.01271791664E-06
  1.05468620859E-06
  1.09071095267E-06
  1.12033069399E-06
  1.14312297228E-06
  1.15871080197E-06
  1.16676619655E-06
  1.16701596653E-06
  1.15924569855E-06
  1.14330350698E-06
  1.11910321721E-06
  1.08662754883E-06
  1.04592913885E-06
  9.97133156488E-07
  9.40437359986E-07
  8.76112096648E-07
  8.04499961760E-07
  7.26014434349E-07
  6.41137262392E-07
  5.50416245915E-07
  4.54461115851E-07
  3.53940095010E-07
  2.49574327427E-07
  1.42132975611E-07
  3.24268434326E-08
 -7.86979228451E-08
 -1.90366833408E-07
 -3.01684480064E-07
 -4.11742206552E-07
 -5.19626155437E-07
 -6.24425013029E-07
 -7.25238919586E-07
 -8.21187029487E-07
 -9.11416577765E-07
 -9.95109985524E-07
 -1.07149367068E-06
 -1.13984469863E-06
 -1.19949913824E-06
 -1.24985774619E-06
 -1.29039278818E-06
 -1.32065360958E-06
 -1.34027186505E-06
 -1.34896527015E-06
 -1.34654192152E-06
 -1.33290257054E-06
 -1.30804244236E-06
 -1.27205271383E-06
 -1.22512074086E-06
 -1.16752892154E-06
 -1.09965355932E-06
 -1.02196236185E-06
 -9.35010405101E-07
 -8.39437404920E-07
 -7.35961123155E-07
 -6.25372535978E-07
 -5.08529183207E-07
 -3.86347807080E-07
 -2.59796877344E-07
 -1.29887965272E-07
  2.33280417206E-09
  1.35793939648E-07
  2.69408076292E-07
  4.02081440143E-07
  5.32723731794E-07
  6.60258081098E-07
  7.83630071055E-07
  9.01818111743E-07
  1.01384193840E-06
  1.11877193376E-06
  1.21573782508E-06
  1.30393550535E-06
  1.38263578719E-06
  1.45118997352E-06
  1.50903633767E-06
  1.55570489824E-06
  1.59082208029E-06
  1.61411298905E-06
  1.62540538895E-06
  1.62462970366E-06
  1.61182038028E-06
  1.58711509357E-06
  1.55075247221E-06
  1.50307141666E-06
  1.44450564221E-06
  1.37558072311E-06
  1.29690874928E-06
  1.20918082303E-06
  1.11316319362E-06
  1.00968657080E-06
  8.99640269836E-07
  7.83962605055E-07
  6.63632249598E-07
  5.39658458365E-07
  4.13071603589E-07
  2.84913511450E-07
  1.56226874992E-07
  2.80462284508E-08
 -9.86124533142E-08
 -2.22760832003E-07
 -3.43447737805E-07
 -4.59767704797E-07
 -5.70869303829E-07
 -6.75962439800E-07
 -7.74326167630E-07
 -8.65313893428E-07
 -9.48359740960E-07
 -1.02298236015E-06
 -1.08878907668E-06
 -1.14547856356E-06
 -1.19284231914E-06
 -1.23076608816E-06
 -1.25922883853E-06
 -1.27830207930E-06
 -1.28814826894E-06
 -1.28901649532E-06
 -1.28123951981E-06
 -1.26522888877E-06
 -1.24146879443E-06
 -1.21051050428E-06
 -1.17296474400E-06
 -1.12949442155E-06
 -1.08080655536E-06
 -1.02764352050E-06
 -9.70774863163E-07
 -9.10987523639E-07
 -8.49077309795E-07
 -7.85839517903E-07
 -7.22059837699E-07
 -6.58505655338E-07
 -5.95917242663E-07
 -5.34999401225E-07
 -4.76414101058E-07
 -4.20773091037E-07
 -3.68631134506E-07
 -3.20480324945E-07
 -2.76744884786E-07
 -2.37776859535E-07
 -2.03852636105E-07
 -1.75170384864E-07
 -1.51848624341E-07
 -1.33925354362E-07
 -1.21358240790E-07
 -1.14026171616E-07
 -1.11731111474E-07
 -1.14201299084E-07
 -1.21095069971E-07
 -1.32005723685E-07
 -1.46466888395E-07
 -1.63958915778E-07
 -1.83915531693E-07
 -2.05731410574E-07
 -2.28769991395E-07
 -2.52371677334E-07
 -2.75862447552E-07
 -2.98562611079E-07
 -3.19795589121E-07
 -3.38896654739E-07
 -3.55221771997E-07
 -3.68156008790E-07
 -3.77121665451E-07
 -3.81586175990E-07
 -3.81069270361E-07
 -3.75149710408E-07
 -3.63471428955E-07
 -3.45748503605E-07
 -3.21770244227E-07
 -2.91404376185E-07
 -2.54600053040E-07
 -2.11389703964E-07
 -1.61889829542E-07
 -1.06301172309E-07
 -4.49074910591E-08
  2.19263487367E-08
  9.37572792736E-08
  1.70067920635E-07
  2.50271313007E-07
  3.33716428713E-07
  4.19694487164E-07
  5.07446088704E-07
  5.96168888478E-07
  6.85025611347E-07
  7.73153033151E-07
  8.59670876707E-07
  9.43691247812E-07
  1.02432807125E-06
  1.10070664050E-06
  1.17197328109E-06
  1.23730478663E-06
  1.29591751374E-06
  1.34707647703E-06
  1.39010319344E-06
  1.42438477724E-06
  1.44937939695E-06
  1.46462434714E-06
  1.46974230120E-06
  1.46444381244E-06
  1.44853402162E-06
  1.42191504438E-06
  1.38458744914E-06
  1.33665241719E-06
  1.27831128793E-06
  1.20986499041E-06
  1.13171199700E-06
  1.04434627701E-06
  9.48352180785E-07
  8.44400403821E-07
  7.33242586648E-07
  6.15704152551E-07
  4.92677543207E-07
  3.65113976386E-07
  2.34015104184E-07
  1.00423733329E-07
 -3.45857635864E-08
 -1.69917242943E-07
 -3.04463014800E-07
 -4.37113982343E-07
 -5.66770268051E-07
 -6.92350965892E-07
 -8.12804898942E-07
 -9.27119913285E-07
 -1.03433239929E-06
 -1.13353644338E-06
 -1.22389246826E-06
 -1.30463422465E-06
 -1.37507686304E-06
 -1.43462250435E-06
 -1.48276592427E-06
 -1.51909955548E-06
 -1.54331598878E-06
 -1.55521183842E-06
 -1.55468876528E-06
 -1.54175438638E-06
 -1.51652102431E-06
 -1.47920616200E-06
 -1.43012823628E-06
 -1.36970425046E-06
 -1.29844545427E-06
 -1.21695177313E-06
 -1.12590691970E-06
 -1.02607054941E-06
 -9.18271666706E-07
 -8.03400325822E-07
 -6.82399331708E-07
 -5.56255315587E-07
 -4.25989099995E-07
 -2.92646831213E-07
 -1.57290003244E-07
 -2.09854658095E-08
  1.15203739881E-07
  2.50228225696E-07
  3.83061433240E-07
  5.12708595579E-07
  6.38215510662E-07
  7.58676321766E-07
  8.73241390309E-07
  9.81123548627E-07
  1.08160520540E-06
  1.17404283628E-06
  1.25787244087E-06
  1.33261278279E-06
  1.39786857289E-06
  1.45333240198E-06
  1.49878621869E-06
  1.53410132953E-06
  1.55923760303E-06
  1.57424290137E-06
  1.57924955602E-06
  1.57447220772E-06
  1.56020371378E-06
  1.53681025949E-06
  1.50472635596E-06
  1.46444915572E-06
  1.41653208630E-06
  1.36157814268E-06
  1.30023181555E-06
  1.23317363432E-06
  1.16111061743E-06
  1.08476899641E-06
  1.00488739463E-06
  9.22207561871E-07
  8.37468121517E-07
  7.51395873522E-07
  6.64699712161E-07
  5.78063065859E-07
  4.92138156005E-07
  4.07539090475E-07
  3.24837628796E-07
  2.44557696760E-07
  1.67171378962E-07
  9.30954016098E-08
  2.26883809518E-08
 -4.37513811846E-08
 -1.05987176369E-07
 -1.63844632084E-07
 -2.17211621134E-07
 -2.66037403662E-07
 -3.10331415676E-07
 -3.50160689777E-07
 -3.85647723533E-07
 -4.16966514649E-07
 -4.44338951411E-07
 -4.68030663114E-07
 -4.88345733629E-07
 -5.05621756020E-07
 -5.20224375578E-07
 -5.32541434950E-07
 -5.42977147688E-07
 -5.51945959160E-07
 -5.59866464300E-07
 -5.67155439057E-07
 -5.74222156047E-07
 -5.81461961247E-07
 -5.89251385463E-07
 -5.97942744207E-07
 -6.07858908097E-07
 -6.19289494352E-07
 -6.32485694041E-07
 -6.47658396247E-07
 -6.64973640596E-07
 -6.84550911956E-07
 -7.06461264599E-07
 -7.30725844278E-07
 -7.57315604005E-07
 -7.86150508247E-07
 -8.17101067696E-07
 -8.49988964546E-07
 -8.84588985173E-07
 -9.20631009649E-07
 -9.57803763413E-07
 -9.95756977318E-07
 -1.03410616248E-06
 -1.07243658931E-06
 -1.11030749395E-06
 -1.14725776257E-06
 -1.18281036521E-06
 -1.21647838114E-06
 -1.24777000110E-06
 -1.27619421164E-06
 -1.30126704789E-06
 -1.32251648211E-06
 -1.33948776693E-06
 -1.35174980187E-06
 -1.35889899866E-06
 -1.36056507927E-06
 -1.35641505494E-06
 -1.34615743264E-06
 -1.32954608034E-06
 -1.30638397877E-06
 -1.27652504034E-06
 -1.23987672396E-06
 -1.19640219509E-06
 -1.14612134894E-06
 -1.08911137886E-06
 -1.02550654901E-06
 -9.55498535404E-07
 -8.79334152160E-07
 -7.97314953616E-07
 -7.09794619524E-07
 -6.17175658135E-07
 -5.19907473517E-07
 -4.18482017039E-07
 -3.13430007282E-07
 -2.05316851520E-07
 -9.47373379745E-08
  1.76886008063E-08
  1.31321428398E-07
  2.45507209229E-07
  3.59583054887E-07
  4.72882675240E-07
  5.84741940202E-07
  6.94504194598E-07
  8.01525800398E-07
  9.05181309463E-07
  1.00486852261E-06
  1.10001326448E-06
  1.19007393096E-06
  1.27454541143E-06
  1.35296329518E-06
  1.42490728194E-06
  1.49000356942E-06
  1.54792837748E-06
  1.59840897140E-06
  1.64122616297E-06
  1.67621476521E-06
  1.70326438820E-06
  1.72231989382E-06
  1.73338048626E-06
  1.73649914359E-06
  1.73178159457E-06
  1.71938370386E-06
  1.69951022144E-06
  1.67241171312E-06
  1.63838205935E-06
  1.59775436259E-06
  1.55089855980E-06
  1.49821664763E-06
  1.44013961290E-06
  1.37712254400E-06
  1.30964087930E-06
  1.23818517750E-06
  1.16325827548E-06
  1.08536983134E-06
  1.00503268641E-06
  9.22757408262E-07
  8.39050017021E-07
  7.54406926262E-07
  6.69311361889E-07
  5.84230747336E-07
  4.99612326621E-07
  4.15881288518E-07
  3.33437640165E-07
  2.52654473343E-07
  1.73875520204E-07
  9.74140306198E-08
  2.35514825420E-08
 -4.74631782765E-08
 -1.15414060531E-07
 -1.80118348680E-07
 -2.41426107550E-07
 -2.99219607314E-07
 -3.53412588083E-07
 -4.03949002248E-07
 -4.50801564966E-07
 -4.93970048865E-07
 -5.33479578735E-07
 -5.69378357795E-07
 -6.01735280270E-07
 -6.30638226085E-07
 -6.56191048165E-07
 -6.78511128172E-07
 -6.97727330135E-07
 -7.13976987754E-07
 -7.27403630663E-07
 -7.38154881219E-07
 -7.46380067085E-07
 -7.52227663270E-07
 -7.55843586830E-07
 -7.57369946314E-07
 -7.56942654334E-07
 -7.54690063332E-07
 -7.50732226606E-07
 -7.45179761452E-07
 -7.38133110190E-07
 -7.29681801204E-07
 -7.19904676316E-07
 -7.08869663413E-07
 -6.96634003816E-07
 -6.83244650190E-07
 -6.68739289722E-07
 -6.53146457807E-07
 -6.36487413885E-07
 -6.18776596184E-07
 -6.00023611241E-07
 -5.80234086556E-07
 -5.59411375889E-07
 -5.37558094038E-07
 -5.14677935826E-07
 -4.90776699280E-07
 -4.65864445687E-07
 -4.39956664877E-07
 -4.13075753158E-07
 -3.85252263868E-07
 -3.56526356882E-07
 -3.26948537577E-07
 -2.96580736858E-07
 -2.65496851171E-07
 -2.33783410408E-07
 -2.01539663180E-07
 -1.68877804185E-07
 -1.35922618938E-07
 -1.02811284819E-07
 -6.96925539501E-08
 -3.67260817313E-08
 -4.08117939443E-09
  2.80643561723E-08
  5.95257603209E-08
  9.01129979525E-08
  1.19632488804E-07
  1.47889181790E-07
  1.74688565835E-07
  1.99838851245E-07
  2.23153222123E-07
  2.44452138531E-07
  2.63565510750E-07
  2.80335115121E-07
  2.94616711471E-07
  3.06282146312E-07
  3.15221427627E-07
  3.21344657550E-07
  3.24583538713E-07
  3.24893022707E-07
  3.22252788010E-07
  3.16667893685E-07
  3.08169802565E-07
  2.96817034950E-07
  2.82695168607E-07
  2.65916838771E-07
  2.46621482347E-07
  2.24974513685E-07
  2.01166358238E-07
  1.75411358327E-07
  1.47945755202E-07
  1.19026381640E-07
  8.89280045158E-08
  5.79412962054E-08
  2.63699337921E-08
 -5.47203482526E-09
 -3.72632982248E-08
 -6.86784105142E-08
 -9.93910589386E-08
 -1.29077434963E-07
 -1.57419663083E-07
 -1.84109140378E-07
 -2.08849982641E-07
 -2.31362264458E-07
 -2.51385358752E-07
 -2.68680906856E-07
 -2.83035717530E-07
 -2.94264424383E-07
 -3.02212015413E-07
 -3.06755993051E-07
 -3.07808107891E-07
 -3.05315808191E-07
 -2.99263774650E-07
 -2.89674431997E-07
 -2.76608318472E-07
 -2.60164341626E-07
 -2.40479153035E-07
 -2.17726494611E-07
 -1.92116047515E-07
 -1.63891641591E-07
 -1.33329450591E-07
 -1.00735618958E-07
 -6.64434196551E-08
 -3.08103906832E-08
  5.78506043070E-09
  4.29473416830E-08
  8.02674406941E-08
  1.17326983684E-07
  1.53702501393E-07
  1.88969636383E-07
  2.22707711828E-07
  2.54504044506E-07
  2.83958456748E-07
  3.10687454430E-07
  3.34328831286E-07
  3.54545278469E-07
  3.71028846757E-07
  3.83504158208E-07
  3.91731958871E-07
  3.95512330442E-07
  3.94687049265E-07
  3.89142314816E-07
  3.78810312895E-07
  3.63671034620E-07
  3.43752788012E-07
  3.19133249604E-07
  2.89939322329E-07
  2.56346538663E-07
  2.18578207978E-07
  1.76904165983E-07
  1.31638628886E-07
  8.31379125543E-08
  3.17976081021E-08
 -2.19507008126E-08
 -7.76430226779E-08
 -1.34787029538E-07
 -1.92866409066E-07
 -2.51345369406E-07
 -3.09673623633E-07
 -3.67291448811E-07
 -4.23634929803E-07
 -4.78141089388E-07
 -5.30253487341E-07
 -5.79427421599E-07
 -6.25135214705E-07
 -6.66871756039E-07
 -7.04158992448E-07
 -7.36550987313E-07
 -7.63638695389E-07
 -7.85053998698E-07
 -8.00473344498E-07
 -8.09621781173E-07
 -8.12275686712E-07
 -8.08265610885E-07
 -7.97477866854E-07
 -7.79856975441E-07
 -7.55406176722E-07
 -7.24188112144E-07
 -6.86324540311E-07
 -6.41996507511E-07
 -5.91442073983E-07
 -5.34955916009E-07
 -4.72886142688E-07
 -4.05632050615E-07
 -3.33640741701E-07
 -2.57403428350E-07
 -1.77451596528E-07
 -9.43520674923E-08
 -8.70259242447E-09
  7.88735050605E-08
  1.67732665091E-07
  2.57216782984E-07
  3.46658794115E-07
  4.35388727738E-07
  5.22739355802E-07
  6.08052459938E-07
  6.90684146321E-07
  7.70010842643E-07
  8.45434840357E-07
  9.16389581107E-07
  9.82344204203E-07
  1.04280866253E-06
  1.09733855425E-06
  1.14553733965E-06
  1.18706145713E-06
  1.22162305161E-06
  1.24899077036E-06
  1.26899408315E-06
  1.28152305479E-06
  1.28652936837E-06
  1.28402700739E-06
  1.27409191464E-06
  1.25686040064E-06
  1.23252846151E-06
  1.20134916415E-06
  1.16363082725E-06
  1.11973315597E-06
  1.07006451344E-06
  1.01507771433E-06
  9.55265477387E-07
  8.91156105354E-07
  8.23308596409E-07
  7.52306846152E-07
  6.78754986438E-07
  6.03271075761E-07
  5.26481926499E-07
  4.49016937409E-07
  3.71502778762E-07
  2.94557395364E-07
  2.18784620643E-07
  1.44768605992E-07
  7.30687901296E-08
  4.21481294310E-09
 -6.12978823256E-08
 -1.23012526387E-07
 -1.80514817316E-07
 -2.33436281860E-07
 -2.81457545270E-07
 -3.24310462929E-07
 -3.61780507774E-07
 -3.93707978219E-07
 -4.19989191869E-07
 -4.40576684468E-07
 -4.55479352013E-07
 -4.64761740204E-07
 -4.68542623366E-07
 -4.66993753889E-07
 -4.60337417962E-07
 -4.48843820777E-07
 -4.32828244357E-07
 -4.12647210624E-07
 -3.88694900266E-07
 -3.61398974746E-07
 -3.31215801452E-07
 -2.98626162021E-07
 -2.64129909056E-07
 -2.28241148648E-07
 -1.91482996570E-07
 -1.54382263418E-07
 -1.17464196592E-07
 -8.12474638678E-08
 -4.62387674816E-08
 -1.29280746108E-08
  1.82162587237E-08
  4.67520280267E-08
  7.22674755593E-08
  9.43851929947E-08
  1.12765867755E-07
  1.27111434267E-07
  1.37167916137E-07
  1.42727913044E-07
  1.43632490790E-07
  1.39772623697E-07
  1.31090402533E-07
  1.17579304515E-07
  9.92844277903E-08
  7.63019727401E-08
  4.87783147207E-08
  1.69086149526E-08
 -1.90649949161E-08
 -5.88557007575E-08
 -1.02134677604E-07
 -1.48534212485E-07
 -1.97650976475E-07
 -2.49049946888E-07
 -3.02268261976E-07
 -3.56819612080E-07
 -4.12198545519E-07
 -4.67885229227E-07
 -5.23350195181E-07
 -5.78058916290E-07
 -6.31477291790E-07
 -6.83075427332E-07
 -7.32333660380E-07
 -7.78746198193E-07
 -8.21826574793E-07
 -8.61111118411E-07
 -8.96163840025E-07
 -9.26579843963E-07
 -9.51989534315E-07
 -9.72061229731E-07
 -9.86504574030E-07
 -9.95073150989E-07
 -9.97566417027E-07
 -9.93831918095E-07
 -9.83766199170E-07
 -9.67316282185E-07
 -9.44480063936E-07
 -9.15306202387E-07
 -8.79893946149E-07
 -8.38392793412E-07
 -7.91000672962E-07
 -7.37962864150E-07
 -6.79569893691E-07
 -6.16155489297E-07
 -5.48093737507E-07
 -4.75795985722E-07
 -3.99708000032E-07
 -3.20306099866E-07
 -2.38093917915E-07
 -1.53597767394E-07
 -6.73633095971E-08
  2.00491747648E-08
  1.08068789473E-07
  1.96118506324E-07
  2.83619499442E-07
  3.69995433402E-07
  4.54676808204E-07
  5.37105279363E-07
  6.16737452219E-07
  6.93049116762E-07
  7.65538914038E-07
  8.33731633065E-07
  8.97181905657E-07
  9.55477048592E-07
  1.00823979210E-06
  1.05513106519E-06
  1.09585175778E-06
  1.13014459657E-06
  1.15779619136E-06
  1.17863748983E-06
  1.19254525544E-06
  1.19944172638E-06
  1.19929541142E-06
  1.19212097616E-06
  1.17797833354E-06
  1.15697150704E-06
  1.12924851692E-06
  1.09499865175E-06
  1.05445155896E-06
  1.00787474366E-06
  9.55572318162E-07
  8.97880738648E-07
  8.35167952573E-07
  7.67829760662E-07
  6.96286519997E-07
  6.20980813437E-07
  5.42373641110E-07
  4.60941635083E-07
  3.77173080324E-07
  2.91565328325E-07
  2.04621059652E-07
  1.16845136233E-07
  2.87412333932E-08
 -5.91912154846E-08
 -1.46460095607E-07
 -2.32583602156E-07
 -3.17092997193E-07
 -3.99535338147E-07
 -4.79475772863E-07
 -5.56500253879E-07
 -6.30217243724E-07
 -7.00259931818E-07
 -7.66287541865E-07
 -8.27987491903E-07
 -8.85075792212E-07
 -9.37299034831E-07
 -9.84434677775E-07
 -1.02629155663E-06
 -1.06271079403E-06
 -1.09356517441E-06
 -1.11876033770E-06
 -1.13823318770E-06
 -1.15195280159E-06
 -1.15991872462E-06
 -1.16216051538E-06
 -1.15873774575E-06
 -1.14973749987E-06
 -1.13527414669E-06
 -1.11548786208E-06
 -1.09054303721E-06
 -1.06062680061E-06
 -1.02594765394E-06
 -9.86733425634E-07
 -9.43230133998E-07
 -8.95699940884E-07
 -8.44419105306E-07
 -7.89676903423E-07
 -7.31773354801E-07
 -6.71017630793E-07
 -6.07726235557E-07
 -5.42221528121E-07
 -4.74829931818E-07
 -4.05880371090E-07
 -3.35702509346E-07
 -2.64625640511E-07
 -1.92976983726E-07
 -1.21080418580E-07
 -4.92552238995E-08
  2.21851887972E-08
  9.29343286771E-08
  1.62693751804E-07
  2.31173913789E-07
  2.98095301332E-07
  3.63188917163E-07
  4.26197345860E-07
  4.86875194383E-07
  5.44989859463E-07
  6.00321982347E-07
  6.52666074075E-07
  7.01830686012E-07
  7.47638807752E-07
  7.89928435552E-07
  8.28552856547E-07
  8.63380307692E-07
  8.94294714726E-07
  9.21195749015E-07
  9.43998941239E-07
  9.62635454016E-07
  9.77052309281E-07
  9.87212729342E-07
  9.93095568447E-07
  9.94695597001E-07
  9.92023728941E-07
  9.85105998552E-07
  9.73984811026E-07
  9.58717123467E-07
  9.39376150200E-07
  9.16049600619E-07
  8.88840418156E-07
  8.57866268689E-07
  8.23258744731E-07
  7.85164161243E-07
  7.43742191389E-07
  6.99165980222E-07
  6.51621689940E-07
  6.01307647230E-07
  5.48434513803E-07
  4.93224092679E-07
  4.35909015550E-07
  3.76732003815E-07
  3.15945385410E-07
  2.53809758988E-07
  1.90593780758E-07
  1.26573056036E-07
  6.20290947495E-08
 -2.75152278739E-09
 -6.74782043575E-08
 -1.31857461838E-07
 -1.95594040520E-07
 -2.58391992247E-07
 -3.19956114936E-07
 -3.79992968647E-07
 -4.38212310883E-07
 -4.94328276091E-07
 -5.48060882011E-07
 -5.99137194968E-07
 -6.47292779377E-07
 -6.92273090408E-07
 -7.33834951916E-07
 -7.71747295403E-07
 -8.05793433756E-07
 -8.35771402308E-07
 -8.61495891513E-07
 -8.82799213286E-07
 -8.99532210497E-07
 -9.11565791739E-07
 -9.18791613458E-07
 -9.21122932596E-07
 -9.18496311897E-07
 -9.10870937787E-07
 -8.98230382518E-07
 -8.80582717855E-07
 -8.57961083511E-07
 -8.30423857678E-07
 -7.98054827555E-07
 -7.60963473567E-07
 -7.19284400930E-07
 -6.73177567023E-07
 -6.22827712959E-07
 -5.68443851989E-07
 -5.10258360009E-07
 -4.48526691343E-07
 -3.83526185033E-07
 -3.15554615327E-07
 -2.44929481141E-07
 -1.71986386022E-07
 -9.70775744236E-08
 -2.05703631906E-08
  5.71546614481E-08
  1.35705448656E-07
  2.14680440536E-07
  2.93670581186E-07
  3.72261439452E-07
  4.50035514632E-07
  5.26574126525E-07
  6.01460442340E-07
  6.74280727253E-07
  7.44627925542E-07
  8.12102825876E-07
  8.76317415077E-07
  9.36896526582E-07
  9.93480398392E-07
  1.04572711734E-06
  1.09331438125E-06
  1.13594239792E-06
  1.17333411254E-06
  1.20523964142E-06
  1.23143593100E-06
  1.25172959997E-06
  1.26595784877E-06
  1.27399016492E-06
  1.27572945985E-06
  1.27111263737E-06
  1.26011173052E-06
  1.24273503843E-06
  1.21902621686E-06
  1.18906552871E-06
  1.15296973036E-06
  1.11089093480E-06
  1.06301774849E-06
  1.00957231552E-06
  9.50811340772E-07
  8.87024157237E-07
  8.18531418645E-07
  7.45683166770E-07
  6.68857637720E-07
  5.88458647144E-07
  5.04913998611E-07
  4.18672470914E-07
  3.30201771703E-07
  2.39985411099E-07
  1.48520413745E-07
  5.63138158327E-08
 -3.61201735188E-08
 -1.28263238253E-07
 -2.19596358875E-07
 -3.09602825155E-07
 -3.97771913185E-07
 -4.83601525048E-07
 -5.66602182062E-07
 -6.46299497475E-07
 -7.22238098660E-07
 -7.93983815583E-07
 -8.61127432472E-07
 -9.23286734178E-07
 -9.80109916782E-07
 -1.03127717921E-06
 -1.07650339487E-06
 -1.11554084015E-06
 -1.14817976282E-06
 -1.17425042845E-06
 -1.19362459827E-06
 -1.20621632504E-06
 -1.21198286251E-06
 -1.21092466543E-06
 -1.20308607165E-06
 -1.18855462006E-06
 -1.16746048207E-06
 -1.13997646167E-06
 -1.10631515327E-06
 -1.06672973743E-06
 -1.02151045667E-06
 -9.70983478510E-07
 -9.15508223898E-07
 -8.55475093431E-07
 -7.91302340986E-07
 -7.23433629446E-07
 -6.52334165352E-07
 -5.78487799885E-07
 -5.02393334045E-07
 -4.24560909096E-07
 -3.45508169630E-07
 -2.65756654017E-07
 -1.85827744303E-07
 -1.06238942976E-07
 -2.75000537897E-08
  4.98906089774E-08
  1.25449872712E-07
  1.98713280497E-07
  2.69238427109E-07
  3.36608309226E-07
  4.00434117864E-07
  4.60358222654E-07
  5.16056672950E-07
  5.67241443150E-07
  6.13662223259E-07
  6.55108237879E-07
  6.91409468345E-07
  7.22437675904E-07
  7.48106856463E-07
  7.68373809024E-07
  7.83237567248E-07
  7.92739399458E-07
  7.96961728611E-07
  7.96026768057E-07
  7.90095384673E-07
  7.79365166181E-07
  7.64067920045E-07
  7.44467797631E-07
  7.20858110981E-07
  6.93558490639E-07
  6.62911986637E-07
  6.29280918929E-07
  5.93044433117E-07
  5.54593896140E-07
  5.14329997259E-07
  4.72658030048E-07
  4.29984766015E-07
  3.86714333445E-07
  3.43244693113E-07
  2.99963545558E-07
  2.57245318380E-07
  2.15447442997E-07
  1.74907100359E-07
  1.35938478252E-07
  9.88297514937E-08
  6.38409360931E-08
  3.12014165615E-08
  1.10826592348E-09
 -2.62753214741E-08
 -5.08211961403E-08
 -7.24370607941E-08
 -9.10668944698E-08
 -1.06691004476E-07
 -1.19325775927E-07
 -1.29022922124E-07
 -1.35868518214E-07
 -1.39981480629E-07
 -1.41512060736E-07
 -1.40639556889E-07
 -1.37570097536E-07
 -1.32534097474E-07
 -1.25783202520E-07
 -1.17587404702E-07
 -1.08231645868E-07
 -9.80124852390E-08
 -8.72345538028E-08
 -7.62069376492E-08
 -6.52395613088E-08
 -5.46395355627E-08
 -4.47075372279E-08
 -3.57343061808E-08
 -2.79971938966E-08
 -2.17569198213E-08
 -1.72544787347E-08
 -1.47082390711E-08
 -1.43113707551E-08
 -1.62294320205E-08
 -2.05983923252E-08
 -2.75228231317E-08
 -3.70745709688E-08
 -4.92917031636E-08
 -6.41778470367E-08
 -8.17019198962E-08
 -1.01798164565E-07
 -1.24366721366E-07
 -1.49274399064E-07
 -1.76355896997E-07
 -2.05415403798E-07
 -2.36228487438E-07
 -2.68544340543E-07
 -3.02088352555E-07
 -3.36564681902E-07
 -3.71659695020E-07
 -4.07044780104E-07
 -4.42380127197E-07
 -4.77317996683E-07
 -5.11506641487E-07
 -5.44593945051E-07
 -5.76230888782E-07
 -6.06075786891E-07
 -6.33797696992E-07
 -6.59080058085E-07
 -6.81623873788E-07
 -7.01151577687E-07
 -7.17409420758E-07
 -7.30170768293E-07
 -7.39238601000E-07
 -7.44447845591E-07
 -7.45666909552E-07
 -7.42799727504E-07
 -7.35786613859E-07
 -7.24605627056E-07
 -7.09272683252E-07
 -6.89841726853E-07
 -6.66404389449E-07
 -6.39089364540E-07
 -6.08061100138E-07
 -5.73518832425E-07
 -5.35694312020E-07
 -4.94849587085E-07
 -4.51275127489E-07
 -4.05286414207E-07
 -3.57221210834E-07
 -3.07436124558E-07
 -2.56303451351E-07
 -2.04207253773E-07
 -1.51539566673E-07
 -9.86969013184E-08
 -4.60759821408E-08
  5.92992988047E-09
  5.69349651869E-08
  1.06564435498E-07
  1.54458490442E-07
  2.00275607654E-07
  2.43696007374E-07
  2.84424572783E-07
  3.22193983493E-07
  3.56766861387E-07
  3.87938428048E-07
  4.15538238485E-07
  4.39431573795E-07
  4.59520919094E-07
  4.75746475104E-07
  4.88086811856E-07
  4.96558698160E-07
  5.01216618431E-07
  5.02152374793E-07
  4.99493467032E-07
  4.93401785207E-07
  4.84071847495E-07
  4.71728100138E-07
  4.56622984757E-07
  4.39033669863E-07
  4.19259208684E-07
  3.97616986447E-07
  3.74439622419E-07
  3.50071047706E-07
  3.24862753587E-07
  2.99170153539E-07
  2.73348462088E-07
  2.47749227356E-07
  2.22716195708E-07
  1.98581716404E-07
  1.75663132040E-07
  1.54259367946E-07
  1.34647706318E-07
  1.17080801942E-07
  1.01783882656E-07
  8.89522624448E-08
  7.87493803500E-08
  7.13047754175E-08
  6.67127864062E-08
  6.50314362360E-08
  6.62816290742E-08
  7.04470153323E-08
  7.74738637688E-08
  8.72717009770E-08
  9.97140290337E-08
  1.14639540527E-07
  1.31853795438E-07
  1.51131047232E-07
  1.72216516603E-07
  1.94828928102E-07
  2.18663373630E-07
  2.43394367772E-07
  2.68679173132E-07
  2.94161083048E-07
  3.19473514310E-07
  3.44243119343E-07
  3.68094163150E-07
  3.90652161286E-07
  4.11547574686E-07
  4.30420072917E-07
  4.46921859520E-07
  4.60721594209E-07
  4.71507860311E-07
  4.78992376429E-07
  4.82913264932E-07
  4.83037922550E-07
  4.79165748857E-07
  4.71130078949E-07
  4.58800798242E-07
  4.42085593022E-07
  4.20931655754E-07
  3.95326281932E-07
  3.65298035376E-07
  3.30916577695E-07
  2.92292838822E-07
  2.49578363309E-07
  2.02964756113E-07
  1.52682289922E-07
  9.89983490740E-08
  4.22157597768E-08
 -1.73294942840E-08
 -7.92706913444E-08
 -1.43213114256E-07
 -2.08737020557E-07
 -2.75400793726E-07
 -3.42744442605E-07
 -4.10292926745E-07
 -4.77560149648E-07
 -5.44052454643E-07
 -6.09272547081E-07
 -6.72723558637E-07
 -7.33912656870E-07
 -7.92354910573E-07
 -8.47577553031E-07
 -8.99123108411E-07
 -9.46553427639E-07
 -9.89452701106E-07
 -1.02743138086E-06
 -1.06012862489E-06
 -1.08721565084E-06
 -1.10839778245E-06
 -1.12341786007E-06
 -1.13205680918E-06
 -1.13413739200E-06
 -1.12952375275E-06
 -1.11812437353E-06
 -1.09989161956E-06
 -1.07482276235E-06
 -1.04296088921E-06
 -1.00439422113E-06
 -9.59255544331E-07
 -9.07722096599E-07
 -8.50014259868E-07
 -7.86394252827E-07
 -7.17165221431E-07
 -6.42668112505E-07
 -5.63281105315E-07
 -4.79416200960E-07
 -3.91517147591E-07
 -3.00056797187E-07
 -2.05533879694E-07
 -1.08470274540E-07
 -9.40747924005E-09
  9.10964459422E-08
  1.92470466231E-07
  2.94134054002E-07
  3.95500507011E-07
  4.95980998494E-07
  5.94987511704E-07
  6.91937259489E-07
  7.86255213825E-07
  8.77378454334E-07
  9.64758783084E-07
  1.04786693100E-06
  1.12619466108E-06
  1.19925903164E-06
  1.26660393107E-06
  1.32780405693E-06
  1.38246673487E-06
  1.43023430610E-06
  1.47078674217E-06
  1.50384289554E-06
  1.52916288698E-06
  1.54654890139E-06
  1.55584734784E-06
  1.55694851856E-06
  1.54978852152E-06
  1.53434905314E-06
  1.51065796672E-06
  1.47878836287E-06
  1.43885995385E-06
  1.39103690344E-06
  1.33552782700E-06
  1.27258408611E-06
  1.20249910651E-06
  1.12560678645E-06
  1.04227922293E-06
  9.52924722242E-07
  8.57986321989E-07
  7.57938437346E-07
  6.53285212593E-07
  5.44556598925E-07
  4.32307018627E-07
  3.17110533388E-07
  1.99558883196E-07
  8.02579975812E-08
 -4.01756885537E-08
 -1.61118421715E-07
 -2.81942647007E-07
 -4.02020589263E-07
 -5.20727724052E-07
 -6.37446134988E-07
 -7.51568165924E-07
 -8.62499803134E-07
 -9.69664029071E-07
 -1.07250366455E-06
 -1.17048534776E-06
 -1.26310192172E-06
 -1.34987465117E-06
 -1.43035765632E-06
 -1.50413870870E-06
 -1.57084218699E-06
 -1.63013157817E-06
 -1.68171004589E-06
 -1.72532338638E-06
 -1.76076105163E-06
 -1.78785580829E-06
 -1.80648703463E-06
 -1.81657924259E-06
 -1.81810321465E-06
 -1.81107554909E-06
 -1.79555888735E-06
 -1.77166089088E-06
 -1.73953378635E-06
 -1.69937277406E-06
 -1.65141489106E-06
 -1.59593787430E-06
 -1.53325720476E-06
 -1.46372508425E-06
 -1.38772759328E-06
 -1.30568275836E-06
 -1.21803691400E-06
 -1.12526277007E-06
 -1.02785622857E-06
 -9.26333143525E-07
 -8.21226478820E-07
 -7.13082613402E-07
 -6.02458669618E-07
 -4.89918761559E-07
 -3.76030982352E-07
 -2.61363851450E-07
 -1.46483316144E-07
 -3.19493764778E-08
  8.16867853359E-08
  1.93885966837E-07
  3.04123688011E-07
  4.11892983720E-07
  5.16706847975E-07
  6.18100898464E-07
  7.15635110282E-07
  8.08896288618E-07
  8.97499660368E-07
  9.81090352070E-07
  1.05934452677E-06
  1.13197177143E-06
  1.19871390325E-06
  1.25934786865E-06
  1.31368403800E-06
  1.36156847930E-06
  1.40288125294E-06
  1.43753777593E-06
  1.46548677549E-06
  1.48671085753E-06
  1.50122559717E-06
  1.50907817442E-06
  1.51034669216E-06
  1.50513824337E-06
  1.49358879753E-06
  1.47586035837E-06
  1.45214005443E-06
  1.42263888847E-06
  1.38758946377E-06
  1.34724393774E-06
  1.30187333980E-06
  1.25176427446E-06
  1.19721869396E-06
  1.13855071504E-06
  1.07608593680E-06
  1.01015893961E-06
  9.41111863995E-07
  8.69292762218E-07
  7.95054063474E-07
  7.18751095974E-07
  6.40740211111E-07
  5.61377987651E-07
  4.81019583276E-07
  4.00017512447E-07
  3.18720566383E-07
  2.37472832509E-07
  1.56612514957E-07
  7.64710961221E-08
 -2.62757593461E-09
 -8.03680606509E-08
 -1.56444087906E-07
 -2.30559280112E-07
 -3.02427793031E-07
 -3.71774945052E-07
 -4.38337877995E-07
 -5.01866054492E-07
 -5.62121897474E-07
 -6.18881017544E-07
 -6.71933378271E-07
 -7.21083154076E-07
 -7.66149867104E-07
 -8.06968557754E-07
 -8.43390125738E-07
 -8.75282523793E-07
 -9.02530814528E-07
 -9.25037682009E-07
 -9.42724454944E-07
 -9.55531049840E-07
 -9.63417164712E-07
 -9.66361994870E-07
 -9.64365426626E-07
 -9.57448264671E-07
 -9.45652288920E-07
 -9.29041505060E-07
 -9.07701405595E-07
 -8.81739993019E-07
 -8.51287325077E-07
 -8.16496140033E-07
 -7.77541231400E-07
 -7.34620243747E-07
 -6.87951967393E-07
 -6.37776963686E-07
 -5.84356712352E-07
 -5.27972986220E-07
 -4.68926771191E-07
 -4.07537299907E-07
 -3.44140914876E-07
 -2.79089761079E-07
 -2.12750109085E-07
 -1.45500692383E-07
 -7.77309239197E-08
 -9.83884707040E-09
  5.77709862171E-08
  1.24689847780E-07
  1.90507236653E-07
  2.54813329548E-07
  3.17201767075E-07
  3.77272016294E-07
  4.34632539736E-07
  4.88903140194E-07
  5.39718257642E-07
  5.86729129282E-07
  6.29607200153E-07
  6.68046368446E-07
  7.01765486610E-07
  7.30511487745E-07
  7.54061090902E-07
  7.72223302192E-07
  7.84841461154E-07
  7.91794946053E-07
  7.93000708654E-07
  7.88414752151E-07
  7.78033268034E-07
  7.61892806622E-07
  7.40071584460E-07
  7.12689256943E-07
  6.79906293044E-07
  6.41924316369E-07
  5.98984684075E-07
  5.51367293156E-07
  4.99389500419E-07
  4.43403763484E-07
  3.83795821790E-07
  3.20982081803E-07
  2.55406689575E-07
  1.87538830687E-07
  1.17869099370E-07
  4.69061092190E-08
 -2.48273259729E-08
 -9.67980611222E-08
 -1.68466712580E-07
 -2.39291892967E-07
 -3.08734399823E-07
 -3.76261482415E-07
 -4.41351403424E-07
 -5.03497290083E-07
 -5.62211766919E-07
 -6.17030707417E-07
 -6.67517383590E-07
 -7.13266103958E-07
 -7.53905737838E-07
 -7.89103182797E-07
 -8.18566149974E-07
 -8.42045949412E-07
 -8.59339650106E-07
 -8.70292240052E-07
 -8.74798047334E-07
 -8.72802161211E-07
 -8.64300545800E-07
 -8.49341176945E-07
 -8.28023189570E-07
 -8.00496479769E-07
 -7.66961079535E-07
 -7.27664939859E-07
 -6.82902680182E-07
 -6.33013030438E-07
 -5.78375932037E-07
 -5.19409809385E-07
 -4.56567818219E-07
 -3.90334321310E-07
 -3.21220767319E-07
 -2.49761313853E-07
 -1.76508407890E-07
 -1.02028032245E-07
 -2.68950568483E-08
  4.83118967054E-08
  1.23015269082E-07
  1.96643554773E-07
  2.68636227929E-07
  3.38448359116E-07
  4.05555795169E-07
  4.69459052965E-07
  5.29687838480E-07
  5.85805537412E-07
  6.37411972093E-07
  6.84147437369E-07
  7.25695826986E-07
  7.61786736803E-07
  7.92197909050E-07
  8.16757449229E-07
  8.35343826111E-07
  8.47888486533E-07
  8.54374604842E-07
  8.54837992392E-07
  8.49365676459E-07
  8.38095729705E-07
  8.21214655389E-07
  7.98956136805E-07
  7.71598308802E-07
  7.39460915611E-07
  7.02902013927E-07
  6.62314448618E-07
  6.18122101059E-07
  5.70775057440E-07
  5.20746084476E-07
  4.68525428232E-07
  4.14615982436E-07
  3.59528769422E-07
  3.03777682120E-07
  2.47874680781E-07
  1.92324833392E-07
  1.37621483987E-07
  8.42415488478E-08
  3.26409939078E-08
 -1.67494622616E-08
 -6.35284322925E-08
 -1.07327501553E-07
 -1.47814745333E-07
 -1.84697682926E-07
 -2.17725926177E-07
 -2.46693446115E-07
 -2.71440143251E-07
 -2.91853467616E-07
 -3.07868901928E-07
 -3.19470444765E-07
 -3.26690638985E-07
 -3.29609520122E-07
 -3.28353905843E-07
 -3.23095690646E-07
 -3.14049572125E-07
 -3.01471203557E-07
 -2.85653669607E-07
 -2.66924558900E-07
 -2.45642496566E-07
 -2.22193051513E-07
 -1.96984643708E-07
 -1.70444195646E-07
 -1.43012613307E-07
 -1.15139890511E-07
 -8.72805401286E-08
 -5.98885705472E-08
 -3.34127676638E-08
 -8.29183122164E-09
  1.50503023377E-08
  3.62089735972E-08
  5.48032055292E-08
  7.04797855633E-08
  8.29171469263E-08
  9.18289018159E-08
  9.69669784467E-08
  9.81245378284E-08
  9.51383114511E-08
  8.78905908053E-08
  7.63107479429E-08
  6.03763368190E-08
  4.01136546202E-08
  1.55978590044E-08
 -1.30474244742E-08
 -4.56509248181E-08
 -8.19950543018E-08
 -1.21817720355E-07
 -1.64814508707E-07
 -2.10641388776E-07
 -2.58917623341E-07
 -3.09229278628E-07
 -3.61133004390E-07
 -4.14159984530E-07
 -4.67820086669E-07
 -5.21606693837E-07
 -5.75001195102E-07
 -6.27477618309E-07
 -6.78508115470E-07
 -7.27566884962E-07
 -7.74136310611E-07
 -8.17711054424E-07
 -8.57802660903E-07
 -8.93944957170E-07
 -9.25697861476E-07
 -9.52651475927E-07
 -9.74430804490E-07
 -9.90698481473E-07
 -1.00115880741E-06
 -1.00555962490E-06
 -1.00369618394E-06
 -9.95412278826E-07
 -9.80602180789E-07
 -9.59212002272E-07
 -9.31240151658E-07
 -8.96738072242E-07
 -8.55809616951E-07
 -8.08610650438E-07
 -7.55347741688E-07
 -6.96277254519E-07
 -6.31702505416E-07
 -5.61971944535E-07
 -4.87476256694E-07
 -4.08645405514E-07
 -3.25944938595E-07
 -2.39872406382E-07
 -1.50953411548E-07
 -5.97372320499E-08
  3.32073604170E-08
  1.27296800656E-07
  2.21937312972E-07
  3.16529565225E-07
  4.10473518286E-07
  5.03172827848E-07
  5.94039818225E-07
  6.82499944560E-07
  7.67995743445E-07
  8.49991749874E-07
  9.27977453102E-07
  1.00147224202E-06
  1.07002801997E-06
  1.13323255846E-06
  1.19071216886E-06
  1.24213465824E-06
  1.28721069359E-06
  1.32569641664E-06
  1.35739401230E-06
  1.38215307288E-06
  1.39987082548E-06
  1.41049281410E-06
  1.41401187648E-06
  1.41046859881E-06
  1.39994926940E-06
  1.38258553761E-06
  1.35855134431E-06
  1.32806292186E-06
  1.29137458771E-06
  1.24877783492E-06
  1.20059712572E-06
  1.14718818622E-06
  1.08893402739E-06
  1.02624176179E-06
  9.59539306677E-07
  8.89272428140E-07
  8.15900023099E-07
  7.39891447665E-07
  6.61722936002E-07
  5.81873564443E-07
  5.00822125105E-07
  4.19043800548E-07
  3.37006980544E-07
  2.55169936736E-07
  1.73978250473E-07
  9.38617645829E-08
  1.52323238467E-08
 -6.15186763753E-08
 -1.36022222819E-07
 -2.07933638308E-07
 -2.76934002841E-07
 -3.42731652836E-07
 -4.05062962727E-07
 -4.63693595520E-07
 -5.18418573847E-07
 -5.69062706290E-07
 -6.15481155819E-07
 -6.57558587136E-07
 -6.95209223522E-07
 -7.28376051029E-07
 -7.57030250043E-07
 -7.81170228947E-07
 -8.00820430413E-07
 -8.16030137685E-07
 -8.26871996651E-07
 -8.33440992665E-07
 -8.35852404180E-07
 -8.34240381664E-07
 -8.28756640203E-07
 -8.19568128918E-07
 -8.06855723567E-07
 -7.90812578089E-07
 -7.71642191921E-07
 -7.49557102608E-07
 -7.24776896277E-07
 -6.97526843396E-07
 -6.68036534535E-07
 -6.36538061372E-07
 -6.03265164045E-07
 -5.68451639538E-07
 -5.32330318492E-07
 -4.95131757816E-07
 -4.57083530137E-07
 -4.18409285885E-07
 -3.79327673272E-07
 -3.40051968806E-07
 -3.00789054108E-07
 -2.61739160123E-07
 -2.23095284468E-07
 -1.85042537737E-07
 -1.47758171920E-07
 -1.11410912496E-07
 -7.61608518474E-08
 -4.21591792588E-08
 -9.54797663155E-09
  2.15399360570E-08
  5.09812032590E-08
  7.86620262261E-08
  1.04478296237E-07
  1.28335798877E-07
  1.50150199829E-07
  1.69847297116E-07
  1.87363156101E-07
  2.02644116598E-07
  2.15647006030E-07
  2.26339409437E-07
  2.34699584212E-07
  2.40716786948E-07
  2.44391316073E-07
  2.45734668169E-07
  2.44769751134E-07
  2.41530813128E-07
  2.36063698367E-07
  2.28425761861E-07
  2.18685954678E-07
  2.06924767099E-07
  1.93234200196E-07
  1.77717467409E-07
  1.60489037171E-07
  1.41674178167E-07
  1.21408632481E-07
  9.98383029582E-08
  7.71186421389E-08
  5.34141051389E-08
  2.88974817408E-08
  3.74910857914E-09
 -2.18439613064E-08
 -4.76889141510E-08
 -7.35881826586E-08
 -9.93405819827E-08
 -1.24742442154E-07
 -1.49588913700E-07
 -1.73675218207E-07
 -1.96798069396E-07
 -2.18757051584E-07
 -2.39356097609E-07
 -2.58404924125E-07
 -2.75720537957E-07
 -2.91128628760E-07
 -3.04465231693E-07
 -3.15577864285E-07
 -3.24327174894E-07
 -3.30588250108E-07
 -3.34251609502E-07
 -3.35224740411E-07
 -3.33432950583E-07
 -3.28820334516E-07
 -3.21350768218E-07
 -3.11008477638E-07
 -2.97798607107E-07
 -2.81747702502E-07
 -2.62903967041E-07
 -2.41337204443E-07
 -2.17138847347E-07
 -1.90421715729E-07
 -1.61319476888E-07
 -1.29986005959E-07
 -9.65947037912E-08
 -6.13374240288E-08
 -2.44233753222E-08
  1.39221993933E-08
  5.34594590818E-08
  9.39356041840E-08
  1.35086494879E-07
  1.76638678795E-07
  2.18311171807E-07
  2.59817511505E-07
  3.00867867509E-07
  3.41171443097E-07
  3.80438279990E-07
  4.18381688405E-07
  4.54720463949E-07
  4.89181104513E-07
  5.21499600836E-07
  5.51424307105E-07
  5.78717163080E-07
  6.03155967838E-07
  6.24536312444E-07
  6.42672887352E-07
  6.57401471926E-07
  6.68580128149E-07
  6.76090053275E-07
  6.79837285134E-07
  6.79753100030E-07
  6.75794808558E-07
  6.67946039812E-07
  6.56217366668E-07
  6.40645907879E-07
  6.21295328074E-07
  5.98255496698E-07
  5.71641749048E-07
  5.41594204151E-07
  5.08277139488E-07
  4.71876717256E-07
  4.32601012790E-07
  3.90677570294E-07
  3.46352123870E-07
  2.99886750099E-07
  2.51557793263E-07
  2.01654202669E-07
  1.50475059968E-07
  9.83276891020E-08
  4.55252369136E-08
 -7.61543628158E-09
 -6.07760810567E-08
 -1.13639323729E-07
 -1.65890881476E-07
 -2.17221725052E-07
 -2.67330250381E-07
 -3.15924467031E-07
 -3.62723653780E-07
 -4.07460476026E-07
 -4.49882776365E-07
 -4.89754881983E-07
 -5.26859423644E-07
 -5.60998387300E-07
 -5.91994478327E-07
 -6.19692002601E-07
 -6.43957548618E-07
 -6.64681010676E-07
 -6.81775816247E-07
 -6.95178982824E-07
 -7.04851743194E-07
 -7.10779033852E-07
 -7.12969324468E-07
 -7.11454617885E-07
 -7.06289370100E-07
 -6.97549978668E-07
 -6.85333759520E-07
 -6.69758662752E-07
 -6.50960714665E-07
 -6.29094529359E-07
 -6.04330523402E-07
 -5.76854347401E-07
 -5.46864953321E-07
 -5.14573343935E-07
 -4.80200583297E-07
 -4.43976631459E-07
 -4.06138354947E-07
 -3.66927736195E-07
 -3.26590594568E-07
 -2.85374596842E-07
 -2.43527694010E-07
 -2.01296671776E-07
 -1.58925431037E-07
 -1.16653545490E-07
 -7.47148973801E-08
 -3.33362670801E-08
  7.26393389883E-09
  4.68767709094E-08
  8.53039594517E-08
  1.22358784438E-07
  1.57866963946E-07
  1.91667552940E-07
  2.23613383810E-07
  2.53571812436E-07
  2.81425201365E-07
  3.07070962435E-07
  3.30422267325E-07
  3.51407663857E-07
  3.69971445480E-07
  3.86073566006E-07
  3.99689270125E-07
  4.10809036566E-07
  4.19438094923E-07
  4.25596226705E-07
  4.29316941108E-07
  4.30647162375E-07
  4.29646576094E-07
  4.26386719710E-07
  4.20950584612E-07
  4.13431536117E-07
  4.03932688187E-07
  3.92565937091E-07
  3.79451108756E-07
  3.64714964007E-07
  3.48490459601E-07
  3.30915781888E-07
  3.12133181524E-07
  2.92288262926E-07
  2.71529017937E-07
  2.50004802638E-07
  2.27865598390E-07
  2.05260931807E-07
  1.82339178423E-07
  1.59246567932E-07
  1.36126502071E-07
  1.13118758804E-07
  9.03586254708E-08
  6.79763800804E-08
  4.60965097204E-08
  2.48371474498E-08
  4.30947943997E-09
 -1.53827599547E-08
 -3.41437669249E-08
 -5.18860900911E-08
 -6.85309871074E-08
 -8.40087395204E-08
 -9.82589298815E-08
 -1.11230612276E-07
 -1.22882468645E-07
 -1.33182950890E-07
 -1.42110181400E-07
 -1.49652095160E-07
 -1.55806276325E-07
 -1.60579773478E-07
 -1.63989042790E-07
 -1.66059578532E-07
 -1.66825699921E-07
 -1.66330181628E-07
 -1.64623827459E-07
 -1.61765115081E-07
 -1.57819599167E-07
 -1.52859470859E-07
 -1.46963003544E-07
 -1.40213813893E-07
 -1.32700435529E-07
 -1.24515466382E-07
 -1.15754993146E-07
 -1.06517866527E-07
 -9.69049125388E-08
 -8.70183072266E-08
 -7.69606884887E-08
 -6.68345379040E-08
 -5.67413316332E-08
 -4.67808689564E-08
 -3.70505084391E-08
 -2.76444467318E-08
 -1.86530471069E-08
 -1.01621662196E-08
 -2.25249907615E-09
