  2.86344850053E-08
  3.46043336208E-08
  4.05356992417E-08
  4.64145735179E-08
  5.22269907322E-08
  5.79591237226E-08
  6.35972057239E-08
  6.91276937914E-08
  7.45371409039E-08
  7.98123735990E-08
  8.49404315773E-08
  8.99086387562E-08
  9.47045748489E-08
  9.93161535234E-08
  1.03731615297E-07
  1.07939570171E-07
  1.11929026048E-07
  1.15689353208E-07
  1.19210383787E-07
  1.22482376241E-07
  1.25496057990E-07
  1.28242675146E-07
  1.30713914359E-07
  1.32902016503E-07
  1.34799819307E-07
  1.36400629458E-07
  1.37698378921E-07
  1.38687596518E-07
  1.39363464768E-07
  1.39721663572E-07
  1.39758697060E-07
  1.39471566740E-07
  1.38858069931E-07
  1.37916657650E-07
  1.36646463034E-07
  1.35047343974E-07
  1.33119939960E-07
  1.30865615233E-07
  1.28286387735E-07
  1.25385184901E-07
  1.22165616290E-07
  1.18632087265E-07
  1.14789784789E-07
  1.10644634788E-07
  1.06203422945E-07
  1.01473645486E-07
  9.64635873402E-08
  9.11823434535E-08
  8.56396766835E-08
  7.98462167495E-08
  7.38131973321E-08
  6.75527047633E-08
  6.10773938092E-08
  5.44006582004E-08
  4.75365808938E-08
  4.04997919645E-08
  3.33055503177E-08
  2.59696673055E-08
  1.85084836346E-08
  1.09388134106E-08
  3.27793814314E-09
 -4.45648762337E-09
 -1.22464447472E-08
 -2.00735978950E-08
 -2.79193539399E-08
 -3.57649341254E-08
 -4.35913776187E-08
 -5.13796436508E-08
 -5.91106577019E-08
 -6.67653310416E-08
 -7.43246815205E-08
 -8.17698477817E-08
 -8.90821496569E-08
 -9.62431556673E-08
 -1.03234746973E-07
 -1.10039181322E-07
 -1.16639121472E-07
 -1.23017741771E-07
 -1.29158735263E-07
 -1.35046349214E-07
 -1.40665520121E-07
 -1.46001909229E-07
 -1.51041817276E-07
 -1.55772440280E-07
 -1.60181741649E-07
 -1.64258580071E-07
 -1.67992723732E-07
 -1.71374878732E-07
 -1.74396703301E-07
 -1.77050949901E-07
 -1.79331308914E-07
 -1.81232564955E-07
 -1.82750525823E-07
 -1.83882136184E-07
 -1.84625378097E-07
 -1.84979384699E-07
 -1.84944298098E-07
 -1.84521454116E-07
 -1.83713169122E-07
 -1.82522924774E-07
 -1.80955225915E-07
 -1.79015543722E-07
 -1.76710500455E-07
 -1.74047599444E-07
 -1.71035338781E-07
 -1.67683111840E-07
 -1.64001278335E-07
 -1.60000951155E-07
 -1.55694095838E-07
 -1.51093445311E-07
 -1.46212315144E-07
 -1.41064916193E-07
 -1.35665843004E-07
 -1.30030315404E-07
 -1.24174064808E-07
 -1.18113227643E-07
 -1.11864324026E-07
 -1.05444172505E-07
 -9.88698758420E-08
 -9.21587073321E-08
 -8.53280610613E-08
 -7.83954376971E-08
 -7.13783308015E-08
 -6.42942055151E-08
 -5.71604061861E-08
 -4.99941457122E-08
 -4.28124273810E-08
 -3.56319986849E-08
 -2.84692855956E-08
 -2.13403996696E-08
 -1.42610421250E-08
 -7.24647275518E-09
 -3.11514369855E-10
  6.52953291436E-09
  1.32628850125E-08
  1.98753049574E-08
  2.63541313217E-08
  3.26873070833E-08
  3.88633694115E-08
  4.48714772006E-08
  5.07014057405E-08
  5.63435733625E-08
  6.17890094645E-08
  6.70293758276E-08
  7.20569559576E-08
  7.68646586380E-08
  8.14459539811E-08
  8.57949373767E-08
  8.99062442272E-08
  9.37750996854E-08
  9.73972191787E-08
  1.00768865252E-07
  1.03886790725E-07
  1.06748210271E-07
  1.09350786204E-07
  1.11692628479E-07
  1.13772230748E-07
  1.15588498772E-07
  1.17140700695E-07
  1.18428431506E-07
  1.19451669889E-07
  1.20210643217E-07
  1.20705962559E-07
  1.20938466353E-07
  1.20909348311E-07
  1.20620043731E-07
  1.20072243703E-07
  1.19267951959E-07
  1.18209463551E-07
  1.16899336433E-07
  1.15340405671E-07
  1.13535840285E-07
  1.11489093513E-07
  1.09203945442E-07
  1.06684517220E-07
  1.03935285267E-07
  1.00961095484E-07
  9.77671703595E-08
  9.43591800251E-08
  9.07431711994E-08
  8.69256808755E-08
  8.29136794778E-08
  7.87146490211E-08
  7.43365546896E-08
  6.97878732581E-08
  6.50776144084E-08
  6.02153420459E-08
  5.52111600882E-08
  5.00757124655E-08
  4.48202079895E-08
  3.94564203532E-08
  3.39966419460E-08
  2.84537424733E-08
  2.28410872438E-08
  1.71725691445E-08
  1.14625624548E-08
  5.72590419523E-09
 -2.21340688833E-11
 -5.76588909951E-09
 -1.14893339287E-08
 -1.71761236345E-08
 -2.28096510568E-08
 -2.83730834383E-08
 -3.38494245966E-08
 -3.92215575573E-08
 -4.44723227133E-08
 -4.95845675630E-08
 -5.45412177644E-08
 -5.93253162151E-08
 -6.39201402919E-08
 -6.83092054032E-08
 -7.24763822291E-08
 -7.64059535641E-08
 -8.00826143177E-08
 -8.34916562553E-08
 -8.66189466819E-08
 -8.94509852856E-08
 -9.19749965078E-08
 -9.41789863873E-08
 -9.60517780868E-08
 -9.75830474204E-08
 -9.87634223293E-08
 -9.95844473550E-08
 -1.00038683115E-07
 -1.00119720514E-07
 -9.98221878490E-08
 -9.91418147578E-08
 -9.80753966928E-08
 -9.66208943964E-08
 -9.47773344251E-08
 -9.25449299416E-08
 -8.99249599229E-08
 -8.69198970577E-08
 -8.35332940596E-08
 -7.97698263000E-08
 -7.56352775966E-08
 -7.11364833705E-08
 -6.62813377517E-08
 -6.10788433164E-08
 -5.55389085832E-08
 -4.96724794630E-08
 -4.34914539937E-08
 -3.70086361556E-08
 -3.02377181072E-08
 -2.31932499872E-08
 -1.58906008352E-08
 -8.34590618837E-09
 -5.76054204338E-10
  7.40136396615E-09
  1.55680854874E-08
  2.39052262430E-08
  3.23933022628E-08
  4.10122851235E-08
  4.97416294820E-08
  5.85603174841E-08
  6.74468694228E-08
  7.63794503200E-08
  8.53358557151E-08
  9.42935400872E-08
  1.03229709225E-07
  1.12121327334E-07
  1.20945173876E-07
  1.29677843574E-07
  1.38295931151E-07
  1.46775832377E-07
  1.55094070919E-07
  1.63227085181E-07
  1.71151555151E-07
  1.78844189236E-07
  1.86282008485E-07
  1.93442147634E-07
  2.00302224584E-07
  2.06840155670E-07
  2.13034340391E-07
  2.18863675627E-07
  2.24307626695E-07
  2.29346397873E-07
  2.33960818719E-07
  2.38132628283E-07
  2.41844276161E-07
  2.45079320393E-07
  2.47822271149E-07
  2.50058718620E-07
  2.51775446714E-07
  2.52960461467E-07
  2.53603076317E-07
  2.53693997365E-07
  2.53225323377E-07
  2.52190744732E-07
  2.50585372896E-07
  2.48406053061E-07
  2.45651278874E-07
  2.42321164023E-07
  2.38417626974E-07
  2.33944348338E-07
  2.28906813504E-07
  2.23312270009E-07
  2.17169841221E-07
  2.10490426866E-07
  2.03286788292E-07
  1.95573406359E-07
  1.87366637761E-07
  1.78684501861E-07
  1.69546765960E-07
  1.59974817393E-07
  1.49991663534E-07
  1.39621818107E-07
  1.28891272766E-07
  1.17827383406E-07
  1.06458770688E-07
  9.48152489855E-08
  8.29277624348E-08
  7.08281859829E-08
  5.85492614391E-08
  4.61244979988E-08
  3.35880159241E-08
  2.09744293045E-08
  8.31872259965E-09
 -4.34387548154E-09
 -1.69780509651E-08
 -2.95484934298E-08
 -4.20200727547E-08
 -5.43579474765E-08
 -6.65276829181E-08
 -7.84954536925E-08
 -9.02280561377E-08
 -1.01693089505E-07
 -1.12859119383E-07
 -1.23695713228E-07
 -1.34173561150E-07
 -1.44264689084E-07
 -1.53942337988E-07
 -1.63181283597E-07
 -1.71957779571E-07
 -1.80249642767E-07
 -1.88036466398E-07
 -1.95299406869E-07
 -2.02021553264E-07
 -2.08187685757E-07
 -2.13784588254E-07
 -2.18800792595E-07
 -2.23226876983E-07
 -2.27055309665E-07
 -2.30280463143E-07
 -2.32898671015E-07
 -2.34908242192E-07
 -2.36309361412E-07
 -2.37104089251E-07
 -2.37296418959E-07
 -2.36892148564E-07
 -2.35898895085E-07
 -2.34325909787E-07
 -2.32184333981E-07
 -2.29486772696E-07
 -2.26247550472E-07
 -2.22482384515E-07
 -2.18208498382E-07
 -2.13444494079E-07
 -2.08210195751E-07
 -2.02526663884E-07
 -1.96416138465E-07
 -1.89901797398E-07
 -1.83007827559E-07
 -1.75759211629E-07
 -1.68181728100E-07
 -1.60301866003E-07
 -1.52146540700E-07
 -1.43743264402E-07
 -1.35119847755E-07
 -1.26304428250E-07
 -1.17325221538E-07
 -1.08210620908E-07
 -9.89889343828E-08
 -8.96883562973E-08
 -8.03368891411E-08
 -7.09621943429E-08
 -6.15915425328E-08
 -5.22517105139E-08
 -4.29689031023E-08
 -3.37686465457E-08
 -2.46757263511E-08
 -1.57141162305E-08
 -6.90687906868E-09
  1.72388203712E-09
  1.01571062672E-08
  1.83728126046E-08
  2.63521648947E-08
  3.40775336838E-08
  4.15325303038E-08
  4.87020450635E-08
  5.55722579065E-08
  6.21307236770E-08
  6.83663188283E-08
  7.42693089251E-08
  7.98313379846E-08
  8.50453929502E-08
  8.99058889559E-08
  9.44085343235E-08
  9.85504229334E-08
  1.02329920537E-07
  1.05746700285E-07
  1.08801657461E-07
  1.11496888167E-07
  1.13835639581E-07
  1.15822246016E-07
  1.17462079174E-07
  1.18761491308E-07
  1.19727729953E-07
  1.20368895296E-07
  1.20693840699E-07
  1.20712115859E-07
  1.20433881534E-07
  1.19869852711E-07
  1.19031220436E-07
  1.17929516819E-07
  1.16576636344E-07
  1.14984672450E-07
  1.13165910420E-07
  1.11132742120E-07
  1.08897552309E-07
  1.06472697325E-07
  1.03870455348E-07
  1.01102962446E-07
  9.81821131063E-08
  9.51195815446E-08
  9.19267364452E-08
  8.86146338530E-08
  8.51939461199E-08
  8.16749547994E-08
  7.80675719625E-08
  7.43812407222E-08
  7.06249778659E-08
  6.68073951715E-08
  6.29366070370E-08
  5.90203370621E-08
  5.50658576515E-08
  5.10800219899E-08
  4.70692889110E-08
  4.30397300022E-08
  3.89970473691E-08
  3.49466162675E-08
  3.08934957616E-08
  2.68424571459E-08
  2.27980265777E-08
  1.87644975114E-08
  1.47459582323E-08
  1.07463398180E-08
  6.76942546463E-09
  2.81889045439E-09
 -1.10168285605E-09
 -4.98877072985E-09
 -8.83889583747E-09
 -1.26485968366E-08
 -1.64144235981E-08
 -2.01329157790E-08
 -2.38005863906E-08
 -2.74139235756E-08
 -3.09693852785E-08
 -3.44633654947E-08
 -3.78922493383E-08
 -4.12523775140E-08
 -4.45400409887E-08
 -4.77515271768E-08
 -5.08831021762E-08
 -5.39310391900E-08
 -5.68916078691E-08
 -5.97611204967E-08
 -6.25359177775E-08
 -6.52124469980E-08
 -6.77871838661E-08
 -7.02567248823E-08
 -7.26178157606E-08
 -7.48673159023E-08
 -7.70022410279E-08
 -7.90198058098E-08
 -8.09174238725E-08
 -8.26927077924E-08
 -8.43435472575E-08
 -8.58680166971E-08
 -8.72645031791E-08
 -8.85316566723E-08
 -8.96683900464E-08
 -9.06739643369E-08
 -9.15478821639E-08
 -9.22899872080E-08
 -9.29004499994E-08
 -9.33797394964E-08
 -9.37286586122E-08
 -9.39482944773E-08
 -9.40400965987E-08
 -9.40057987009E-08
 -9.38474471468E-08
 -9.35674009384E-08
 -9.31683246108E-08
 -9.26531527057E-08
 -9.20251039815E-08
 -9.12876956249E-08
 -9.04446721961E-08
 -8.95000482615E-08
 -8.84580799720E-08
 -8.73232508525E-08
 -8.61002220631E-08
 -8.47939034543E-08
 -8.34093683011E-08
 -8.19518319872E-08
 -8.04266946375E-08
 -7.88394629581E-08
 -7.71957431311E-08
 -7.55013047637E-08
 -7.37618606195E-08
 -7.19832726759E-08
 -7.01713958051E-08
 -6.83320422468E-08
 -6.64710384513E-08
 -6.45941184985E-08
 -6.27069525194E-08
 -6.08150259040E-08
 -5.89237174609E-08
 -5.70382141518E-08
 -5.51634471435E-08
 -5.33040882544E-08
 -5.14645570604E-08
 -4.96488326007E-08
 -4.78606700938E-08
 -4.61032882981E-08
 -4.43795329375E-08
 -4.26917523555E-08
 -4.10417726471E-08
 -3.94309545015E-08
 -3.78599942508E-08
 -3.63290943994E-08
 -3.48378570436E-08
 -3.33851843948E-08
 -3.19694954953E-08
 -3.05884775287E-08
 -2.92392510204E-08
 -2.79183574037E-08
 -2.66217217160E-08
 -2.53447094423E-08
 -2.40822135567E-08
 -2.28286225479E-08
 -2.15778879209E-08
 -2.03236485419E-08
 -1.90592182037E-08
 -1.77777188526E-08
 -1.64721516427E-08
 -1.51354839772E-08
 -1.37607587547E-08
 -1.23412107200E-08
 -1.08703765989E-08
 -9.34221855431E-09
 -7.75122721564E-09
 -6.09261352480E-09
 -4.36235980672E-09
 -2.55742382826E-09
 -6.75817068974E-10
  1.28324395554E-09
  3.31920091412E-09
  5.43003686460E-09
  7.61218466039E-09
  9.86033565908E-09
  1.21674785802E-08
  1.45247591732E-08
  1.69212146517E-08
  1.93441103136E-08
  2.17785931511E-08
  2.42076279022E-08
  2.66122714976E-08
  2.89714918722E-08
  3.12621679655E-08
  3.34592442641E-08
  3.55357485660E-08
  3.74630815259E-08
  3.92107537550E-08
  4.07468476737E-08
  4.20381098820E-08
  4.30503135362E-08
  4.37479634741E-08
  4.40951275493E-08
  4.40552696546E-08
  4.35918288133E-08
  4.26683293142E-08
  4.12487182189E-08
  3.92976993169E-08
  3.67810848445E-08
  3.36662147049E-08
  2.99220666022E-08
  2.55198191468E-08
  2.04332550879E-08
  1.46387959532E-08
  8.11626410524E-09
  8.48868586534E-10
 -7.17629511371E-09
 -1.59679665046E-08
 -2.55303884700E-08
 -3.58632128439E-08
 -4.69610199616E-08
 -5.88132422763E-08
 -7.14040027106E-08
 -8.47118570846E-08
 -9.87097550365E-08
 -1.13364947651E-07
 -1.28638930619E-07
 -1.44487501075E-07
 -1.60860707865E-07
 -1.77703043391E-07
 -1.94953571508E-07
 -2.12546027001E-07
 -2.30409128221E-07
 -2.48466847097E-07
 -2.66638664925E-07
 -2.84840069753E-07
 -3.02982812173E-07
 -3.20975487966E-07
 -3.38723936011E-07
 -3.56131778290E-07
 -3.73101130435E-07
 -3.89532971212E-07
 -4.05327767794E-07
 -4.20386584210E-07
 -4.34611052924E-07
 -4.47904426437E-07
 -4.60172572048E-07
 -4.71323886586E-07
 -4.81270774344E-07
 -4.89929846026E-07
 -4.97223027196E-07
 -5.03077728808E-07
 -5.07428012497E-07
 -5.10214817950E-07
 -5.11386929247E-07
 -5.10901259076E-07
 -5.08723417170E-07
 -5.04828392422E-07
 -4.99200780268E-07
 -4.91835351113E-07
 -4.82737164020E-07
 -4.71921936196E-07
 -4.59416213516E-07
 -4.45257654746E-07
 -4.29494775744E-07
 -4.12187119991E-07
 -3.93405230170E-07
 -3.73230221840E-07
 -3.51753669747E-07
 -3.29077465722E-07
 -3.05312852333E-07
 -2.80580565004E-07
 -2.55009695138E-07
 -2.28737292218E-07
 -2.01907766950E-07
 -1.74671811237E-07
 -1.47185559740E-07
 -1.19609737226E-07
 -9.21087206507E-08
 -6.48492743949E-08
 -3.79995910293E-08
 -1.17281135914E-08
  1.37976456926E-08
  3.84123488573E-08
  6.19540472258E-08
  8.42653875566E-08
  1.05194892797E-07
  1.24598187767E-07
  1.42339260378E-07
  1.58291584285E-07
  1.72339341020E-07
  1.84378421864E-07
  1.94317735236E-07
  2.02079831979E-07
  2.07602155911E-07
  2.10837711734E-07
  2.11755889268E-07
  2.10342875562E-07
  2.06602550179E-07
  2.00556542040E-07
  1.92244769437E-07
  1.81725354764E-07
  1.69074937162E-07
  1.54388075657E-07
  1.37777590226E-07
  1.19373652296E-07
  9.93232092128E-08
  7.77897142257E-08
  5.49516805393E-08
  3.10020986660E-08
  6.14696782364E-09
 -1.93957152561E-08
 -4.53979218662E-08
 -7.16222601227E-08
 -9.78247953753E-08
 -1.23755739878E-07
 -1.49162090679E-07
 -1.73789473479E-07
 -1.97383826617E-07
 -2.19693831127E-07
 -2.40472985524E-07
 -2.59481737430E-07
 -2.76489629414E-07
 -2.91277387987E-07
 -3.03639183130E-07
 -3.13384674655E-07
 -3.20341001725E-07
 -3.24354630266E-07
 -3.25293171954E-07
 -3.23047203210E-07
 -3.17531686278E-07
 -3.08687333472E-07
 -2.96481857731E-07
 -2.80910995798E-07
 -2.61999360873E-07
 -2.39800726831E-07
 -2.14398824028E-07
 -1.85907026662E-07
 -1.54468494884E-07
 -1.20255648994E-07
 -8.34693878460E-08
 -4.43385488325E-08
 -3.11813441733E-09
  3.99116899530E-08
  8.44471585992E-08
  1.30163513745E-07
  1.76716824285E-07
  2.23745757921E-07
  2.70875574415E-07
  3.17719468512E-07
  3.63882548982E-07
  4.08964979215E-07
  4.52563881481E-07
  4.94278822316E-07
  5.33713205186E-07
  5.70478675854E-07
  6.04199044574E-07
  6.34512673514E-07
  6.61076569486E-07
  6.83569680859E-07
  7.01695682892E-07
  7.15186502021E-07
  7.23804987501E-07
  7.27347810425E-07
  7.25647453237E-07
  7.18575108749E-07
  7.06041930698E-07
  6.88000966420E-07
  6.64448407406E-07
  6.35424669326E-07
  6.01014562562E-07
  5.61347690109E-07
  5.16598504419E-07
  4.66985085268E-07
  4.12768969227E-07
  3.54252932766E-07
  2.91779969075E-07
  2.25730587999E-07
  1.56520584937E-07
  8.45981773523E-08
  1.04406918666E-08
 -6.54490150964E-08
 -1.42545943049E-07
 -2.20307498466E-07
 -2.98177383229E-07
 -3.75590190060E-07
 -4.51975978422E-07
 -5.26764836195E-07
 -5.99391910328E-07
 -6.69302039569E-07
 -7.35954131414E-07
 -7.98826420123E-07
 -8.57421241562E-07
 -9.11268273285E-07
 -9.59930162026E-07
 -1.00300576378E-06
 -1.04013383861E-06
 -1.07099697289E-06
 -1.09532368242E-06
 -1.11289250526E-06
 -1.12353291115E-06
 -1.12712780265E-06
 -1.12361476567E-06
 -1.11298697902E-06
 -1.09529355541E-06
 -1.07063965515E-06
 -1.03918534933E-06
 -1.00114527868E-06
 -9.56786493589E-07
 -9.06426805614E-07
 -8.50431661092E-07
 -7.89211981100E-07
 -7.23220068721E-07
 -6.52946141599E-07
 -5.78914409743E-07
 -5.01677789089E-07
 -4.21814263518E-07
 -3.39921058412E-07
 -2.56609894222E-07
 -1.72501557927E-07
 -8.82204247432E-08
 -4.38908820399E-09
  7.83767220014E-08
  1.59474112138E-07
  2.38318065726E-07
  3.14346095820E-07
  3.87023618487E-07
  4.55848379488E-07
  5.20354092259E-07
  5.80115795401E-07
  6.34752325368E-07
  6.83929158640E-07
  7.27362078123E-07
  7.64818594234E-07
  7.96119536517E-07
  8.21140986318E-07
  8.39814049414E-07
  8.52125708661E-07
  8.58117346070E-07
  8.57884856487E-07
  8.51576373861E-07
  8.39390850160E-07
  8.21574872134E-07
  7.98420728643E-07
  7.70262090555E-07
  7.37470770673E-07
  7.00452915225E-07
  6.59643944800E-07
  6.15504632151E-07
  5.68515815758E-07
  5.19173454450E-07
  4.67984108354E-07
  4.15459169290E-07
  3.62109915386E-07
  3.08442992036E-07
  2.54954613865E-07
  2.02126670956E-07
  1.50421541889E-07
  1.00278143123E-07
  5.21079996929E-08
  6.29173158018E-09
 -3.68246837468E-08
 -7.69320820382E-08
 -1.13760989962E-07
 -1.47083241586E-07
 -1.76713456312E-07
 -2.02509895075E-07
 -2.24375142466E-07
 -2.42255964622E-07
 -2.56142385524E-07
 -2.66067246457E-07
 -2.72104301757E-07
 -2.74366470876E-07
 -2.73003507800E-07
 -2.68199272568E-07
 -2.60168576460E-07
 -2.49154112453E-07
 -2.35422575656E-07
 -2.19260968493E-07
 -2.00972664288E-07
 -1.80873357181E-07
 -1.59286770440E-07
 -1.36540720064E-07
 -1.12962894150E-07
 -8.88768241225E-08
 -6.45981614866E-08
 -4.04311428781E-08
 -1.66645719446E-08
  6.43050279692E-09
  2.86041608177E-08
  4.96298930841E-08
  6.93066510848E-08
  8.74608900858E-08
  1.03946938168E-07
  1.18649012393E-07
  1.31480632604E-07
  1.42385147228E-07
  1.51334859311E-07
  1.58330323075E-07
  1.63398922837E-07
  1.66593068229E-07
  1.67988204680E-07
  1.67680298091E-07
  1.65783077932E-07
  1.62425052963E-07
  1.57746285367E-07
  1.51895079625E-07
  1.45024301901E-07
  1.37287969437E-07
  1.28837555735E-07
  1.19818423627E-07
  1.10366485728E-07
  1.00604715669E-07
  9.06401282919E-08
  8.05607882626E-08
  7.04332165924E-08
  6.03003229571E-08
  5.01791710406E-08
  4.00596888994E-08
  2.99035498585E-08
  1.96433234123E-08
  9.18280829154E-09
 -1.60303859076E-09
 -1.28670860633E-08
 -2.47888145566E-08
 -3.75724802382E-08
 -5.14447968669E-08
 -6.66523476411E-08
 -8.34581399545E-08
 -1.02138464797E-07
 -1.22978747186E-07
 -1.46269343304E-07
 -1.72301326984E-07
 -2.01361416430E-07
 -2.33727519117E-07
 -2.69663530617E-07
 -3.09414531330E-07
 -3.53201841108E-07
 -4.01217988610E-07
 -4.53622419627E-07
 -5.10536381171E-07
 -5.72039425606E-07
 -6.38165147393E-07
 -7.08897857749E-07
 -7.84169287726E-07
 -8.63856882916E-07
 -9.47780733895E-07
 -1.03570334886E-06
 -1.12732777779E-06
 -1.22229835142E-06
 -1.32020090859E-06
 -1.42056399000E-06
 -1.52286156663E-06
 -1.62651372193E-06
 -1.73089199507E-06
 -1.83532199571E-06
 -1.93908886104E-06
 -2.04144112104E-06
 -2.14159831557E-06
 -2.23875554184E-06
 -2.33209084399E-06
 -2.42077135226E-06
 -2.50396328738E-06
 -2.58083582594E-06
 -2.65057292381E-06
 -2.71237718152E-06
 -2.76548212241E-06
 -2.80915674011E-06
 -2.84271504825E-06
 -2.86552403850E-06
 -2.87700936497E-06
 -2.87666375698E-06
 -2.86405361294E-06
 -2.83882354779E-06
 -2.80070503322E-06
 -2.74951617030E-06
 -2.68517123914E-06
 -2.60768115368E-06
 -2.51715596278E-06
 -2.41380712396E-06
 -2.29794864026E-06
 -2.16999728764E-06
 -2.03047056857E-06
 -1.87998500678E-06
 -1.71925512404E-06
 -1.54908786953E-06
 -1.37037864079E-06
 -1.18410662253E-06
 -9.91327965494E-07
 -7.93169078861E-07
 -5.90818160617E-07
 -3.85518575285E-07
 -1.78558877906E-07
  2.87368742136E-08
  2.35018305261E-07
  4.38919158796E-07
  6.39067593511E-07
  8.34097022562E-07
  1.02265732949E-06
  1.20342474474E-06
  1.37511335652E-06
  1.53648511514E-06
  1.68635995124E-06
  1.82362703072E-06
  1.94725225811E-06
  2.05628907679E-06
  2.14988472180E-06
  2.22729113375E-06
  2.28786893786E-06
  2.33109471992E-06
  2.35656693803E-06
  2.36400956055E-06
  2.35327638620E-06
  2.32435331782E-06
  2.27735995395E-06
  2.21255004362E-06
  2.13031125895E-06
  2.03116360353E-06
  1.91575804820E-06
  1.78487164249E-06
  1.63940489983E-06
  1.48037361214E-06
  1.30890714445E-06
  1.12623740733E-06
  9.33692945182E-07
  7.32690523364E-07
  5.24725749074E-07
  3.11362612138E-07
  9.42240205859E-08
 -1.25018814856E-07
 -3.44658644735E-07
 -5.62962384265E-07
 -7.78183675720E-07
 -9.88574356597E-07
 -1.19239598462E-06
 -1.38793222959E-06
 -1.57350029895E-06
 -1.74746242010E-06
 -1.90823720914E-06
 -2.05431047107E-06
 -2.18424588638E-06
 -2.29669399232E-06
 -2.39040355154E-06
 -2.46422837336E-06
 -2.51713595389E-06
 -2.54821543422E-06
 -2.55668351201E-06
 -2.54188967119E-06
 -2.50332277574E-06
 -2.44061197918E-06
 -2.35353309108E-06
 -2.24200834964E-06
 -2.10610733120E-06
 -1.94604945136E-06
 -1.76219873538E-06
 -1.55506575084E-06
 -1.32530328756E-06
 -1.07370215119E-06
 -8.01186274657E-07
 -5.08807772803E-07
 -1.97739822738E-07
  1.30730953174E-07
  4.75212260653E-07
  8.34215597934E-07
  1.20616539334E-06
  1.58940974870E-06
  1.98223119696E-06
  2.38285792875E-06
  2.78947482002E-06
  3.20023673339E-06
  3.61328125109E-06
  4.02673776989E-06
  4.43874569100E-06
  4.84746033180E-06
  5.25107043359E-06
  5.64781066714E-06
  6.03596890869E-06
  6.41390215605E-06
  6.78004516885E-06
  7.13292320143E-06
  7.47115882405E-06
  7.79348647484E-06
  8.09875382402E-06
  8.38593496155E-06
  8.65413312567E-06
  8.90258888830E-06
  9.13068288355E-06
  9.33794126468E-06
  9.52403115662E-06
  9.68877156993E-06
  9.83212430583E-06
  9.95419668470E-06
  1.00552360891E-05
  1.01356263258E-05
  1.01958830783E-05
  1.02366448118E-05
  1.02586673165E-05
  1.02628100649E-05
  1.02500271169E-05
  1.02213607533E-05
  1.01779214674E-05
  1.01208761407E-05
  1.00514362202E-05
  9.97084043775E-06
  9.88034116745E-06
  9.78118623607E-06
  9.67460255197E-06
  9.56178155320E-06
  9.44386010815E-06
  9.32190687308E-06
  9.19690410228E-06
  9.06973309611E-06
  8.94115783012E-06
  8.81181495060E-06
  8.68219467520E-06
  8.55263533595E-06
  8.42330791784E-06
  8.29420969239E-06
  8.16515512270E-06
  8.03577131592E-06
  7.90549529484E-06
  7.77356945036E-06
  7.63904154155E-06
  7.50077333578E-06
  7.35743651603E-06
  7.20752450434E-06
  7.04936292095E-06
  6.88111686031E-06
  6.70080635246E-06
  6.50632364341E-06
  6.29544865660E-06
  6.06587218499E-06
  5.81521362619E-06
  5.54104963157E-06
  5.24093547938E-06
  4.91243190481E-06
  4.55313693237E-06
  4.16071179643E-06
  3.73291072719E-06
  3.26761346514E-06
  2.76285322798E-06
  2.21684854296E-06
  1.62803451076E-06
  9.95090658762E-07
  3.16971039638E-07
 -4.07069592256E-07
 -1.17744889394E-06
 -1.99423266167E-06
 -2.85711371362E-06
 -3.76539196623E-06
 -4.71795738122E-06
 -5.71327609578E-06
 -6.74937973599E-06
 -7.82385995990E-06
 -8.93385913514E-06
 -1.00760780697E-05
 -1.12467732833E-05
 -1.24417711049E-05
 -1.36564731292E-05
 -1.48858762259E-05
 -1.61245934578E-05
 -1.73668740899E-05
 -1.86066354217E-05
 -1.98375018954E-05
 -2.10528196476E-05
 -2.22457219934E-05
 -2.34091494349E-05
 -2.45359133260E-05
 -2.56187304331E-05
 -2.66502884188E-05
 -2.76232785836E-05
 -2.85304722638E-05
 -2.93647608487E-05
 -3.01192158076E-05
 -3.07871559926E-05
 -3.13621858368E-05
 -3.18382662954E-05
 -3.22097694152E-05
 -3.24715110764E-05
 -3.26188455801E-05
 -3.26476547343E-05
 -3.25544497173E-05
 -3.23363819916E-05
 -3.19912869600E-05
 -3.15177167067E-05
 -3.09149836539E-05
 -3.01831569232E-05
 -2.93231132673E-05
 -2.83365170617E-05
 -2.72258566838E-05
 -2.59944317804E-05
 -2.46463387157E-05
 -2.31864796660E-05
 -2.16205298784E-05
 -1.99549212994E-05
 -1.81968061952E-05
 -1.63540262292E-05
 -1.44350660776E-05
 -1.24490088638E-05
 -1.04054779513E-05
 -8.31458783068E-06
 -6.18687363385E-06
 -4.03322610509E-06
 -1.86482020581E-06
  3.06956309259E-07
  2.47058051173E-06
  4.61447189082E-06
  6.72707483318E-06
  8.79693470779E-06
  1.08127851490E-05
  1.27636194520E-05
  1.46387810673E-05
  1.64280227182E-05
  1.81216091732E-05
  1.97103545361E-05
  2.11857222894E-05
  2.25398689508E-05
  2.37657113757E-05
  2.48569740506E-05
  2.58082473010E-05
  2.66150145762E-05
  2.72736979241E-05
  2.77816889138E-05
  2.81373540929E-05
  2.83400640910E-05
  2.83901918010E-05
  2.82891069219E-05
  2.80391832348E-05
  2.76437494904E-05
  2.71071021416E-05
  2.64344471361E-05
  2.56318708125E-05
  2.47062816925E-05
  2.36653886532E-05
  2.25176063395E-05
  2.12720024138E-05
  1.99382520805E-05
  1.85265198525E-05
  1.70474231709E-05
  1.55119305418E-05
  1.39312860483E-05
  1.23169120343E-05
  1.06803372546E-05
  9.03310501599E-06
  7.38667949918E-06
  5.75237027078E-06
  4.14123951487E-06
  2.56402609011E-06
  1.03106299321E-06
 -4.47795258651E-07
 -1.86324734841E-06
 -3.20660410580E-06
 -4.46986086899E-06
 -5.64573929296E-06
 -6.72774376653E-06
 -7.71020495449E-06
 -8.58830662764E-06
 -9.35812113312E-06
 -1.00166244010E-05
 -1.05617164081E-05
 -1.09922148113E-05
 -1.13078594950E-05
 -1.15093034765E-05
 -1.15980910778E-05
 -1.15766415547E-05
 -1.14482018034E-05
 -1.12168254418E-05
 -1.08873191493E-05
 -1.04651926449E-05
 -9.95660502667E-06
 -9.36830383580E-06
 -8.70755957294E-06
 -7.98210203357E-06
 -7.20003799870E-06
 -6.36979211777E-06
 -5.50001823285E-06
 -4.59953207610E-06
 -3.67722509509E-06
 -2.74200078820E-06
 -1.80268602890E-06
 -8.67964047302E-07
  5.36988231659E-08
  9.54124629970E-07
  1.82548683370E-06
  2.66037204710E-06
  3.45183957506E-06
  4.19347315983E-06
  4.87942452310E-06
  5.50446793568E-06
  6.06401090408E-06
  6.55415578876E-06
  6.97169480190E-06
  7.31414138500E-06
  7.57974157750E-06
  7.76747037889E-06
  7.87702720118E-06
  7.90883586888E-06
  7.86402688391E-06
  7.74440923124E-06
  7.55244491302E-06
  7.29122484699E-06
  6.96442020853E-06
  6.57624559608E-06
  6.13140855421E-06
  5.63506637263E-06
  5.09276333105E-06
  4.51038158644E-06
  3.89407750845E-06
  3.25022529069E-06
  2.58535214925E-06
  1.90608079720E-06
  1.21906407458E-06
  5.30925547082E-07
 -1.51800918502E-07
 -8.22728452476E-07
 -1.47567448039E-06
 -2.10471239370E-06
 -2.70422378890E-06
 -3.26894382852E-06
 -3.79400421480E-06
 -4.27497116107E-06
 -4.70788199891E-06
 -5.08927314513E-06
 -5.41620102013E-06
 -5.68626819586E-06
 -5.89763203607E-06
 -6.04901651968E-06
 -6.13971405983E-06
 -6.16958595856E-06
 -6.13905194768E-06
 -6.04908200330E-06
 -5.90117861066E-06
 -5.69736130274E-06
 -5.44012846149E-06
 -5.13243730893E-06
 -4.77767207485E-06
 -4.37959897681E-06
 -3.94233711631E-06
 -3.47030845660E-06
 -2.96819598589E-06
 -2.44090006163E-06
 -1.89348827462E-06
 -1.33114792789E-06
 -7.59139709317E-07
 -1.82744571475E-07
  3.92779554659E-07
  9.62245849223E-07
  1.52058555614E-06
  2.06289428206E-06
  2.58446743828E-06
  3.08084713652E-06
  3.54785356649E-06
  3.98162228521E-06
  4.37863309344E-06
  4.73573754789E-06
  5.05018260810E-06
  5.31962814421E-06
  5.54216740056E-06
  5.71633199797E-06
  5.84110421187E-06
  5.91591879129E-06
  5.94066113990E-06
  5.91566367802E-06
  5.84169811191E-06
  5.71995997234E-06
  5.55205497221E-06
  5.33998172614E-06
  5.08610310135E-06
  4.79312484458E-06
  4.46406784249E-06
  4.10223492509E-06
  3.71117948816E-06
  3.29467229676E-06
  2.85666442323E-06
  2.40124950324E-06
  1.93262576431E-06
  1.45506157878E-06
  9.72850784819E-07
  4.90282957344E-07
  1.15986313887E-08
 -4.59043292267E-07
 -9.17601710171E-07
 -1.36018661578E-06
 -1.78309142029E-06
 -2.18282343667E-06
 -2.55613053923E-06
 -2.90002708425E-06
 -3.21181573781E-06
 -3.48910771208E-06
 -3.72984004571E-06
 -3.93228810935E-06
 -4.09507583754E-06
 -4.21718823418E-06
 -4.29796727985E-06
 -4.33711920778E-06
 -4.33470995631E-06
 -4.29116153100E-06
 -4.20724381911E-06
 -4.08406049246E-06
 -3.92303809349E-06
 -3.72590966435E-06
 -3.49469564753E-06
 -3.23168046634E-06
 -2.93939569929E-06
 -2.62058506451E-06
 -2.27819009524E-06
 -1.91531171367E-06
 -1.53518863044E-06
 -1.14116676286E-06
 -7.36664333090E-07
 -3.25148903357E-07
  8.98987337905E-08
  5.05011598761E-07
  9.16766566661E-07
  1.32181241952E-06
  1.71689976014E-06
  2.09890481528E-06
  2.46485456046E-06
  2.81195275420E-06
  3.13759801429E-06
  3.43940541825E-06
  3.71522332898E-06
  3.96314771933E-06
  4.18153695136E-06
  4.36901882495E-06
  4.52450194643E-06
  4.64717913928E-06
  4.73652926303E-06
  4.79231948702E-06
  4.81460301671E-06
  4.80371045342E-06
  4.76024797536E-06
  4.68508460472E-06
  4.57934174847E-06
  4.44437773695E-06
  4.28177463618E-06
  4.09332096751E-06
  3.88098851545E-06
  3.64691845789E-06
  3.39339294442E-06
  3.12282008963E-06
  2.83770395981E-06
  2.54062365457E-06
  2.23421034207E-06
  1.92111929209E-06
  1.60400986715E-06
  1.28551903344E-06
  9.68236918197E-07
  6.54687596580E-07
  3.47303910075E-07
  4.84085731500E-08
 -2.39805387992E-07
 -5.15293379522E-07
 -7.76174431394E-07
 -1.02074727693E-06
 -1.24750215491E-06
 -1.45513206462E-06
 -1.64254197443E-06
 -1.80885456302E-06
 -1.95341681319E-06
 -2.07580069400E-06
 -2.17580486606E-06
 -2.25345252147E-06
 -2.30898763220E-06
 -2.34286926570E-06
 -2.35576408159E-06
 -2.34853564507E-06
 -2.32223464991E-06
 -2.27808482123E-06
 -2.21746927309E-06
 -2.14191277337E-06
 -2.05306741918E-06
 -1.95269103642E-06
 -1.84263228675E-06
 -1.72480747551E-06
 -1.60118247550E-06
 -1.47375112647E-06
 -1.34451579470E-06
 -1.21546622722E-06
 -1.08855942926E-06
 -9.65700223787E-07
 -8.48722208957E-07
 -7.39369284020E-07
 -6.39279107872E-07
 -5.49966216568E-07
 -4.72807897722E-07
 -4.09030405990E-07
 -3.59697764907E-07
 -3.25700852954E-07
 -3.07749473905E-07
 -3.06365535607E-07
 -3.21878189879E-07
 -3.54421302973E-07
 -4.03931665005E-07
 -4.70150581577E-07
 -5.52626261197E-07
 -6.50718789075E-07
 -7.63605385146E-07
 -8.90289527433E-07
 -1.02961132598E-06
 -1.18025627671E-06
 -1.34077083658E-06
 -1.50957384903E-06
 -1.68497388131E-06
 -1.86518354894E-06
 -2.04833781936E-06
 -2.23251072384E-06
 -2.41573388848E-06
 -2.59601620201E-06
 -2.77136041404E-06
 -2.93978337140E-06
 -3.09933398057E-06
 -3.24811321661E-06
 -3.38428912983E-06
 -3.50611571776E-06
 -3.61194906873E-06
 -3.70026236851E-06
 -3.76966136173E-06
 -3.81889458367E-06
 -3.84686882171E-06
 -3.85265730074E-06
 -3.83550877814E-06
 -3.79485481972E-06
 -3.73031662093E-06
 -3.64170750800E-06
 -3.52903634848E-06
 -3.39250709658E-06
 -3.23251924783E-06
 -3.04966442854E-06
 -2.84472139356E-06
 -2.61865147877E-06
 -2.37259041569E-06
 -2.10783946386E-06
 -1.82585517905E-06
 -1.52823827193E-06
 -1.21672098885E-06
 -8.93153696779E-07
 -5.59489933494E-07
 -2.17771386701E-07
  1.29888007905E-07
  4.81318352286E-07
  8.34310526443E-07
  1.18663319881E-06
  1.53604946718E-06
  1.88033470749E-06
  2.21729169425E-06
  2.54476799455E-06
  2.86067211164E-06
  3.16298724101E-06
  3.44978775502E-06
  3.71925102627E-06
  3.96967243432E-06
  4.19947355113E-06
  4.40721714767E-06
  4.59161310573E-06
  4.75152910440E-06
  4.88599698656E-06
  4.99421776112E-06
  5.07556660523E-06
  5.12959604748E-06
  5.15603824169E-06
  5.15480496688E-06
  5.12598717251E-06
  5.06985088577E-06
  4.98683766637E-06
  4.87755778522E-06
  4.74278522233E-06
  4.58344902654E-06
  4.40063058704E-06
  4.19554999098E-06
  3.96956102122E-06
  3.72413592231E-06
  3.46085971614E-06
  3.18141724165E-06
  2.88757973976E-06
  2.58119484897E-06
  2.26417319027E-06
  1.93847563423E-06
  1.60610034072E-06
  1.26907116282E-06
  9.29423379148E-07
  5.89191984091E-07
  2.50398642265E-07
 -8.49597654451E-08
 -4.14923590597E-07
 -7.37581558496E-07
 -1.05108165371E-06
 -1.35364143716E-06
 -1.64355878951E-06
 -1.91921981241E-06
 -2.17910815081E-06
 -2.42181386056E-06
 -2.64603909272E-06
 -2.85060536953E-06
 -3.03445949612E-06
 -3.19667810800E-06
 -3.33647312800E-06
 -3.45319381267E-06
 -3.54633061761E-06
 -3.61551656169E-06
 -3.66052904610E-06
 -3.68128962691E-06
 -3.67786446986E-06
 -3.65046207662E-06
 -3.59943442163E-06
 -3.52526990355E-06
 -3.42859539160E-06
 -3.31016804012E-06
 -3.17087392432E-06
 -3.01172076433E-06
 -2.83383496935E-06
 -2.63845049631E-06
 -2.42690862251E-06
 -2.20064430323E-06
 -1.96118230633E-06
 -1.71012743522E-06
 -1.44915543387E-06
 -1.18000480143E-06
 -9.04466105567E-07
 -6.24372432867E-07
 -3.41589668551E-07
 -5.80048968857E-08
  2.24483130751E-07
  5.03976082200E-07
  7.78585786065E-07
  1.04644675503E-06
  1.30572561829E-06
  1.55463442297E-06
  1.79143944479E-06
  2.01447301151E-06
  2.22214475798E-06
  2.41295037995E-06
  2.58548311649E-06
  2.73844261756E-06
  2.87064540316E-06
  2.98103077512E-06
  3.06867150357E-06
  3.13277996611E-06
  3.17271496897E-06
  3.18798788612E-06
  3.17826720675E-06
  3.14338240059E-06
  3.08332892018E-06
  2.99826774608E-06
  2.88852766062E-06
  2.75460729426E-06
  2.59717057816E-06
  2.41704697146E-06
  2.21522850552E-06
  1.99286319003E-06
  1.75125137503E-06
  1.49183904341E-06
  1.21620882965E-06
  9.26072743823E-07
  6.23260859811E-07
  3.09711651880E-07
 -1.25404726603E-08
 -3.41377727864E-07
 -6.74612067542E-07
 -1.00999966435E-06
 -1.34525600970E-06
 -1.67807024809E-06
 -2.00612203116E-06
 -2.32709635384E-06
 -2.63870174422E-06
 -2.93868492918E-06
 -3.22484629578E-06
 -3.49505990016E-06
 -3.74728483621E-06
 -3.97958228859E-06
 -4.19013213104E-06
 -4.37724611402E-06
 -4.53937764178E-06
 -4.67514200864E-06
 -4.78331912745E-06
 -4.86287081003E-06
 -4.91294804306E-06
 -4.93289417136E-06
 -4.92225899507E-06
 -4.88079876959E-06
 -4.80847938888E-06
 -4.70548275189E-06
 -4.57220085082E-06
 -4.40924122813E-06
 -4.21741742684E-06
 -3.99774899051E-06
 -3.75145373255E-06
 -3.47994114236E-06
 -3.18480124406E-06
 -2.86779481939E-06
 -2.53084294854E-06
 -2.17601132135E-06
 -1.80549739071E-06
 -1.42161366057E-06
 -1.02677154246E-06
 -6.23465325589E-07
 -2.14251613784E-07
  1.98267201768E-07
  6.11462894540E-07
  1.02270075786E-06
  1.42935789427E-06
  1.82884434707E-06
  2.21862023864E-06
  2.59621560872E-06
  2.95924792226E-06
  3.30544071403E-06
  3.63263802683E-06
  3.93882237404E-06
  4.22212769990E-06
  4.48085347671E-06
  4.71347584607E-06
  4.91866057928E-06
  5.09526853421E-06
  5.24236520505E-06
  5.35922754352E-06
  5.44534668734E-06
  5.50042886971E-06
  5.52440133106E-06
  5.51740367882E-06
  5.47979243493E-06
  5.41213285032E-06
  5.31519253855E-06
  5.18993692822E-06
  5.03751607539E-06
  4.85925784233E-06
  4.65665107185E-06
  4.43134149464E-06
  4.18510717282E-06
  3.91985076931E-06
  3.63758022104E-06
  3.34039350491E-06
  3.03046022054E-06
  2.71000612884E-06
  2.38129405261E-06
  2.04660614145E-06
  1.70822670498E-06
  1.36842459142E-06
  1.02943602087E-06
  6.93447816502E-07
  3.62581971558E-07
  3.88802412488E-08
 -2.75709652442E-07
 -5.79347840812E-07
 -8.70314011081E-07
 -1.14701799703E-06
 -1.40801000725E-06
 -1.65198866853E-06
 -1.87780744909E-06
 -2.08448000194E-06
 -2.27118607654E-06
 -2.43727117777E-06
 -2.58224963545E-06
 -2.70580335382E-06
 -2.80778135675E-06
 -2.88819455818E-06
 -2.94721257887E-06
 -2.98515942632E-06
 -3.00250417240E-06
 -2.99985345009E-06
 -2.97794599646E-06
 -2.93763810078E-06
 -2.87989655590E-06
 -2.80578615275E-06
 -2.71645740213E-06
 -2.61313721239E-06
 -2.49711274591E-06
 -2.36972164203E-06
 -2.23233882934E-06
 -2.08636265597E-06
 -1.93320511244E-06
 -1.77427682502E-06
 -1.61097761975E-06
 -1.44468469898E-06
 -1.27674161376E-06
 -1.10844905521E-06
 -9.41054963732E-07
 -7.75746798354E-07
 -6.13643521774E-07
 -4.55789376019E-07
 -3.03148226521E-07
 -1.56598218837E-07
 -1.69288956187E-08
  1.15162123393E-07
  2.39070658381E-07
  3.54287323034E-07
  4.60396336166E-07
  5.57076020868E-07
  6.44095564439E-07
  7.21313995200E-07
  7.88675038166E-07
  8.46204272875E-07
  8.94004472229E-07
  9.32250145524E-07
  9.61181967796E-07
  9.81100583886E-07
  9.92361492536E-07
  9.95366576717E-07
  9.90559442471E-07
  9.78417574515E-07
  9.59446310844E-07
  9.34171509925E-07
  9.03134207419E-07
  8.66883965500E-07
  8.25972563234E-07
  7.80949562795E-07
  7.32355943001E-07
  6.80720233959E-07
  6.26554594874E-07
  5.70349811824E-07
  5.12573478773E-07
  4.53666388012E-07
  3.94040938545E-07
  3.34079231834E-07
  2.74132162303E-07
  2.14518777852E-07
  1.55526137746E-07
  9.74097744688E-08
  4.03945428218E-08
 -1.53242716294E-08
 -6.95793431760E-08
 -1.22229479871E-07
 -1.73157417294E-07
 -2.22267573236E-07
 -2.69483422244E-07
 -3.14745079777E-07
 -3.58006246870E-07
 -3.99232078507E-07
 -4.38396000391E-07
 -4.75477634154E-07
 -5.10459699399E-07
 -5.43326336810E-07
 -5.74060834424E-07
 -6.02643808634E-07
 -6.29051442047E-07
 -6.53254403460E-07
 -6.75216654145E-07
 -6.94895391007E-07
 -7.12239682343E-07
 -7.27191263650E-07
 -7.39684651307E-07
 -7.49647313114E-07
 -7.57001316742E-07
 -7.61663841331E-07
 -7.63549053318E-07
 -7.62569470680E-07
 -7.58638350362E-07
 -7.51670825139E-07
 -7.41587086850E-07
 -7.28313864329E-07
 -7.11787265573E-07
 -6.91954483045E-07
 -6.68776692692E-07
 -6.42231100301E-07
 -6.12312533121E-07
 -5.79035997816E-07
 -5.42438272078E-07
 -5.02579041495E-07
 -4.59542690123E-07
 -4.13438982605E-07
 -3.64403803133E-07
 -3.12599411245E-07
 -2.58214726045E-07
 -2.01464587235E-07
 -1.42589371421E-07
 -8.18537628788E-08
 -1.95453839780E-08
  4.40269403157E-08
  1.08535338939E-07
  1.73635186229E-07
  2.38967942323E-07
  3.04163904730E-07
  3.68845547882E-07
  4.32630827163E-07
  4.95136475820E-07
  5.55982182959E-07
  6.14793577824E-07
  6.71206578318E-07
  7.24870460544E-07
  7.75452065227E-07
  8.22639037779E-07
  8.66143068379E-07
  9.05703302578E-07
  9.41088899253E-07
  9.72102043306E-07
  9.98580162559E-07
  1.02039723515E-06
  1.03746663171E-06
  1.04974105852E-06
  1.05721403543E-06
  1.05992012323E-06
  1.05793424154E-06
  1.05137189621E-06
  1.04038713289E-06
  1.02517265077E-06
  1.00595627828E-06
  9.82999267762E-07
  9.56594135459E-07
  9.27060511913E-07
  8.94743095614E-07
  8.60006593939E-07
  8.23232653602E-07
  7.84815711086E-07
  7.45158445170E-07
  7.04667229456E-07
  6.63748153329E-07
  6.22802133421E-07
  5.82220479828E-07
  5.42380860225E-07
  5.03642866079E-07
  4.66343976768E-07
  4.30795978446E-07
  3.97281326059E-07
  3.66050159073E-07
  3.37317260346E-07
  3.11259952923E-07
  2.88016082095E-07
  2.67682509048E-07
  2.50314059258E-07
  2.35923053538E-07
  2.24479379085E-07
  2.15910802126E-07
  2.10104246889E-07
  2.06906833000E-07
  2.06128348168E-07
  2.07543266129E-07
  2.10893830399E-07
  2.15893138034E-07
  2.22228877078E-07
  2.29567135079E-07
  2.37556776028E-07
  2.45833632562E-07
  2.54025422919E-07
  2.61756213149E-07
  2.68651348279E-07
  2.74342426110E-07
  2.78471816273E-07
  2.80697435073E-07
  2.80697491917E-07
  2.78174582036E-07
  2.72859807637E-07
  2.64516444304E-07
  2.52943749501E-07
  2.37979534745E-07
  2.19502894083E-07
  1.97436364147E-07
  1.71747558397E-07
  1.42450176099E-07
  1.09604627596E-07
  7.33181408918E-08
  3.37441257159E-08
 -8.91880613807E-09
 -5.44284581849E-08
 -1.02501125809E-07
 -1.52814266130E-07
 -2.05009513365E-07
 -2.58696218225E-07
 -3.13455387868E-07
 -3.68843956267E-07
 -4.24399388521E-07
 -4.79644597817E-07
 -5.34092748694E-07
 -5.87253055073E-07
 -6.38635412997E-07
 -6.87756141815E-07
 -7.34143554837E-07
 -7.77342563651E-07
 -8.16920248781E-07
 -8.52470918744E-07
 -8.83620373315E-07
 -9.10030166779E-07
 -9.31402212245E-07
 -9.47481737512E-07
 -9.58060695666E-07
 -9.62980266195E-07
 -9.62133299254E-07
 -9.55465452535E-07
 -9.42976669194E-07
 -9.24721007323E-07
 -9.00806981008E-07
 -8.71396935054E-07
 -8.36705282836E-07
 -7.96996857844E-07
 -7.52584469410E-07
 -7.03826003701E-07
 -6.51120842576E-07
 -5.94905827711E-07
 -5.35651395239E-07
 -4.73856374583E-07
 -4.10043128340E-07
 -3.44752407955E-07
 -2.78537498843E-07
 -2.11958891327E-07
 -1.45578340494E-07
 -7.99530894824E-08
 -1.56301922516E-08
  4.68592489256E-08
  1.07005497796E-07
  1.64325470564E-07
  2.18367816274E-07
  2.68717485596E-07
  3.15000050932E-07
  3.56885635711E-07
  3.94092154465E-07
  4.26388368169E-07
  4.53595873751E-07
  4.75591349414E-07
  4.92307322020E-07
  5.03732678681E-07
  5.09913206770E-07
  5.10949917043E-07
  5.06998844685E-07
  4.98268207139E-07
  4.85016869334E-07
  4.67550449912E-07
  4.46218422212E-07
  4.21409879436E-07
  3.93549072442E-07
  3.63090578048E-07
  3.30514154712E-07
  2.96319171866E-07
  2.61019124537E-07
  2.25135522669E-07
  1.89191979416E-07
  1.53708285211E-07
  1.19194261572E-07
  8.61441478150E-08
  5.50304442015E-08
  2.62987089883E-08
  3.62243707253E-10
 -2.24029648166E-08
 -4.16625880462E-08
 -5.71282043893E-08
 -6.85608299023E-08
 -7.57738973789E-08
 -7.86360274674E-08
 -7.70726771293E-08
 -7.10676602012E-08
 -6.06636803013E-08
 -4.59624303062E-08
 -2.71239386507E-08
 -4.36546354621E-09
  2.20406128904E-08
  5.17691667312E-08
  8.44454461912E-08
  1.19648760233E-07
  1.56916698302E-07
  1.95749734644E-07
  2.35616511191E-07
  2.75959195051E-07
  3.16199532335E-07
  3.55744873559E-07
  3.93994525894E-07
  4.30346375424E-07
  4.64203623096E-07
  4.94981065913E-07
  5.22111974988E-07
  5.45054547274E-07
  5.63298215184E-07
  5.76369473038E-07
  5.83838186685E-07
  5.85322254665E-07
  5.80493122015E-07
  5.69080270907E-07
  5.50874460714E-07
  5.25732161805E-07
  4.93577601901E-07
  4.54405125083E-07
  4.08280754982E-07
  3.55342734792E-07
  2.95801811490E-07
  2.29940582130E-07
  1.58112115400E-07
  8.07378270906E-08
 -1.69504166259E-09
 -8.86369093678E-08
 -1.79480082352E-07
 -2.73563102837E-07
 -3.70176081788E-07
 -4.68566582867E-07
 -5.67945562580E-07
 -6.67494362006E-07
 -7.66371329064E-07
 -8.63719435529E-07
 -9.58673808782E-07
 -1.05036940568E-06
 -1.13794840217E-06
 -1.22056883356E-06
 -1.29741181354E-06
 -1.36768994707E-06
 -1.43065324210E-06
 -1.48559865920E-06
 -1.53187534124E-06
 -1.56889132086E-06
 -1.59612068273E-06
 -1.61310822477E-06
 -1.61947457400E-06
 -1.61492130246E-06
 -1.59923354204E-06
 -1.57228441822E-06
 -1.53403675540E-06
 -1.48454398641E-06
 -1.42395288094E-06
 -1.35250172661E-06
 -1.27052044263E-06
 -1.17842944292E-06
 -1.07673668026E-06
 -9.66034917838E-07
 -8.46997920689E-07
 -7.20375737728E-07
 -5.86989926887E-07
 -4.47727302344E-07
 -3.03533710166E-07
 -1.55406908675E-07
 -4.38922720392E-09
  1.48440520320E-07
  3.01975148886E-07
  4.55087871387E-07
  6.06641151535E-07
  7.55495364047E-07
  9.00518216440E-07
  1.04059392925E-06
  1.17463207516E-06
  1.30157593503E-06
  1.42041244544E-06
  1.53017936100E-06
  1.62997434927E-06
  1.71896135726E-06
  1.79637902420E-06
  1.86154647963E-06
  1.91386948245E-06
  1.95284610527E-06
  1.97807048608E-06
  1.98923771677E-06
  1.98614566216E-06
  1.96869996216E-06
  1.93691130335E-06
  1.89089962532E-06
  1.83089218808E-06
  1.75722300355E-06
  1.67033022080E-06
  1.57075476181E-06
  1.45913475080E-06
  1.33620335419E-06
  1.20278116356E-06
  1.05977267140E-06
  9.08158426682E-07
  7.48987758925E-07
  5.83371843277E-07
  4.12474975064E-07
  2.37505787481E-07
  5.97086540211E-08
 -1.19646117014E-07
 -2.99271619042E-07
 -4.77874266380E-07
 -6.54163045510E-07
 -8.26860514280E-07
 -9.94710944724E-07
 -1.15649118015E-06
 -1.31101910483E-06
 -1.45716342104E-06
 -1.59385160714E-06
 -1.72007833044E-06
 -1.83491283678E-06
 -1.93750702238E-06
 -2.02709998121E-06
 -2.10302664527E-06
 -2.16471858039E-06
 -2.21171285375E-06
 -2.24365248869E-06
 -2.26028987527E-06
 -2.26148813454E-06
 -2.24722293751E-06
 -2.21758114094E-06
 -2.17276146941E-06
 -2.11307178688E-06
 -2.03892568607E-06
 -1.95084226107E-06
 -1.84943769455E-06
 -1.73542366610E-06
 -1.60959928053E-06
 -1.47284697505E-06
 -1.32612365178E-06
 -1.17045385650E-06
 -1.00692204796E-06
 -8.36664185044E-07
 -6.60858063384E-07
 -4.80715186768E-07
 -2.97471103750E-07
 -1.12375822425E-07
  7.33152276666E-08
  2.58351207094E-07
  4.41494847792E-07
  6.21531796696E-07
  7.97279312792E-07
  9.67595383372E-07
  1.13138639790E-06
  1.28761553242E-06
  1.43530951391E-06
  1.57356555519E-06
  1.70155681189E-06
  1.81853954473E-06
  1.92385596165E-06
  2.01693910640E-06
  2.09731615541E-06
  2.16460989577E-06
  2.21854202209E-06
  2.25893245442E-06
  2.28570115723E-06
  2.29886472880E-06
  2.29853776545E-06
  2.28492967835E-06
  2.25833900913E-06
  2.21915502152E-06
  2.16784928853E-06
  2.10497137232E-06
  2.03114518627E-06
  1.94706171897E-06
  1.85347175830E-06
  1.75118077550E-06
  1.64104073974E-06
  1.52394295583E-06
  1.40081112932E-06
  1.27259227156E-06
  1.14025056064E-06
  1.00475836007E-06
  8.67088715495E-07
  7.28208647160E-07
  5.89071021295E-07
  4.50607871016E-07
  3.13723234058E-07
  1.79287368951E-07
  4.81305484357E-08
 -7.89626000142E-08
 -2.01257634558E-07
 -3.18075336736E-07
 -4.28795203788E-07
 -5.32858507540E-07
 -6.29771648164E-07
 -7.19107788427E-07
 -8.00508132670E-07
 -8.73683688951E-07
 -9.38414416396E-07
 -9.94549509414E-07
 -1.04200660189E-06
 -1.08076960714E-06
 -1.11088763788E-06
 -1.13247187983E-06
 -1.14569309062E-06
 -1.15077762075E-06
 -1.14800468509E-06
 -1.13770113330E-06
 -1.12023826659E-06
 -1.09602638076E-06
 -1.06551044610E-06
 -1.02916533251E-06
 -9.87490693660E-07
 -9.41005851018E-07
 -8.90245075880E-07
 -8.35752473449E-07
 -7.78077435371E-07
 -7.17769637504E-07
 -6.55374833514E-07
 -5.91430818986E-07
 -5.26462997641E-07
 -4.60980629668E-07
 -3.95474415882E-07
 -3.30412092353E-07
 -2.66236867219E-07
 -2.03364507456E-07
 -1.42181534102E-07
 -8.30436164279E-08
 -2.62743977686E-08
  2.78352878524E-08
  7.90280552110E-08
  1.27079900381E-07
  1.71800138560E-07
  2.13030858731E-07
  2.50646053246E-07
  2.84550651486E-07
  3.14679027724E-07
  3.40993693726E-07
  3.63483479759E-07
  3.82161715606E-07
  3.97064070512E-07
  4.08246847883E-07
  4.15784541019E-07
  4.19767872017E-07
  4.20301546455E-07
  4.17502263872E-07
  4.11496699826E-07
  4.02419175316E-07
  3.90410320961E-07
  3.75615201165E-07
  3.58181324600E-07
  3.38257905241E-07
  3.15994014954E-07
  2.91537986641E-07
  2.65036135261E-07
  2.36632260453E-07
  2.06467234420E-07
  1.74678305598E-07
  1.41399553399E-07
  1.06761156360E-07
  7.08902021529E-08
  3.39106591696E-08
 -4.05611189080E-09
 -4.28908002448E-08
 -8.24755801432E-08
 -1.22693322169E-07
 -1.63426904010E-07
 -2.04558375572E-07
 -2.45968294621E-07
 -2.87535044663E-07
 -3.29133797550E-07
 -3.70636257685E-07
 -4.11909752529E-07
 -4.52817090490E-07
 -4.93215964070E-07
 -5.32958779331E-07
 -5.71892655898E-07
 -6.09859398537E-07
 -6.46695582418E-07
 -6.82233462612E-07
 -7.16300689874E-07
 -7.48721788568E-07
 -7.79318781952E-07
 -8.07911817446E-07
 -8.34321156162E-07
 -8.58367513956E-07
 -8.79874221482E-07
 -8.98668702121E-07
 -9.14583381473E-07
 -9.27458359001E-07
 -9.37142374369E-07
 -9.43495138017E-07
 -9.46388581724E-07
 -9.45709018652E-07
 -9.41358848650E-07
 -9.33257410907E-07
 -9.21343598748E-07
 -9.05576825971E-07
 -8.85937822659E-07
 -8.62430738380E-07
 -8.35083255879E-07
 -8.03947727945E-07
 -7.69101518472E-07
 -7.30647229830E-07
 -6.88713612362E-07
 -6.43454086457E-07
 -5.95047083607E-07
 -5.43695705346E-07
 -4.89625733735E-07
 -4.33085801888E-07
 -3.74344722331E-07
 -3.13690605935E-07
 -2.51428957654E-07
 -1.87880630165E-07
 -1.23379152228E-07
 -5.82687817996E-08
  7.09810432653E-09
  7.23637114675E-08
  1.37167631920E-07
  2.01149632062E-07
  2.63952387058E-07
  3.25224533526E-07
  3.84623291438E-07
  4.41817348928E-07
  4.96489519719E-07
  5.48339528450E-07
  5.97086000198E-07
  6.42469331069E-07
  6.84253222971E-07
  7.22226843664E-07
  7.56206873120E-07
  7.86037844591E-07
  8.11594532024E-07
  8.32781722693E-07
  8.49535524594E-07
  8.61823536980E-07
  8.69644338763E-07
  8.73027772741E-07
  8.72034036092E-07
  8.66752941420E-07
  8.57302552504E-07
  8.43827933750E-07
  8.26499160667E-07
  8.05510183000E-07
  7.81075470968E-07
  7.53429162614E-07
  7.22821255295E-07
  6.89516241437E-07
  6.53789356875E-07
  6.15924420799E-07
  5.76211220960E-07
  5.34942046215E-07
  4.92409753861E-07
  4.48904302175E-07
  4.04710419843E-07
  3.60105275377E-07
  3.15355748626E-07
  2.70716441264E-07
  2.26427786743E-07
  1.82713861818E-07
  1.39781207054E-07
  9.78172280952E-08
  5.69894282876E-08
  1.74443250955E-08
 -2.06927044388E-08
 -5.73180329866E-08
 -9.23492677884E-08
 -1.25725364342E-07
 -1.57405466439E-07
 -1.87368627280E-07
 -2.15612132592E-07
 -2.42150434815E-07
 -2.67013433586E-07
 -2.90244798862E-07
 -3.11899924554E-07
 -3.32044010065E-07
 -3.50749644440E-07
 -3.68095015801E-07
 -3.84160699696E-07
 -3.99028465381E-07
 -4.12778149439E-07
 -4.25485580990E-07
 -4.37220762706E-07
 -4.48045341273E-07
 -4.58010845250E-07
 -4.67157263984E-07
 -4.75510972819E-07
 -4.83083965719E-07
 -4.89872149956E-07
 -4.95855317695E-07
 -5.00996122810E-07
 -5.05239711401E-07
 -5.08514403919E-07
 -5.10731297254E-07
 -5.11785685831E-07
 -5.11557686877E-07
 -5.09913320457E-07
 -5.06706669512E-07
 -5.01781130424E-07
 -4.94971857279E-07
 -4.86108035602E-07
 -4.75015326629E-07
 -4.61518595785E-07
 -4.45444982233E-07
 -4.26626513672E-07
 -4.04903488516E-07
 -3.80127374910E-07
 -3.52163965545E-07
 -3.20896418771E-07
 -2.86228384994E-07
 -2.48086621468E-07
 -2.06423834470E-07
 -1.61221166195E-07
 -1.12490674553E-07
 -6.02768892577E-08
 -4.65898697399E-09
  5.42480194099E-08
  1.16292277141E-07
  1.81284448786E-07
  2.48997224617E-07
  3.19165849305E-07
  3.91488470086E-07
  4.65627181256E-07
  5.41209544735E-07
  6.17830323790E-07
  6.95054040989E-07
  7.72417592998E-07
  8.49432865380E-07
  9.25591223222E-07
  1.00036641015E-06
  1.07321886844E-06
  1.14360068437E-06
  1.21095945360E-06
  1.27474345391E-06
  1.33440664740E-06
  1.38941413752E-06
  1.43924614804E-06
  1.48340438955E-06
  1.52141649323E-06
  1.55284067205E-06
  1.57727140504E-06
  1.59434330271E-06
  1.60373576819E-06
  1.60517674885E-06
  1.59844637437E-06
  1.58338002620E-06
  1.55987220296E-06
  1.52787720253E-06
  1.48741185058E-06
  1.43855686474E-06
  1.38145696837E-06
  1.31632123157E-06
  1.24342250274E-06
  1.16309638543E-06
  1.07573987407E-06
  9.81807943390E-07
  8.81811615727E-07
  7.76314493578E-07
  6.65928382659E-07
  5.51309028651E-07
  4.33150773915E-07
  3.12181867912E-07
  1.89158043895E-07
  6.48567564099E-08
 -5.99293557002E-08
 -1.84399013392E-07
 -3.07749019157E-07
 -4.29181056916E-07
 -5.47908712178E-07
 -6.63164144044E-07
 -7.74204977461E-07
 -8.80320612850E-07
 -9.80838535725E-07
 -1.07513085368E-06
 -1.16261901439E-06
 -1.24277983105E-06
 -1.31514946133E-06
 -1.37932875077E-06
 -1.43498505167E-06
 -1.48185733906E-06
 -1.51975689278E-06
 -1.54856945755E-06
 -1.56825683462E-06
 -1.57885619956E-06
 -1.58048010235E-06
 -1.57331555783E-06
 -1.55762143095E-06
 -1.53372616296E-06
 -1.50202527038E-06
 -1.46297566062E-06
 -1.41709278978E-06
 -1.36494440994E-06
 -1.30714556690E-06
 -1.24435234738E-06
 -1.17725505788E-06
 -1.10657163077E-06
 -1.03304023469E-06
 -9.57412453317E-07
 -8.80445043094E-07
 -8.02893055152E-07
 -7.25501877241E-07
 -6.49000128305E-07
 -5.74091529870E-07
 -5.01449392232E-07
 -4.31708855331E-07
 -3.65460778085E-07
 -3.03245798250E-07
 -2.45549387046E-07
 -1.92797017462E-07
 -1.45349531522E-07
 -1.03500561011E-07
 -6.74728255490E-08
 -3.74170774364E-08
 -1.34101760807E-08
  4.54519888393E-09
  1.65197775459E-08
  2.26573586559E-08
  2.31721024591E-08
  1.83465278525E-08
  8.52764792114E-09
 -5.87673154584E-09
 -2.44030911034E-08
 -4.65373162228E-08
 -7.17207484513E-08
 -9.93564697183E-08
 -1.28816296296E-07
 -1.59447779424E-07
 -1.90581843640E-07
 -2.21540304324E-07
 -2.51643797355E-07
 -2.80219609294E-07
 -3.06609223344E-07
 -3.30176277430E-07
 -3.50313996478E-07
 -3.66452070466E-07
 -3.78063646167E-07
 -3.84671778875E-07
 -3.85854889373E-07
 -3.81252391435E-07
 -3.70569182451E-07
 -3.53579508783E-07
 -3.30130262682E-07
 -3.00143284448E-07
 -2.63617152996E-07
 -2.20627768499E-07
 -1.71328679244E-07
 -1.15949909230E-07
 -5.47964411624E-08
  1.17544116662E-08
  8.32561113384E-08
  1.59196972049E-07
  2.39005260028E-07
  3.22054034996E-07
  4.07667670288E-07
  4.95128176681E-07
  5.83682663091E-07
  6.72550356740E-07
  7.60930618071E-07
  8.48011211474E-07
  9.32976547574E-07
  1.01501552763E-06
  1.09333041109E-06
  1.16714500109E-06
  1.23571271615E-06
  1.29832369566E-06
  1.35431298531E-06
  1.40306781304E-06
  1.44403315971E-06
  1.47671823925E-06
  1.50070218297E-06
  1.51563779127E-06
  1.52125574004E-06
  1.51736833232E-06
  1.50387120357E-06
  1.48074434492E-06
  1.44805358104E-06
  1.40594977438E-06
  1.35466791562E-06
  1.29452496367E-06
  1.22591757190E-06
  1.14931776807E-06
  1.06526852051E-06
  9.74380213847E-07
  8.77322747783E-07
  7.74821103278E-07
  6.67647270802E-07
  5.56613542813E-07
  4.42564953573E-07
  3.26370553694E-07
  2.08916048905E-07
  9.10950817001E-08
 -2.61991619510E-08
 -1.42082143384E-07
 -2.55686302353E-07
 -3.66168904975E-07
 -4.72719733580E-07
 -5.74568673528E-07
 -6.70992221785E-07
 -7.61319938647E-07
 -8.44940302613E-07
 -9.21305741031E-07
 -9.89937461782E-07
 -1.05042818177E-06
 -1.10244627649E-06
 -1.14573697374E-06
 -1.18012474104E-06
 -1.20551237615E-06
 -1.22188225760E-06
 -1.22929452573E-06
 -1.22788537738E-06
 -1.21786422369E-06
 -1.19951062061E-06
 -1.17317085824E-06
 -1.13925216283E-06
 -1.09821860406E-06
 -1.05058506961E-06
 -9.96910443973E-07
 -9.37792663080E-07
 -8.73860699357E-07
 -8.05767797374E-07
 -7.34185164220E-07
 -6.59793499835E-07
 -5.83277142141E-07
 -5.05316336330E-07
 -4.26580442081E-07
 -3.47721794469E-07
 -2.69368854333E-07
 -1.92120936049E-07
 -1.16542402395E-07
 -4.31580353677E-08
  2.75514562276E-08
  9.51530196858E-08
  1.59264445188E-07
  2.19556739012E-07
  2.75755809298E-07
  3.27643761011E-07
  3.75058874624E-07
  4.17895563487E-07
  4.56103464330E-07
  4.89685476168E-07
  5.18695799201E-07
  5.43236865269E-07
  5.63456239888E-07
  5.79542415835E-07
  5.91720947796E-07
  6.00249393301E-07
  6.05412537880E-07
  6.07517335993E-07
  6.06886999321E-07
  6.03856221915E-07
  5.98765041104E-07
  5.91953948970E-07
  5.83758037465E-07
  5.74501939354E-07
  5.64495223898E-07
  5.54027735689E-07
  5.43364592431E-07
  5.32743570147E-07
  5.22370783074E-07
  5.12418296239E-07
  5.03021738041E-07
  4.94278481256E-07
  4.86246676701E-07
  4.78944514271E-07
  4.72350535574E-07
  4.66403974997E-07
  4.61006351316E-07
  4.56023030893E-07
  4.51285956160E-07
  4.46596231995E-07
  4.41727678435E-07
  4.36430582340E-07
  4.30435960652E-07
  4.23460022603E-07
  4.15208887716E-07
  4.05383929092E-07
  3.93686377720E-07
  3.79822949981E-07
  3.63510793022E-07
  3.44482799619E-07
  3.22492383020E-07
  2.97318450748E-07
  2.68769895229E-07
  2.36689643884E-07
  2.00958609753E-07
  1.61499016826E-07
  1.18277228012E-07
  7.13061396596E-08
  2.06469383812E-08
 -3.35897141213E-08
 -9.12430522249E-08
 -1.52102344941E-07
 -2.15907590473E-07
 -2.82350640646E-07
 -3.51077346750E-07
 -4.21690117491E-07
 -4.93750917485E-07
 -5.66784933653E-07
 -6.40285065856E-07
 -7.13715962775E-07
 -7.86519990470E-07
 -8.58121779856E-07
 -9.27934593165E-07
 -9.95365894596E-07
 -1.05982394416E-06
 -1.12072325464E-06
 -1.17749175388E-06
 -1.22957703752E-06
 -1.27645114389E-06
 -1.31761782995E-06
 -1.35261814194E-06
 -1.38103484915E-06
 -1.40249835567E-06
 -1.41669090681E-06
 -1.42335022701E-06
 -1.42227315791E-06
 -1.41331895520E-06
 -1.39641133501E-06
 -1.37153983815E-06
 -1.33876062591E-06
 -1.29819727590E-06
 -1.25003941776E-06
 -1.19454273317E-06
 -1.13202622742E-06
 -1.06286984192E-06
 -9.87511270978E-07
 -9.06442835458E-07
 -8.20205968921E-07
 -7.29387181764E-07
 -6.34612263184E-07
 -5.36541165275E-07
 -4.35860869175E-07
 -3.33279814413E-07
 -2.29520807693E-07
 -1.25314315369E-07
 -2.13917665803E-08
  8.15216409933E-08
  1.82713492336E-07
  2.81490855514E-07
  3.77187035383E-07
  4.69167048323E-07
  5.56834038434E-07
  6.39634663457E-07
  7.17063699085E-07
  7.88668501173E-07
  8.54053041621E-07
  9.12880921078E-07
  9.64878267951E-07
  1.00983515949E-06
  1.04760727027E-06
  1.07811638372E-06
  1.10135033538E-06
  1.11736130748E-06
  1.12626582904E-06
  1.12824147891E-06
  1.12352415726E-06
  1.11240501610E-06
  1.09522670755E-06
  1.07237838165E-06
  1.04429113890E-06
  1.01143257325E-06
  9.74301201495E-07
  9.33420608362E-07
  8.89333193754E-07
  8.42594204187E-07
  7.93765195795E-07
  7.43407781556E-07
  6.92077492204E-07
  6.40317807665E-07
  5.88654302192E-07
  5.37588846328E-07
  4.87594661536E-07
  4.39111630612E-07
  3.92541551264E-07
  3.48244697079E-07
  3.06536236394E-07
  2.67683645916E-07
  2.31904323300E-07
  1.99364507125E-07
  1.70178068970E-07
  1.44406058666E-07
  1.22057642216E-07
  1.03090762593E-07
  8.74135466233E-08
  7.48870618850E-08
  6.53276757134E-08
  5.85102988282E-08
  5.41723856884E-08
  5.20178602414E-08
  5.17218978757E-08
  5.29356434242E-08
  5.52914158902E-08
  5.84079380417E-08
  6.18959461463E-08
  6.53636149650E-08
  6.84221532765E-08
  7.06913212412E-08
  7.18045072290E-08
  7.14142487368E-08
  6.91968224942E-08
  6.48569553618E-08
  5.81320165338E-08
  4.87958580209E-08
  3.66620405146E-08
  2.15867874687E-08
  3.47124928801E-09
 -1.77367347476E-08
 -4.20414494329E-08
 -6.93987161071E-08
 -9.97159332883E-08
 -1.32852605361E-07
 -1.68621639318E-07
 -2.06790986113E-07
 -2.47086035188E-07
 -2.89192485070E-07
 -3.32759668709E-07
 -3.77404262508E-07
 -4.22714492743E-07
 -4.68255024089E-07
 -5.13571308147E-07
 -5.58195097256E-07
 -6.01649674081E-07
 -6.43455450700E-07
 -6.83134999235E-07
 -7.20219190953E-07
 -7.54252710067E-07
 -7.84798771747E-07
 -8.11444692772E-07
 -8.33807575873E-07
 -8.51537606650E-07
 -8.64323453698E-07
 -8.71895963428E-07
 -8.74031286457E-07
 -8.70554629273E-07
 -8.61341959535E-07
 -8.46322620873E-07
 -8.25480697131E-07
 -7.98855580797E-07
 -7.66542314068E-07
 -7.28691759377E-07
 -6.85508894094E-07
 -6.37251957869E-07
 -5.84230292588E-07
 -5.26801500200E-07
 -4.65368884761E-07
 -4.00377331289E-07
 -3.32309554096E-07
 -2.61681833535E-07
 -1.89039113252E-07
 -1.14949891383E-07
 -4.00010549129E-08
  3.52077123011E-08
  1.10069393600E-07
  1.83975686241E-07
  2.56322323366E-07
  3.26515078086E-07
  3.93975170709E-07
  4.58144768345E-07
  5.18492413448E-07
  5.74517514451E-07
  6.25755831152E-07
  6.71782629524E-07
  7.12218025001E-07
  7.46728915146E-07
  7.75033470291E-07
  7.96902952516E-07
  8.12163420960E-07
  8.20698176085E-07
  8.22447873361E-07
  8.17411205389E-07
  8.05645186119E-07
  7.87263957136E-07
  7.62437593949E-07
  7.31391310183E-07
  6.94401762757E-07
  6.51795687645E-07
  6.03946489264E-07
  5.51270318283E-07
  4.94222774705E-07
  4.33294388813E-07
  3.69006585288E-07
  3.01906595723E-07
  2.32562825886E-07
  1.61559810863E-07
  8.94932199458E-08
  1.69646519055E-08
 -5.54234347305E-08
 -1.27072794953E-07
 -1.97394314227E-07
 -2.65812872158E-07
 -3.31771900619E-07
 -3.94737895704E-07
 -4.54204325706E-07
 -5.09695837536E-07
 -5.60771297842E-07
 -6.07027459409E-07
 -6.48101661227E-07
 -6.83673818003E-07
 -7.13469091806E-07
 -7.37259085781E-07
 -7.54863208385E-07
 -7.66149298670E-07
 -7.71034478930E-07
 -7.69484415741E-07
 -7.61513774705E-07
 -7.47184856209E-07
 -7.26606288026E-07
 -6.99932229509E-07
 -6.67360041007E-07
 -6.29128294349E-07
 -5.85514555951E-07
 -5.36832601483E-07
 -4.83429801079E-07
 -4.25683850835E-07
 -3.63999930642E-07
 -2.98807265153E-07
 -2.30555698977E-07
 -1.59712442382E-07
 -8.67585399078E-08
 -1.21854055735E-08
  6.35086365719E-08
  1.39821665357E-07
  2.16251578422E-07
  2.92299290550E-07
  3.67471756135E-07
  4.41285266106E-07
  5.13267991664E-07
  5.82962741191E-07
  6.49929802421E-07
  7.13748761427E-07
  7.74021316374E-07
  8.30372982819E-07
  8.82454514795E-07
  9.29944519612E-07
  9.72549742073E-07
  1.01000728137E-06
  1.04208515950E-06
  1.06858351501E-06
  1.08933465981E-06
  1.10420478450E-06
  1.11309327622E-06
  1.11593317342E-06
  1.11269184799E-06
  1.10337043679E-06
  1.08800350063E-06
  1.06665925159E-06
  1.03943864360E-06
  1.00647480394E-06
  9.67932237472E-07
  9.24006769765E-07
  8.74923671290E-07
  8.20937032131E-07
  7.62328511428E-07
  6.99406371041E-07
  6.32503599718E-07
  5.61976889912E-07
  4.88204761950E-07
  4.11586086102E-07
  3.32538064640E-07
  2.51494668646E-07
  1.68904279008E-07
  8.52276329510E-08
  9.35857169537E-10
 -8.34921607407E-08
 -1.67571940324E-07
 -2.50816100333E-07
 -3.32736959763E-07
 -4.12849004761E-07
 -4.90671936859E-07
 -5.65733273561E-07
 -6.37571076822E-07
 -7.05737477347E-07
 -7.69800692524E-07
 -8.29348778097E-07
 -8.83991958744E-07
 -9.33365868150E-07
 -9.77134050117E-07
 -1.01499085758E-06
 -1.04666446532E-06
 -1.07191829102E-06
 -1.09055474695E-06
 -1.10241649054E-06
 -1.10738835701E-06
 -1.10539997422E-06
 -1.09642599000E-06
 -1.08048868697E-06
 -1.05765809622E-06
 -1.02805199731E-06
 -9.91837737274E-07
 -9.49231207414E-07
 -9.00496274880E-07
 -8.45944100547E-07
 -7.85932456893E-07
 -7.20863113202E-07
 -6.51180812383E-07
 -5.77370144583E-07
 -4.99953216604E-07
 -4.19486013925E-07
 -3.36555388003E-07
 -2.51774878279E-07
 -1.65780477346E-07
 -7.92262611071E-08
  7.22054815938E-09
  9.28843633119E-08
  1.77086619146E-07
  2.59151164528E-07
  3.38409449796E-07
  4.14206567712E-07
  4.85906355152E-07
  5.52896949557E-07
  6.14596899595E-07
  6.70459314733E-07
  7.19978459074E-07
  7.62693161960E-07
  7.98192672846E-07
  8.26120128750E-07
  8.46176931191E-07
  8.58125986269E-07
  8.61794887896E-07
  8.57077964156E-07
  8.43938948947E-07
  8.22411834633E-07
  7.92601724697E-07
  7.54685061111E-07
  7.08909340119E-07
  6.55591406939E-07
  5.95116659952E-07
  5.27935640093E-07
  4.54561700280E-07
  3.75567026367E-07
  2.91578658107E-07
  2.03273444299E-07
  1.11372891354E-07
  1.66373350652E-08
 -8.01401967010E-08
 -1.78140808771E-07
 -2.76526577636E-07
 -3.74447608920E-07
 -4.71049730777E-07
 -5.65481855119E-07
 -6.56903580420E-07
 -7.44493092952E-07
 -8.27454243790E-07
 -9.05024080566E-07
 -9.76480691861E-07
 -1.04114860733E-06
 -1.09840709683E-06
 -1.14769454740E-06
 -1.18851505704E-06
 -1.22044355066E-06
 -1.24312919070E-06
 -1.25630060666E-06
 -1.25976737309E-06
 -1.25342387491E-06
 -1.23724930745E-06
 -1.21130960906E-06
 -1.17575780223E-06
 -1.13083081033E-06
 -1.07685070816E-06
 -1.01422017451E-06
 -9.43420616295E-07
 -8.65007109496E-07
 -7.79604306445E-07
 -6.87900865159E-07
 -5.90643310261E-07
 -4.88629325446E-07
 -3.82701074386E-07
 -2.73736986856E-07
 -1.62644070656E-07
 -5.03496018212E-08
  6.22075475576E-08
  1.74085371896E-07
  2.84347692059E-07
  3.92072706745E-07
  4.96361792557E-07
  5.96347717874E-07
  6.91202899361E-07
  7.80147047408E-07
  8.62454726303E-07
  9.37461891226E-07
  1.00457248209E-06
  1.06326342575E-06
  1.11309043405E-06
  1.15369107334E-06
  1.18478885724E-06
  1.20619574773E-06
  1.21781295093E-06
  1.21963273614E-06
  1.21173786738E-06
  1.19430023915E-06
  1.16757917112E-06
  1.13191924811E-06
  1.08774622731E-06
  1.03556180875E-06
  9.75940224635E-07
  9.09520906589E-07
  8.37002517073E-07
  7.59136185025E-07
  6.76717149872E-07
  5.90577258208E-07
  5.01576437273E-07
  4.10594026334E-07
  3.18519880693E-07
  2.26245575163E-07
  1.34655266493E-07
  4.46172805368E-08
 -4.30250999273E-08
 -1.27461461830E-07
 -2.07922681739E-07
 -2.83688109448E-07
 -3.54093003807E-07
 -4.18534710889E-07
 -4.76478447808E-07
 -5.27462646005E-07
 -5.71102759750E-07
 -6.07095557825E-07
 -6.35220885670E-07
 -6.55343910694E-07
 -6.67416202305E-07
 -6.71474879255E-07
 -6.67642837016E-07
 -6.56126132981E-07
 -6.37211485355E-07
 -6.11262919392E-07
 -5.78717276767E-07
 -5.40079270195E-07
 -4.95915912779E-07
 -4.46849668378E-07
 -3.93551800926E-07
 -3.36735041628E-07
 -2.77145346672E-07
 -2.15554024408E-07
 -1.52749223048E-07
 -8.95271980994E-08
 -2.66838551255E-08
  3.49939526245E-08
  9.47369898086E-08
  1.51801742732E-07
  2.05478684734E-07
  2.55099593005E-07
  3.00044945334E-07
  3.39750187095E-07
  3.73712225610E-07
  4.01494389735E-07
  4.22730977334E-07
  4.37131376430E-07
  4.44482878947E-07
  4.44653039722E-07
  4.37590699676E-07
  4.23326753207E-07
  4.01973295538E-07
  3.73722855329E-07
  3.38845694614E-07
  2.97687137163E-07
  2.50663532597E-07
  1.98257865236E-07
  1.41014467658E-07
  7.95328887193E-08
  1.44617224862E-08
 -5.35086996933E-08
 -1.23653634887E-07
 -1.95221758759E-07
 -2.67443311941E-07
 -3.39538445360E-07
 -4.10725277789E-07
 -4.80228720789E-07
 -5.47288550479E-07
 -6.11167706666E-07
 -6.71159853027E-07
 -7.26597477296E-07
 -7.76858485096E-07
 -8.21373305371E-07
 -8.59630461036E-07
 -8.91182878604E-07
 -9.15651639843E-07
 -9.32730870318E-07
 -9.42190411024E-07
 -9.43878831094E-07
 -9.37724848882E-07
 -9.23737673020E-07
 -9.02008025605E-07
 -8.72706038990E-07
 -8.36080232602E-07
 -7.92455182363E-07
 -7.42227143746E-07
 -6.85861039074E-07
 -6.23885114237E-07
 -5.56885368042E-07
 -4.85499981551E-07
 -4.10412127394E-07
 -3.32343290665E-07
 -2.52045936122E-07
 -1.70295294311E-07
 -8.78818084971E-08
 -5.60288881957E-09
  7.57453832989E-08
  1.55376199018E-07
  2.32520221743E-07
  3.06433292963E-07
  3.76404017288E-07
  4.41760960257E-07
  5.01879583226E-07
  5.56188183509E-07
  6.04173919783E-07
  6.45387729037E-07
  6.79448646679E-07
  7.06047899257E-07
  7.24951462416E-07
  7.36002334634E-07
  7.39122299365E-07
  7.34311925044E-07
  7.21650621927E-07
  7.01295789440E-07
  6.73480997193E-07
  6.38512574369E-07
  5.96767733896E-07
  5.48689229163E-07
  4.94781659199E-07
  4.35605414850E-07
  3.71771534446E-07
  3.03934911017E-07
  2.32787868981E-07
  1.59052959248E-07
  8.34757116763E-08
  6.81706158190E-09
 -7.01542433035E-08
 -1.46669322021E-07
 -2.21966843128E-07
 -2.95300537800E-07
 -3.65946362990E-07
 -4.33209891071E-07
 -4.96432619457E-07
 -5.54998564439E-07
 -6.08340144481E-07
 -6.55942983485E-07
 -6.97351595136E-07
 -7.32172736662E-07
 -7.60078933126E-07
 -7.80811944878E-07
 -7.94184018105E-07
 -8.00080044883E-07
 -7.98457449491E-07
 -7.89346643160E-07
 -7.72850285102E-07
 -7.49141065626E-07
 -7.18460285043E-07
 -6.81114840972E-07
 -6.37473078768E-07
 -5.87961608289E-07
 -5.33060244834E-07
 -4.73296950076E-07
 -4.09242261412E-07
 -3.41503749723E-07
 -2.70719226592E-07
 -1.97550846792E-07
 -1.22678244452E-07
 -4.67918006564E-08
  2.94139983481E-08
  1.05247309534E-07
  1.80025878649E-07
  2.53082760082E-07
  3.23773349464E-07
  3.91480853068E-07
  4.55622171103E-07
  5.15652857302E-07
  5.71072007460E-07
  6.21426579528E-07
  6.66315088438E-07
  7.05390732492E-07
  7.38364406061E-07
  7.65006063830E-07
  7.85146880844E-07
  7.98679536729E-07
  8.05558329375E-07
  8.05799459158E-07
  7.99479209945E-07
  7.86732698543E-07
  7.67751828334E-07
  7.42782447105E-07
  7.12121050128E-07
  6.76111710618E-07
  6.35141134353E-07
  5.89635362758E-07
  5.40054202247E-07
  4.86886506224E-07
  4.30645343386E-07
  3.71862256543E-07
  3.11082146709E-07
  2.48857418228E-07
  1.85743246561E-07
  1.22291325511E-07
  5.90454121152E-08
 -3.46424133824E-09
 -6.47254481123E-08
 -1.24248799693E-07
 -1.81571877533E-07
 -2.36263147713E-07
 -2.87925587372E-07
 -3.36199633466E-07
 -3.80766067565E-07
 -4.21348062218E-07
 -4.57713127844E-07
 -4.89674107484E-07
 -5.17090313679E-07
 -5.39867698990E-07
 -5.57958458103E-07
 -5.71360999402E-07
 -5.80118069138E-07
 -5.84315785090E-07
 -5.84081703892E-07
 -5.79582263072E-07
 -5.71020223106E-07
 -5.58631768399E-07
 -5.42683039839E-07
 -5.23467122093E-07
 -5.01299666666E-07
 -4.76515594983E-07
 -4.49464721441E-07
 -4.20508058596E-07
 -3.90013639162E-07
 -3.58352195917E-07
 -3.25893495301E-07
 -2.93002187846E-07
 -2.60034198618E-07
 -2.27332989766E-07
 -1.95226306232E-07
 -1.64022779359E-07
 -1.34009255248E-07
 -1.05448094700E-07
 -7.85748639487E-08
 -5.35963593506E-08
 -3.06890797219E-08
 -9.99786209377E-09
  8.36496916179E-09
  2.43200837247E-08
  3.78214544128E-08
  4.88560054634E-08
  5.74431524569E-08
  6.36338270965E-08
  6.75094113944E-08
  6.91800465802E-08
  6.87829313506E-08
  6.64801476091E-08
  6.24564364671E-08
  5.69165692355E-08
  5.00827503913E-08
  4.21916617199E-08
  3.34914851408E-08
  2.42389024407E-08
  1.46958649694E-08
  5.12654230178E-09
 -4.20588142092E-09
 -1.30422765920E-08
 -2.11305639652E-08
 -2.82286976017E-08
 -3.41074049004E-08
 -3.85528160507E-08
 -4.13689704715E-08
 -4.23799413340E-08
 -4.14319671904E-08
 -3.83952105665E-08
 -3.31651435204E-08
 -2.56640841911E-08
 -1.58418895779E-08
 -3.67668917534E-09
  1.08245918895E-08
  2.76262444032E-08
  4.66639491492E-08
  6.78452067859E-08
  9.10501256612E-08
  1.16132312655E-07
  1.42920626445E-07
  1.71219880940E-07
  2.00813389029E-07
  2.31464582612E-07
  2.62918888438E-07
  2.94906669751E-07
  3.27145187384E-07
  3.59341441936E-07
  3.91194703298E-07
  4.22399409672E-07
  4.52647867633E-07
  4.81633435356E-07
  5.09052654252E-07
  5.34608716407E-07
  5.58014221497E-07
  5.78993251565E-07
  5.97284838477E-07
  6.12644555531E-07
  6.24847643849E-07
  6.33690603991E-07
  6.38993583379E-07
  6.40602081603E-07
  6.38388428342E-07
  6.32253261301E-07
  6.22126890448E-07
  6.07969866451E-07
  5.89773947013E-07
  5.67562437936E-07
  5.41390022590E-07
  5.11343273502E-07
  4.77540027077E-07
  4.40128559376E-07
  3.99287216624E-07
  3.55222852022E-07
  3.08169887830E-07
  2.58388553220E-07
  2.06163250027E-07
  1.51800577441E-07
  9.56270724828E-08
  3.79871920586E-08
 -2.07594279544E-08
 -8.02403903322E-08
 -1.40073197485E-07
 -1.99868381401E-07
 -2.59231740074E-07
 -3.17767813840E-07
 -3.75082805704E-07
 -4.30786968764E-07
 -4.84498229980E-07
 -5.35844776550E-07
 -5.84467954923E-07
 -6.30024885595E-07
 -6.72191674767E-07
 -7.10665290171E-07
 -7.45166232718E-07
 -7.75441208134E-07
 -8.01264548045E-07
 -8.22440824777E-07
 -8.38805874537E-07
 -8.50228616400E-07
 -8.56612359712E-07
 -8.57895770423E-07
 -8.54053496369E-07
 -8.45096849389E-07
 -8.31073748486E-07
 -8.12069060885E-07
 -7.88204090441E-07
 -7.59635781833E-07
 -7.26556379504E-07
 -6.89192063419E-07
 -6.47801073228E-07
 -6.02673139838E-07
 -5.54126756924E-07
 -5.02507020883E-07
 -4.48184124480E-07
 -3.91549974665E-07
 -3.33015947263E-07
 -2.73009732155E-07
 -2.11972434272E-07
 -1.50355475625E-07
 -8.86170710146E-08
 -2.72190092687E-08
  3.33767253835E-08
  9.27115522131E-08
  1.50333647753E-07
  2.05801441666E-07
  2.58687180121E-07
  3.08579956254E-07
  3.55089213144E-07
  3.97847969680E-07
  4.36515421143E-07
  4.70780008754E-07
  5.00362205003E-07
  5.25016673691E-07
  5.44534429991E-07
  5.58744943646E-07
  5.67517645322E-07
  5.70763290852E-07
  5.68435154946E-07
  5.60529656468E-07
  5.47086642655E-07
  5.28189843862E-07
  5.03966248289E-07
  4.74585647225E-07
  4.40259924517E-07
  4.01241379677E-07
  3.57821591024E-07
  3.10329170361E-07
  2.59127830304E-07
  2.04613627375E-07
  1.47212517732E-07
  8.73769820942E-08
  2.55829863960E-08
 -3.76734234919E-08
 -1.01880019088E-07
 -1.66512009514E-07
 -2.31036196396E-07
 -2.94914627830E-07
 -3.57608996637E-07
 -4.18584932049E-07
 -4.77315950320E-07
 -5.33287391136E-07
 -5.86000908243E-07
 -6.34978277958E-07
 -6.79764866618E-07
 -7.19934007520E-07
 -7.55090070470E-07
 -7.84871758697E-07
 -8.08955178400E-07
 -8.27056624075E-07
 -8.38935136471E-07
 -8.44394605792E-07
 -8.43285477004E-07
 -8.35506227759E-07
 -8.21004675799E-07
 -7.99778490546E-07
 -7.71875534156E-07
 -7.37394088901E-07
 -6.96481777140E-07
 -6.49335561320E-07
 -5.96199811298E-07
 -5.37365167474E-07
 -4.73166238635E-07
 -4.03979697694E-07
 -3.30221183731E-07
 -2.52342630347E-07
 -1.70829025592E-07
 -8.61946034547E-08
  1.02051078699E-09
  9.02545167492E-08
  1.80927955284E-07
  2.72448261285E-07
  3.64213690318E-07
  4.55618163642E-07
  5.46055730410E-07
  6.34924901988E-07
  7.21633341527E-07
  8.05602212495E-07
  8.86270242972E-07
  9.63098386819E-07
  1.03557363218E-06
  1.10321241209E-06
  1.16556475405E-06
  1.22221740639E-06
  1.27279656681E-06
  1.31697117922E-06
  1.35445441174E-06
  1.38500672620E-06
  1.40843701502E-06
  1.42460385177E-06
  1.43341651437E-06
  1.43483532611E-06
  1.42887222410E-06
  1.41559030453E-06
  1.39510257213E-06
  1.36757194014E-06
  1.33320907025E-06
  1.29227021262E-06
  1.24505663734E-06
  1.19191065551E-06
  1.13321345907E-06
  1.06938227873E-06
  1.00086674593E-06
  9.28145254875E-07
  8.51722063544E-07
  7.72122575654E-07
  6.89889418481E-07
  6.05578918567E-07
  5.19756156336E-07
  4.32991271282E-07
  3.45854999750E-07
  2.58914468532E-07
  1.72729187398E-07
  8.78468142673E-08
  4.79937423137E-09
 -7.59006155704E-08
 -1.53763622279E-07
 -2.28326598517E-07
 -2.99156056371E-07
 -3.65851064998E-07
 -4.28045694889E-07
 -4.85411646878E-07
 -5.37659730071E-07
 -5.84542419801E-07
 -6.25854227110E-07
 -6.61433887217E-07
 -6.91163847932E-07
 -7.14971633897E-07
 -7.32829278149E-07
 -7.44753265280E-07
 -7.50803678784E-07
 -7.51083746309E-07
 -7.45737850139E-07
 -7.34950219794E-07
 -7.18943624634E-07
 -6.97976531683E-07
 -6.72341002428E-07
 -6.42360078018E-07
 -6.08385164469E-07
 -5.70793019961E-07
 -5.29982401076E-07
 -4.86370993258E-07
 -4.40392454948E-07
 -3.92492097490E-07
 -3.43124270330E-07
 -2.92748552511E-07
 -2.41826285219E-07
 -1.90816990653E-07
 -1.40175288266E-07
 -9.03472567870E-08
 -4.17675032338E-08
  5.14412334951E-09
  4.99853385350E-08
  9.23742717873E-08
  1.31952035076E-07
  1.68385071220E-07
  2.01367313934E-07
  2.30622262620E-07
  2.55904495816E-07
  2.77001248605E-07
  2.93733535273E-07
  3.05957286173E-07
  3.13563703003E-07
  3.16479884077E-07
  3.14668966439E-07
  3.08129983750E-07
  2.96897439966E-07
  2.81040854588E-07
  2.60663682639E-07
  2.35902419377E-07
  2.06925193424E-07
  1.73930260416E-07
  1.37144326118E-07
  9.68205711160E-08
  5.32367501194E-08
  6.69279209831E-09
 -4.24913686459E-08
 -9.39782935916E-08
 -1.47415647689E-07
 -2.02438599217E-07
 -2.58672685050E-07
 -3.15736429002E-07
 -3.73243864260E-07
 -4.30807716612E-07
 -4.88041393965E-07
 -5.44562112736E-07
 -5.99993541073E-07
 -6.53967617836E-07
 -7.06127764261E-07
 -7.56130702939E-07
 -8.03648561032E-07
 -8.48371144002E-07
 -8.90007754606E-07
 -9.28288613977E-07
 -9.62966851148E-07
 -9.93819526229E-07
 -1.02064882412E-06
 -1.04328307771E-06
 -1.06157756363E-06
 -1.07541518446E-06
 -1.08470646865E-06
 -1.08939059373E-06
 -1.08943413579E-06
 -1.08483186523E-06
 -1.07560583729E-06
 -1.06180505099E-06
 -1.04350453967E-06
 -1.02080468878E-06
 -9.93829871732E-07
 -9.62727199294E-07
 -9.27665610106E-07
 -8.88833653789E-07
 -8.46438467761E-07
 -8.00704128778E-07
 -7.51869492888E-07
 -7.00186546965E-07
 -6.45918532882E-07
 -5.89338185364E-07
 -5.30725515091E-07
 -4.70366018135E-07
 -4.08548828545E-07
 -3.45564700410E-07
 -2.81704132021E-07
 -2.17255859525E-07
 -1.52504654238E-07
 -8.77300934121E-08
 -2.32048229520E-08
  4.08069631419E-08
  1.04050670302E-07
  1.66282688951E-07
  2.27271371500E-07
  2.86798069737E-07
  3.44657905771E-07
  4.00660610467E-07
  4.54630736613E-07
  5.06408355250E-07
  5.55849226203E-07
  6.02824968610E-07
  6.47223032502E-07
  6.88946329319E-07
  7.27913345600E-07
  7.64057631386E-07
  7.97327345481E-07
  8.27684289106E-07
  8.55104246966E-07
  8.79574770352E-07
  9.01095802419E-07
  9.19678370792E-07
  9.35342995945E-07
  9.48119748045E-07
  9.58047053246E-07
  9.65170215750E-07
  9.69541247287E-07
  9.71217900769E-07
  9.70262021838E-07
  9.66739662545E-07
  9.60720171861E-07
  9.52274774590E-07
  9.41476969274E-07
  9.28401220790E-07
  9.13122960355E-07
  8.95718017091E-07
  8.76262447491E-07
  8.54832023833E-07
  8.31502745768E-07
  8.06350328730E-07
  7.79450488153E-07
  7.50879053157E-07
  7.20712364455E-07
  6.89027615408E-07
  6.55902795188E-07
  6.21417598268E-07
  5.85653992857E-07
  5.48696164060E-07
  5.10631764428E-07
  4.71551885539E-07
  4.31551910651E-07
  3.90732054711E-07
  3.49197676996E-07
  3.07059963234E-07
  2.64436067710E-07
  2.21449781179E-07
  1.78231474024E-07
  1.34918380468E-07
  9.16546909480E-08
  4.85914561921E-08
  5.88642734556E-09
 -3.62963170630E-08
 -7.77866446811E-08
 -1.18409083427E-07
 -1.57983450322E-07
 -1.96325686375E-07
 -2.33248897530E-07
 -2.68564235739E-07
 -3.02082469261E-07
 -3.33614991632E-07
 -3.62975384860E-07
 -3.89981039461E-07
 -4.14454575548E-07
 -4.36225860767E-07
 -4.55133232435E-07
 -4.71025742854E-07
 -4.83764722503E-07
 -4.93225513765E-07
 -4.99299403600E-07
 -5.01895101479E-07
 -5.00940643633E-07
 -4.96384529924E-07
 -4.88197599680E-07
 -4.76374196978E-07
 -4.60933080149E-07
 -4.41918757588E-07
 -4.19401970930E-07
 -3.93480632965E-07
 -3.64279884479E-07
 -3.31952378474E-07
 -2.96678166478E-07
 -2.58664272224E-07
 -2.18144165842E-07
 -1.75376783318E-07
 -1.30645631202E-07
 -8.42568823600E-08
 -3.65382746281E-08
  1.21632073302E-08
  6.14833055579E-08
  1.11042965045E-07
  1.60450852604E-07
  2.09306236343E-07
  2.57201890008E-07
  3.03727375695E-07
  3.48472042333E-07
  3.91028521562E-07
  4.30996294654E-07
  4.67984875741E-07
  5.01617478221E-07
  5.31534453785E-07
  5.57396617751E-07
  5.78888545988E-07
  5.95721928676E-07
  6.07638355632E-07
  6.14412499544E-07
  6.15854389707E-07
  6.11811969975E-07
  6.02173258812E-07
  5.86867997754E-07
  5.65869356706E-07
  5.39194786597E-07
  5.06907099407E-07
  4.69114667112E-07
  4.25971649065E-07
  3.77677253027E-07
  3.24475422531E-07
  2.66653387371E-07
  2.04539972515E-07
  1.38504063329E-07
  6.89518913077E-08
 -3.67548236291E-09
 -7.89052307937E-08
 -1.56236168891E-07
 -2.35142266547E-07
 -3.15076732704E-07
 -3.95476092763E-07
 -4.75764608154E-07
 -5.55358496968E-07
 -6.33670993011E-07
 -7.10116978553E-07
 -7.84117446528E-07
 -8.55104644870E-07
 -9.22526851355E-07
 -9.85852238955E-07
 -1.04457467387E-06
 -1.09821712613E-06
 -1.14633576231E-06
 -1.18852472042E-06
 -1.22441883832E-06
 -1.25369751913E-06
 -1.27608689127E-06
 -1.29136333271E-06
 -1.29935517634E-06
 -1.29994430154E-06
 -1.29306727104E-06
 -1.27871714994E-06
 -1.25694225517E-06
 -1.22784729228E-06
 -1.19159233236E-06
 -1.14839156140E-06
 -1.09851202978E-06
 -1.04227149222E-06
 -9.80035338216E-07
 -9.12215512017E-07
 -8.39264885144E-07
 -7.61675494232E-07
 -6.79973652495E-07
 -5.94716311753E-07
 -5.06485719143E-07
 -4.15885352822E-07
 -3.23535061852E-07
 -2.30065381857E-07
 -1.36113030180E-07
 -4.23154880025E-08
  5.06942008371E-08
  1.42292520877E-07
  2.31870387779E-07
  3.18838260682E-07
  4.02630575991E-07
  4.82710447613E-07
  5.58573731269E-07
  6.29752719306E-07
  6.95820460805E-07
  7.56392807943E-07
  8.11132167655E-07
  8.59749547999E-07
  9.02006206616E-07
  9.37715697091E-07
  9.66744437392E-07
  9.89012391983E-07
  1.00449335605E-06
  1.01321404600E-06
  1.01525392893E-06
  1.01074340364E-06
  9.99862209028E-07
  9.82837150332E-07
  9.59940052780E-07
  9.31484180455E-07
  8.97821394119E-07
  8.59338456394E-07
  8.16453336938E-07
  7.69611062879E-07
  7.19279341865E-07
  6.65944412503E-07
  6.10106781096E-07
  5.52276048893E-07
  4.92966819365E-07
  4.32693951780E-07
  3.71968269519E-07
  3.11292041033E-07
  2.51154745001E-07
  1.92029048662E-07
  1.34367141413E-07
  7.85969760386E-08
  2.51190002132E-08
 -2.56967229717E-08
 -7.35132061891E-08
 -1.18028886220E-07
 -1.58979474918E-07
 -1.96139509967E-07
 -2.29323532608E-07
 -2.58386904761E-07
 -2.83226057718E-07
 -3.03778506350E-07
 -3.20022508049E-07
 -3.31976195866E-07
 -3.39696470064E-07
 -3.43277434922E-07
 -3.42848721857E-07
 -3.38573357794E-07
 -3.30645207214E-07
 -3.19286499462E-07
 -3.04745015001E-07
 -2.87291072709E-07
 -2.67214034011E-07
 -2.44819574391E-07
 -2.20425818043E-07
 -1.94360183059E-07
 -1.66955871350E-07
 -1.38548443829E-07
 -1.09472587440E-07
 -8.00586761329E-08
 -5.06297759273E-08
 -2.14985593772E-08
  7.03548641567E-09
  3.46886785962E-08
  6.11956068042E-08
  8.63111964122E-08
  1.09812738458E-07
  1.31501465717E-07
  1.51203948917E-07
  1.68773141240E-07
  1.84089259392E-07
  1.97060145979E-07
  2.07621638992E-07
  2.15737316012E-07
  2.21398323674E-07
  2.24622567657E-07
  2.25453987923E-07
  2.23961421852E-07
  2.20237069470E-07
  2.14395257103E-07
  2.06570419437E-07
  1.96915394213E-07
  1.85599247970E-07
  1.72805272314E-07
  1.58728596489E-07
  1.43574027334E-07
  1.27553519746E-07
  1.10883959792E-07
  9.37848483318E-08
  7.64757501770E-08
  5.91742654876E-08
  4.20937382728E-08
  2.54411016698E-08
  9.41496303142E-09
 -5.79619729990E-09
 -2.00158680741E-08
 -3.30809548643E-08
 -4.48432189160E-08
 -5.51704673057E-08
 -6.39473825004E-08
 -7.10767409373E-08
 -7.64795728969E-08
 -8.00960222591E-08
 -8.18851972895E-08
 -8.18255045942E-08
 -7.99143791141E-08
 -7.61680070127E-08
 -7.06208069801E-08
 -6.33247552173E-08
 -5.43487068683E-08
 -4.37773266526E-08
 -3.17101260805E-08
 -1.82602057919E-08
 -3.55308871214E-09
  1.22747136899E-08
  2.90770518774E-08
  4.66996290527E-08
  6.49814708709E-08
  8.37564755329E-08
  1.02854912143E-07
  1.22104935940E-07
  1.41333998727E-07
  1.60370490221E-07
  1.79044974402E-07
  1.97191582174E-07
  2.14649304553E-07
  2.31263271644E-07
  2.46885747401E-07
  2.61377152810E-07
  2.74607174333E-07
  2.86455531295E-07
  2.96812544320E-07
  3.05580073245E-07
  3.12671744496E-07
  3.18013746892E-07
  3.21544689541E-07
  3.23216340803E-07
  3.22993116697E-07
  3.20852990399E-07
  3.16786639587E-07
  3.10797673819E-07
  3.02902407157E-07
  2.93129545526E-07
  2.81519760392E-07
  2.68125376124E-07
  2.53009915241E-07
  2.36247316820E-07
  2.17921680701E-07
  1.98126585360E-07
  1.76964235266E-07
  1.54545020337E-07
  1.30986776981E-07
  1.06414006495E-07
  8.09571147897E-08
  5.47517977623E-08
  2.79382348367E-08
  6.60235310868E-10
 -2.69353375160E-08
 -5.46994733952E-08
 -8.24817547596E-08
 -1.10131033182E-07
 -1.37496243724E-07
 -1.64427135019E-07
 -1.90775025999E-07
 -2.16393502228E-07
 -2.41139105128E-07
 -2.64872085154E-07
 -2.87457311288E-07
 -3.08764299461E-07
 -3.28668761540E-07
 -3.47052548477E-07
 -3.63804758763E-07
 -3.78822079483E-07
 -3.92009269490E-07
 -4.03280353112E-07
 -4.12558421203E-07
 -4.19776597482E-07
 -4.24878379590E-07
 -4.27818036997E-07
 -4.28561264698E-07
 -4.27085154797E-07
 -4.23378963887E-07
 -4.17443970946E-07
 -4.09293960502E-07
 -3.98955222636E-07
 -3.86466723512E-07
 -3.71880076955E-07
 -3.55259487606E-07
 -3.36681608815E-07
 -3.16235457376E-07
 -2.94021958780E-07
 -2.70153606152E-07
 -2.44754289724E-07
 -2.17958216808E-07
 -1.89909812320E-07
 -1.60762766654E-07
 -1.30679367771E-07
 -9.98294211740E-08
 -6.83896672626E-08
 -3.65424952520E-08
 -4.47493775368E-09
  2.76223453000E-08
  5.95564166872E-08
  9.11331810016E-08
  1.22158638760E-07
  1.52440293277E-07
  1.81788379905E-07
  2.10017262248E-07
  2.36946632981E-07
  2.62402949147E-07
  2.86220739554E-07
  3.08243699010E-07
  3.28326166255E-07
  3.46334076085E-07
  3.62146039379E-07
  3.75654536811E-07
  3.86766657812E-07
  3.95405180598E-07
