 -1.35203180207E-07
 -1.38204825362E-07
 -1.41080136018E-07
 -1.43832679100E-07
 -1.46466049955E-07
 -1.48983858139E-07
 -1.51389542680E-07
 -1.53686542603E-07
 -1.55878012720E-07
 -1.57967022574E-07
 -1.59956258017E-07
 -1.61848220159E-07
 -1.63645026419E-07
 -1.65348509995E-07
 -1.66960049341E-07
 -1.68480724483E-07
 -1.69911103853E-07
 -1.71251400616E-07
 -1.72501358975E-07
 -1.73660325231E-07
 -1.74727134095E-07
 -1.75700279215E-07
 -1.76577799493E-07
 -1.77357293296E-07
 -1.78036032139E-07
 -1.78610889634E-07
 -1.79078440965E-07
 -1.79434849201E-07
 -1.79676177936E-07
 -1.79798078648E-07
 -1.79796103339E-07
 -1.79665647693E-07
 -1.79401979494E-07
 -1.79000267053E-07
 -1.78455763944E-07
 -1.77763581632E-07
 -1.76919073169E-07
 -1.75917577394E-07
 -1.74754745785E-07
 -1.73426300876E-07
 -1.71928306258E-07
 -1.70257081322E-07
 -1.68409314938E-07
 -1.66382065458E-07
 -1.64172789141E-07
 -1.61779382779E-07
 -1.59200226335E-07
 -1.56434225573E-07
 -1.53480755216E-07
 -1.50339729998E-07
 -1.47011618878E-07
 -1.43497487670E-07
 -1.39798856935E-07
 -1.35917915145E-07
 -1.31857362362E-07
 -1.27620410240E-07
 -1.23210867287E-07
 -1.18633018076E-07
 -1.13891665876E-07
 -1.08992090020E-07
 -1.03940017482E-07
 -9.87415802456E-08
 -9.34033295152E-08
 -8.79321646607E-08
 -8.23352976909E-08
 -7.66202248315E-08
 -7.07947052092E-08
 -6.48667040082E-08
 -5.88443427318E-08
 -5.27358956504E-08
 -4.65497222990E-08
 -4.02942248456E-08
 -3.39778587488E-08
 -2.76090226237E-08
 -2.11961097563E-08
 -1.47474095158E-08
 -8.27110469004E-09
 -1.77525338874E-09
  4.73224037734E-09
  1.12436575606E-08
  1.77514714039E-08
  2.42483597646E-08
  3.07272252087E-08
  3.71811985644E-08
  4.36036309281E-08
  4.99881380733E-08
  5.63285418309E-08
  6.26189020636E-08
  6.88535095605E-08
  7.50268540628E-08
  8.11336420270E-08
  8.71687575454E-08
  9.31272836624E-08
  9.90044242144E-08
  1.04795546463E-07
  1.10496110040E-07
  1.16101716685E-07
  1.21608010772E-07
  1.27010736151E-07
  1.32305601142E-07
  1.37488413543E-07
  1.42554938520E-07
  1.47500941239E-07
  1.52322144231E-07
  1.57014241609E-07
  1.61572828006E-07
  1.65993483847E-07
  1.70271633237E-07
  1.74402728703E-07
  1.78382009608E-07
  1.82204743737E-07
  1.85866014135E-07
  1.89360861214E-07
  1.92684296962E-07
  1.95831162841E-07
  1.98796314521E-07
  2.01574621883E-07
  2.04160826911E-07
  2.06549728432E-07
  2.08736096852E-07
  2.10714887316E-07
  2.12480927075E-07
  2.14029270751E-07
  2.15355115074E-07
  2.16453713620E-07
  2.17320632601E-07
  2.17951523496E-07
  2.18342421476E-07
  2.18489574877E-07
  2.18389544671E-07
  2.18039289734E-07
  2.17436124217E-07
  2.16577774381E-07
  2.15462407027E-07
  2.14088672124E-07
  2.12455745441E-07
  2.10563271708E-07
  2.08411506719E-07
  2.06001217862E-07
  2.03333797799E-07
  2.00411278684E-07
  1.97236275312E-07
  1.93812056182E-07
  1.90142529277E-07
  1.86232242072E-07
  1.82086481004E-07
  1.77711115157E-07
  1.73112667312E-07
  1.68298385006E-07
  1.63276084209E-07
  1.58054348276E-07
  1.52642186890E-07
  1.47049405541E-07
  1.41286292887E-07
  1.35363762865E-07
  1.29293241002E-07
  1.23086664416E-07
  1.16756488922E-07
  1.10315589552E-07
  1.03777281879E-07
  9.71552367446E-08
  9.04635086840E-08
  8.37164009226E-08
  7.69285080082E-08
  7.01146234405E-08
  6.32896970387E-08
  5.64688029669E-08
  4.96670580219E-08
  4.28996180801E-08
  3.61815857275E-08
  2.95279622975E-08
  2.29536247787E-08
  1.64732387731E-08
  1.01012176401E-08
  3.85167853167E-09
 -2.26162577555E-09
 -8.22534573786E-09
 -1.40265896675E-08
 -1.96529779117E-08
 -2.50926817102E-08
 -3.03344727115E-08
 -3.53677691578E-08
 -4.01826660834E-08
 -4.47699903816E-08
 -4.91213256737E-08
 -5.32290442834E-08
 -5.70863356586E-08
 -6.06872418984E-08
 -6.40266648588E-08
 -6.71003945740E-08
 -6.99051270203E-08
 -7.24384534578E-08
 -7.46988817468E-08
 -7.66858434531E-08
 -7.83996796372E-08
 -7.98416337489E-08
 -8.10138374163E-08
 -8.19193175516E-08
 -8.25619181910E-08
 -8.29463573382E-08
 -8.30781345940E-08
 -8.29635382615E-08
 -8.26095529760E-08
 -8.20239094423E-08
 -8.12149565377E-08
 -8.01916755222E-08
 -7.89636089848E-08
 -7.75407755782E-08
 -7.59337126510E-08
 -7.41533412452E-08
 -7.22109305684E-08
 -7.01180482565E-08
 -6.78865390569E-08
 -6.55284182471E-08
 -6.30558503190E-08
 -6.04810637128E-08
 -5.78163508180E-08
 -5.50739756022E-08
 -5.22661380842E-08
 -4.94049281485E-08
 -4.65022829133E-08
 -4.35699440970E-08
 -4.06194224922E-08
 -3.76619659903E-08
 -3.47085098440E-08
 -3.17696695618E-08
 -2.88557231443E-08
 -2.59765648991E-08
 -2.31416930063E-08
 -2.03602024129E-08
 -1.76407901620E-08
 -1.49917127601E-08
 -1.24208119345E-08
 -9.93549598149E-09
 -7.54275131243E-09
 -5.24913534861E-09
 -3.06080072399E-09
 -9.83494619078E-10
  9.77446790174E-10
  2.81706080685E-09
  4.53075310602E-09
  6.11430106545E-09
  7.56382068090E-09
  8.87575790642E-09
  1.00468744435E-08
  1.10742428561E-08
  1.19552208133E-08
  1.26874502016E-08
  1.32688384724E-08
  1.36975559784E-08
  1.39720288672E-08
  1.40909302004E-08
  1.40531764004E-08
  1.38579245856E-08
  1.35045796767E-08
  1.29927917314E-08
  1.23224586090E-08
  1.14937357409E-08
  1.05070414591E-08
  9.36307031907E-09
  8.06279931709E-09
  6.60750565373E-09
  4.99877428339E-09
  3.23851390149E-09
  1.32897959304E-09
 -7.27226556752E-10
 -2.92713342454E-09
 -5.26737853335E-09
 -7.74420794158E-09
 -1.03534567586E-08
 -1.30905366547E-08
 -1.59504320862E-08
 -1.89276789797E-08
 -2.20163727249E-08
 -2.52101717280E-08
 -2.85022583313E-08
 -3.18853885517E-08
 -3.53518636587E-08
 -3.88935568196E-08
 -4.25019095474E-08
 -4.61679547925E-08
 -4.98823418127E-08
 -5.36353290670E-08
 -5.74168375067E-08
 -6.12164683389E-08
 -6.50235278954E-08
 -6.88270489491E-08
 -7.26158546627E-08
 -7.63785905633E-08
 -8.01037174369E-08
 -8.37796321207E-08
 -8.73946248703E-08
 -9.09369930469E-08
 -9.43950553278E-08
 -9.77572014449E-08
 -1.01011913500E-07
 -1.04147851232E-07
 -1.07153908857E-07
 -1.10019179544E-07
 -1.12733083313E-07
 -1.15285352820E-07
 -1.17666139943E-07
 -1.19865958936E-07
 -1.21875842751E-07
 -1.23687243558E-07
 -1.25292146436E-07
 -1.26683104895E-07
 -1.27853269305E-07
 -1.28796358467E-07
 -1.29506673829E-07
 -1.29979213170E-07
 -1.30209585336E-07
 -1.30194109715E-07
 -1.29929745185E-07
 -1.29414118533E-07
 -1.28645567088E-07
 -1.27623096091E-07
 -1.26346435536E-07
 -1.24815912272E-07
 -1.23032606325E-07
 -1.20998237207E-07
 -1.18715185238E-07
 -1.16186456012E-07
 -1.13415723035E-07
 -1.10407249565E-07
 -1.07165924135E-07
 -1.03697196607E-07
 -1.00007127912E-07
 -9.61023118862E-08
 -9.19898752727E-08
 -8.76774493008E-08
 -8.31731838957E-08
 -7.84856837299E-08
 -7.36240366450E-08
 -6.85977141757E-08
 -6.34166426039E-08
 -5.80911034831E-08
 -5.26317656124E-08
 -4.70496246407E-08
 -4.13560030665E-08
 -3.55624969473E-08
 -2.96809847811E-08
 -2.37235742162E-08
 -1.77025825110E-08
 -1.16305098885E-08
 -5.52001599985E-09
  6.16130035880E-10
  6.76505873543E-09
  1.29138477689E-08
  1.90495512697E-08
  2.51592293665E-08
  3.12299945904E-08
  3.72490411849E-08
  4.32036806330E-08
  4.90813896192E-08
  5.48698331215E-08
  6.05569283607E-08
  6.61308448002E-08
  7.15800823059E-08
  7.68935066731E-08
  8.20603602847E-08
  8.70703047440E-08
  9.19135061395E-08
  9.65805924125E-08
  1.01062788360E-07
  1.05351816160E-07
  1.09440073004E-07
  1.13320538730E-07
  1.16986875298E-07
  1.20433412576E-07
  1.23655169659E-07
  1.26647918819E-07
  1.29408121552E-07
  1.31933035163E-07
  1.34220599080E-07
  1.36269562745E-07
  1.38079371936E-07
  1.39650254027E-07
  1.40983132724E-07
  1.42079770171E-07
  1.42942440107E-07
  1.43574297340E-07
  1.43978994060E-07
  1.44160978266E-07
  1.44125166912E-07
  1.43877159076E-07
  1.43423008581E-07
  1.42769380318E-07
  1.41923237607E-07
  1.40892169043E-07
  1.39684004807E-07
  1.38306958775E-07
  1.36769571668E-07
  1.35080583163E-07
  1.33248988732E-07
  1.31283925953E-07
  1.29194717147E-07
  1.26990684635E-07
  1.24681278635E-07
  1.22275892522E-07
  1.19783962305E-07
  1.17214803197E-07
  1.14577666466E-07
  1.11881682585E-07
  1.09135825710E-07
  1.06348892359E-07
  1.03529465889E-07
  1.00685959126E-07
  9.78264864671E-08
  9.49589491483E-08
  9.20909570823E-08
  8.92298359645E-08
  8.63826272735E-08
  8.35560740597E-08
  8.07565996297E-08
  7.79902933346E-08
  7.52629532030E-08
  7.25800148871E-08
  6.99465942944E-08
  6.73674662721E-08
  6.48470575015E-08
  6.23894464979E-08
  5.99983636107E-08
  5.76771803651E-08
  5.54288845933E-08
  5.32561337252E-08
  5.11611801812E-08
  4.91459175578E-08
  4.72118486528E-08
  4.53600748074E-08
  4.35913136698E-08
  4.19058743262E-08
  4.03036573005E-08
  3.87841438965E-08
  3.73464068559E-08
  3.59890854895E-08
  3.47103963350E-08
  3.35081296043E-08
  3.23796420787E-08
  3.13218784243E-08
  3.03313534289E-08
  2.94041804239E-08
  2.85360570729E-08
  2.77222955702E-08
  2.69578350753E-08
  2.62372594761E-08
  2.55548133765E-08
  2.49044393996E-08
  2.42797906225E-08
  2.36742803139E-08
  2.30811085800E-08
  2.24932907855E-08
  2.19037286087E-08
  2.13051993825E-08
  2.06904733346E-08
  2.00523064819E-08
  1.93835010265E-08
  1.86769728572E-08
  1.79257924060E-08
  1.71232397150E-08
  1.62628417399E-08
  1.53384416279E-08
  1.43442386857E-08
  1.32748434467E-08
  1.21253069807E-08
  1.08911670793E-08
  9.56850776390E-09
  8.15396195009E-09
  6.64474786305E-09
  5.03871255830E-09
  3.33434591049E-09
  1.53076862297E-09
 -3.72244318703E-10
 -2.37423924965E-09
 -4.47412773497E-09
 -6.67017063805E-09
 -8.96000340589E-09
 -1.13406697366E-08
 -1.38086271306E-08
 -1.63597952962E-08
 -1.89896098846E-08
 -2.16930349239E-08
 -2.44646436443E-08
 -2.72986397931E-08
 -3.01889429011E-08
 -3.31292326905E-08
 -3.61130041426E-08
 -3.91336456573E-08
 -4.21844745802E-08
 -4.52588224675E-08
 -4.83500777193E-08
 -5.14517708439E-08
 -5.45575851163E-08
 -5.76614453962E-08
 -6.07575572076E-08
 -6.38404387132E-08
 -6.69049740054E-08
 -6.99464237641E-08
 -7.29604821004E-08
 -7.59432552400E-08
 -7.88913254723E-08
 -8.18017085180E-08
 -8.46718819503E-08
 -8.74997425626E-08
 -9.02836845285E-08
 -9.30224288709E-08
 -9.57151229386E-08
 -9.83612551408E-08
 -1.00960619420E-07
 -1.03513272620E-07
 -1.06019513169E-07
 -1.08479753180E-07
 -1.10894582406E-07
 -1.13264597701E-07
 -1.15590438554E-07
 -1.17872637873E-07
 -1.20111678825E-07
 -1.22307810102E-07
 -1.24461138284E-07
 -1.26571435999E-07
 -1.28638205865E-07
 -1.30660566811E-07
 -1.32637268280E-07
 -1.34566590759E-07
 -1.36446473675E-07
 -1.38274259598E-07
 -1.40046935826E-07
 -1.41760921224E-07
 -1.43412222542E-07
 -1.44996349150E-07
 -1.46508369880E-07
 -1.47942913031E-07
 -1.49294237417E-07
 -1.50556203948E-07
 -1.51722403530E-07
 -1.52786100216E-07
 -1.53740359110E-07
 -1.54578046363E-07
 -1.55291957071E-07
 -1.55874730012E-07
 -1.56319131861E-07
 -1.56617886660E-07
 -1.56763803716E-07
 -1.56749948133E-07
 -1.56569512910E-07
 -1.56216032110E-07
 -1.55683252956E-07
 -1.54965405841E-07
 -1.54056962742E-07
 -1.52952907229E-07
 -1.51648634983E-07
 -1.50140039068E-07
 -1.48423438873E-07
 -1.46495665376E-07
 -1.44354004306E-07
 -1.41996281400E-07
 -1.39420706091E-07
 -1.36626070457E-07
 -1.33611450792E-07
 -1.30376463403E-07
 -1.26921051447E-07
 -1.23245570194E-07
 -1.19350687555E-07
 -1.15237376974E-07
 -1.10906903217E-07
 -1.06360793950E-07
 -1.01600782898E-07
 -9.66288737914E-08
 -9.14472337854E-08
 -8.60582005657E-08
 -8.04643462970E-08
 -7.46683923580E-08
 -6.86732803956E-08
 -6.24821296924E-08
 -5.60983224318E-08
 -4.95254965927E-08
 -4.27675956871E-08
 -3.58289042879E-08
 -2.87141066480E-08
 -2.14283577549E-08
 -1.39773037588E-08
 -6.36724495351E-09
  1.39495093254E-09
  9.30162524782E-09
  1.73443339690E-08
  2.55136871630E-08
  3.37994379151E-08
  4.21901980019E-08
  5.06736270722E-08
  5.92361359963E-08
  6.78629632489E-08
  7.65381216183E-08
  8.52443733379E-08
  9.39631945585E-08
  1.02674754032E-07
  1.11358026800E-07
  1.19990687608E-07
  1.28549302758E-07
  1.37009294576E-07
  1.45345026681E-07
  1.53530066882E-07
  1.61537087706E-07
  1.69338150613E-07
  1.76904862315E-07
  1.84208488463E-07
  1.91220237866E-07
  1.97911447231E-07
  2.04253723268E-07
  2.10219283758E-07
  2.15781184920E-07
  2.20913562998E-07
  2.25591833214E-07
  2.29793087669E-07
  2.33496180613E-07
  2.36682097920E-07
  2.39334184471E-07
  2.41438328885E-07
  2.42983276166E-07
  2.43960755597E-07
  2.44365622848E-07
  2.44196144195E-07
  2.43454024940E-07
  2.42144608364E-07
  2.40276818886E-07
  2.37863289954E-07
  2.34920406683E-07
  2.31468106904E-07
  2.27530094321E-07
  2.23133440613E-07
  2.18308628064E-07
  2.13089293766E-07
  2.07512044881E-07
  2.01616174422E-07
  1.95443419670E-07
  1.89037464793E-07
  1.82443983476E-07
  1.75709715222E-07
  1.68882579032E-07
  1.62010977078E-07
  1.55143396796E-07
  1.48327913507E-07
  1.41611849358E-07
  1.35041332783E-07
  1.28660573750E-07
  1.22511764289E-07
  1.16634403469E-07
  1.11064977659E-07
  1.05836512887E-07
  1.00978212458E-07
  9.65152011645E-08
  9.24679994796E-08
  8.88525093501E-08
  8.56796873450E-08
  8.29553030712E-08
  8.06798752251E-08
  7.88486858028E-08
  7.74515314106E-08
  7.64730003766E-08
  7.58924301181E-08
  7.56840705662E-08
  7.58173115400E-08
  7.62568959090E-08
  7.69633103914E-08
  7.78929845069E-08
  7.89989371697E-08
  8.02309543246E-08
  8.15362852791E-08
  8.28600619229E-08
  8.41458529521E-08
  8.53363104625E-08
  8.63736744350E-08
  8.72004477515E-08
  8.77599433124E-08
  8.79970016854E-08
  8.78584742736E-08
  8.72939267538E-08
  8.62561293502E-08
  8.47016892180E-08
  8.25914696634E-08
  7.98911727884E-08
  7.65717231843E-08
  7.26096587300E-08
  6.79874503362E-08
  6.26938927439E-08
  5.67241897897E-08
  5.00801213832E-08
  4.27703135131E-08
  3.48100499536E-08
  2.62213220026E-08
  1.70328480209E-08
  7.27958981983E-09
 -2.99711722107E-09
 -1.37501432462E-08
 -2.49267468888E-08
 -3.64690677657E-08
 -4.83147033492E-08
 -6.03969638746E-08
 -7.26456761413E-08
 -8.49875974041E-08
 -9.73472467081E-08
 -1.09647437796E-07
 -1.21809804909E-07
 -1.33755918341E-07
 -1.45407483387E-07
 -1.56687306685E-07
 -1.67520013861E-07
 -1.77832461645E-07
 -1.87554746844E-07
 -1.96620391080E-07
 -2.04967278705E-07
 -2.12538054711E-07
 -2.19280508418E-07
 -2.25148241384E-07
 -2.30100852150E-07
 -2.34104419405E-07
 -2.37131629888E-07
 -2.39162091020E-07
 -2.40182373545E-07
 -2.40186238898E-07
 -2.39174482886E-07
 -2.37154964111E-07
 -2.34142461863E-07
 -2.30158519798E-07
 -2.25231190143E-07
 -2.19394763690E-07
 -2.12689343471E-07
 -2.05160546329E-07
 -1.96859019752E-07
 -1.87840001331E-07
 -1.78162750331E-07
 -1.67890107150E-07
 -1.57087811203E-07
 -1.45824117226E-07
 -1.34169042099E-07
 -1.22193938523E-07
 -1.09970848428E-07
 -9.75719132157E-08
 -8.50688905984E-08
 -7.25326714246E-08
 -6.00326757194E-08
 -4.76364725444E-08
 -3.54093252497E-08
 -2.34137988997E-08
 -1.17094511864E-08
 -3.52441825724E-10
  1.06046114112E-08
  2.11129869143E-08
  3.11277936760E-08
  4.06083238147E-08
  4.95180643156E-08
  5.78245042959E-08
  6.54994494198E-08
  7.25187021544E-08
  7.88620440062E-08
  8.45130543325E-08
  8.94590854728E-08
  9.36908577387E-08
  9.72023030954E-08
  9.99903733145E-08
  1.02054769968E-07
  1.03397731266E-07
  1.04023371250E-07
  1.03938148754E-07
  1.03149744746E-07
  1.01667609442E-07
  9.95019249217E-08
  9.66641025002E-08
  9.31661290338E-08
  8.90204887583E-08
  8.42400709189E-08
  7.88379352912E-08
  7.28273690243E-08
  6.62216450564E-08
  5.90342281725E-08
  5.12785085505E-08
  4.29681215053E-08
  3.41167698537E-08
  2.47385401053E-08
  1.48479184503E-08
  4.46001191534E-09
 -6.40926645090E-09
 -1.77430106163E-08
 -2.95230524472E-08
 -4.17297734145E-08
 -5.43417648657E-08
 -6.73356481684E-08
 -8.06857940461E-08
 -9.43640401374E-08
 -1.08339541782E-07
 -1.22578342143E-07
 -1.37043443260E-07
 -1.51694422357E-07
 -1.66487339470E-07
 -1.81374616659E-07
 -1.96304938527E-07
 -2.11223508018E-07
 -2.26071165343E-07
 -2.40785851702E-07
 -2.55301188190E-07
 -2.69547911103E-07
 -2.83453175598E-07
 -2.96941294664E-07
 -3.09934165443E-07
 -3.22350956594E-07
 -3.34109046207E-07
 -3.45124533396E-07
 -3.55312693046E-07
 -3.64588174762E-07
 -3.72865997633E-07
 -3.80061607075E-07
 -3.86092551707E-07
 -3.90878113876E-07
 -3.94340531784E-07
 -3.96405198444E-07
 -3.97002310137E-07
 -3.96066582198E-07
 -3.93538329035E-07
 -3.89364288367E-07
 -3.83498019119E-07
 -3.75900668814E-07
 -3.66541485164E-07
 -3.55398555030E-07
 -3.42458747582E-07
 -3.27718964854E-07
 -3.11185829105E-07
 -2.92876478625E-07
 -2.72818368785E-07
 -2.51049840472E-07
 -2.27620006399E-07
 -2.02588879006E-07
 -1.76027128873E-07
 -1.48016098933E-07
 -1.18647548675E-07
 -8.80232917666E-08
 -5.62547590732E-08
 -2.34625510132E-08
  1.02239576805E-08
  4.46675336718E-08
  7.97236481276E-08
  1.15241284959E-07
  1.51063701992E-07
  1.87029542076E-07
  2.22973440600E-07
  2.58727283153E-07
  2.94121349498E-07
  3.28984896214E-07
  3.63147620419E-07
  3.96440810846E-07
  4.28698115229E-07
  4.59756819282E-07
  4.89459011987E-07
  5.17652551935E-07
  5.44191891549E-07
  5.68939640289E-07
  5.91766820435E-07
  6.12554174495E-07
  6.31192961009E-07
  6.47585693514E-07
  6.61646708977E-07
  6.73302906762E-07
  6.82494203375E-07
  6.89174157742E-07
  6.93310028055E-07
  6.94883226515E-07
  6.93889319336E-07
  6.90338254117E-07
  6.84254132466E-07
  6.75675153161E-07
  6.64653441618E-07
  6.51254367767E-07
  6.35556716588E-07
  6.17651608081E-07
  5.97641871991E-07
  5.75641763589E-07
  5.51775940494E-07
  5.26178496330E-07
  4.98992278608E-07
  4.70367893968E-07
  4.40462542883E-07
  4.09438996485E-07
  3.77464743906E-07
  3.44710429090E-07
  3.11349367621E-07
  2.77555727735E-07
  2.43503791353E-07
  2.09366959325E-07
  1.75316330342E-07
  1.41519791441E-07
  1.08141087196E-07
  7.53384838958E-08
  4.32644675641E-08
  1.20642633661E-08
 -1.81247017395E-08
 -4.71735468466E-08
 -7.49625996832E-08
 -1.01381900208E-07
 -1.26331926253E-07
 -1.49723916820E-07
 -1.71479925370E-07
 -1.91533459315E-07
 -2.09829352116E-07
 -2.26324075925E-07
 -2.40985485789E-07
 -2.53792819649E-07
 -2.64736598865E-07
 -2.73818102414E-07
 -2.81049551631E-07
 -2.86453087028E-07
 -2.90060796715E-07
 -2.91913920591E-07
 -2.92062480867E-07
 -2.90564656780E-07
 -2.87485988792E-07
 -2.82898866999E-07
 -2.76881763739E-07
 -2.69518693585E-07
 -2.60898247006E-07
 -2.51113135619E-07
 -2.40259282691E-07
 -2.28435240501E-07
 -2.15741550846E-07
 -2.02280034500E-07
 -1.88153165936E-07
 -1.73463448050E-07
 -1.58313028464E-07
 -1.42802861092E-07
 -1.27032691921E-07
 -1.11100149525E-07
 -9.51006029482E-08
 -7.91267922295E-08
 -6.32685441815E-08
 -4.76123709348E-08
 -3.22413882259E-08
 -1.72351271033E-08
 -2.66928101844E-09
  1.13843947602E-08
  2.48581013551E-08
  3.76880002761E-08
  4.98145560357E-08
  6.11823267604E-08
  7.17397341532E-08
  8.14398006810E-08
  9.02394106106E-08
  9.80996262001E-08
  1.04985879545E-07
  1.10867574676E-07
  1.15718471250E-07
  1.19516499808E-07
  1.22243946521E-07
  1.23887403447E-07
  1.24437875115E-07
  1.23890998793E-07
  1.22246987644E-07
  1.19510687568E-07
  1.15692181168E-07
  1.10806247733E-07
  1.04872796669E-07
  9.79173648830E-08
  8.99705696611E-08
  8.10687552644E-08
  7.12538508196E-08
  6.05735550607E-08
  4.90813327758E-08
  3.68363366476E-08
  2.39036044292E-08
  1.03537614038E-08
 -3.73703512579E-09
 -1.82872419430E-08
 -3.32102843004E-08
 -4.84147975044E-08
 -6.38051531610E-08
 -7.92818184436E-08
 -9.47419493968E-08
 -1.10080122795E-07
 -1.25188932998E-07
 -1.39959894341E-07
 -1.54284236942E-07
 -1.68053844618E-07
 -1.81162363333E-07
 -1.93506153323E-07
 -2.04985511232E-07
 -2.15505622236E-07
 -2.24978066399E-07
 -2.33321685528E-07
 -2.40463833734E-07
 -2.46341954835E-07
 -2.50904150789E-07
 -2.54110659625E-07
 -2.55934793358E-07
 -2.56364103279E-07
 -2.55400863125E-07
 -2.53063348055E-07
 -2.49386005180E-07
 -2.44420306217E-07
 -2.38234974859E-07
 -2.30916100463E-07
 -2.22567294372E-07
 -2.13309277797E-07
 -2.03279768130E-07
 -1.92632498397E-07
 -1.81536776722E-07
 -1.70176221559E-07
 -1.58747482715E-07
 -1.47458834476E-07
 -1.36528441885E-07
 -1.26182570170E-07
 -1.16653360749E-07
 -1.08176607228E-07
 -1.00989360874E-07
 -9.53272731863E-08
 -9.14219242532E-08
 -8.94981084798E-08
 -8.97708005709E-08
 -9.24423488868E-08
 -9.76994769530E-08
 -1.05710448395E-07
 -1.16622047130E-07
 -1.30556941258E-07
 -1.47610919043E-07
 -1.67850373600E-07
 -1.91310050468E-07
 -2.17990873352E-07
 -2.47858082503E-07
 -2.80839657307E-07
 -3.16825151003E-07
 -3.55664724339E-07
 -3.97168520294E-07
 -4.41106550397E-07
 -4.87209149469E-07
 -5.35167316684E-07
 -5.84634165079E-07
 -6.35225887891E-07
 -6.86524572302E-07
 -7.38080075280E-07
 -7.89412752056E-07
 -8.40017207793E-07
 -8.89365651346E-07
 -9.36911817462E-07
 -9.82095684776E-07
 -1.02434808014E-06
 -1.06309562398E-06
 -1.09776567569E-06
 -1.12779252959E-06
 -1.15262218969E-06
 -1.17171794045E-06
 -1.18456750897E-06
 -1.19068670301E-06
 -1.18962680062E-06
 -1.18097875657E-06
 -1.16437922770E-06
 -1.13951568892E-06
 -1.10613086690E-06
 -1.06402706024E-06
 -1.01307080058E-06
 -9.53195353759E-07
 -8.84404528279E-07
 -8.06774949069E-07
 -7.20457649095E-07
 -6.25679604127E-07
 -5.22744187492E-07
 -4.12030772168E-07
 -2.93994247613E-07
 -1.69163442365E-07
 -3.81386975334E-08
  9.84110144486E-08
  2.39751727804E-07
  3.85088782195E-07
  5.33572119821E-07
  6.84301312504E-07
  8.36332446852E-07
  9.88684519143E-07
  1.14034651233E-06
  1.29028558149E-06
  1.43745410242E-06
  1.58079910761E-06
  1.71927035808E-06
  1.85182864243E-06
  1.97745498554E-06
  2.09515860661E-06
  2.20398806050E-06
  2.30303544413E-06
  2.39144856096E-06
  2.46843683271E-06
  2.53327880273E-06
  2.58532986663E-06
  2.62402772933E-06
  2.64889968093E-06
  2.65956555268E-06
  2.65574408331E-06
  2.63725519289E-06
  2.60402407548E-06
  2.55608119915E-06
  2.49356412496E-06
  2.41671932599E-06
  2.32589832194E-06
  2.22155858864E-06
  2.10425878322E-06
  1.97465669771E-06
  1.83350505267E-06
  1.68164501702E-06
  1.52000097842E-06
  1.34957429054E-06
  1.17143531497E-06
  9.86715008366E-07
  7.96597930730E-07
  6.02312013598E-07
  4.05119379820E-07
  2.06307220196E-07
  7.17772641323E-09
 -1.90961884527E-07
 -3.86809546171E-07
 -5.79077720886E-07
 -7.66503490013E-07
 -9.47858552536E-07
 -1.12195687052E-06
 -1.28766623675E-06
 -1.44391344747E-06
 -1.58969396580E-06
 -1.72407885657E-06
 -1.84622126653E-06
 -1.95536154024E-06
 -2.05083392757E-06
 -2.13206772059E-06
 -2.19859475692E-06
 -2.25004828280E-06
 -2.28616681852E-06
 -2.30679438573E-06
 -2.31188005273E-06
 -2.30147747970E-06
 -2.27574355449E-06
 -2.23493543672E-06
 -2.17940760194E-06
 -2.10960706681E-06
 -2.02607088795E-06
 -1.92941820387E-06
 -1.82034727914E-06
 -1.69962697782E-06
 -1.56809210239E-06
 -1.42663486713E-06
 -1.27619853174E-06
 -1.11777046641E-06
 -9.52373113705E-07
 -7.81058020038E-07
 -6.04897309131E-07
 -4.24976462909E-07
 -2.42387102389E-07
 -5.82195731624E-08
  1.26443481463E-07
  3.10534261416E-07
  4.93005700264E-07
  6.72837643378E-07
  8.49041271067E-07
  1.02066553609E-06
  1.18680111427E-06
  1.34658387196E-06
  1.49919912928E-06
  1.64388472967E-06
  1.77993319994E-06
  1.90669459244E-06
  2.02357773560E-06
  2.13005137084E-06
  2.22564585783E-06
  2.30995283346E-06
  2.38262532548E-06
  2.44337934419E-06
  2.49199069913E-06
  2.52829636338E-06
  2.55219401879E-06
  2.56363955486E-06
  2.56264593190E-06
  2.54928386312E-06
  2.52367885878E-06
  2.48601008934E-06
  2.43650970333E-06
  2.37546055359E-06
  2.30319574257E-06
  2.22009703066E-06
  2.12659324461E-06
  2.02315868592E-06
  1.91031313079E-06
  1.78861898803E-06
  1.65868164004E-06
  1.52114716911E-06
  1.37670110689E-06
  1.22606752484E-06
  1.07000641947E-06
  9.09313882858E-07
  7.44818976273E-07
  5.77381854328E-07
  4.07892343901E-07
  2.37266391423E-07
  6.64445707343E-08
 -1.03612869395E-07
 -2.71926694495E-07
 -4.37505548234E-07
 -5.99347458774E-07
 -7.56446809191E-07
 -9.07796902538E-07
 -1.05239791992E-06
 -1.18926050163E-06
 -1.31741342102E-06
 -1.43590909829E-06
 -1.54383178597E-06
 -1.64030382166E-06
 -1.72449199454E-06
 -1.79561845925E-06
 -1.85296494237E-06
 -1.89588274679E-06
 -1.92379980035E-06
 -1.93622872757E-06
 -1.93277401195E-06
 -1.91313915821E-06
 -1.87713510513E-06
 -1.82468374987E-06
 -1.75582761130E-06
 -1.67073187640E-06
 -1.56969065301E-06
 -1.45312969835E-06
 -1.32161051170E-06
 -1.17583078918E-06
 -1.01662567431E-06
 -8.44966791647E-07
 -6.61961166770E-07
 -4.68847787261E-07
 -2.66993652076E-07
 -5.78876679924E-08
  1.56866050816E-07
  3.75556169274E-07
  5.96374604811E-07
  8.17426496269E-07
  1.03674335605E-06
  1.25229541936E-06
  1.46200670770E-06
  1.66377083133E-06
  1.85546764442E-06
  2.03497870643E-06
  2.20020706365E-06
  2.34909521168E-06
  2.47964271693E-06
  2.58992758972E-06
  2.67812197308E-06
  2.74251533483E-06
  2.78152765532E-06
  2.79373193735E-06
  2.77786898550E-06
  2.73286491392E-06
  2.65784569820E-06
  2.55215081779E-06
  2.41534712586E-06
  2.24723862630E-06
  2.04787625080E-06
  1.81756399797E-06
  1.55686609560E-06
  1.26660813748E-06
  9.47879584601E-07
  6.02031093422E-07
  2.30671801660E-07
 -1.64337947695E-07
 -5.80893583901E-07
 -1.01665864349E-06
 -1.46907666476E-06
 -1.93538744497E-06
 -2.41264410761E-06
 -2.89773288387E-06
 -3.38739437211E-06
 -3.87824684367E-06
 -4.36681148130E-06
 -4.84953761770E-06
 -5.32283047505E-06
 -5.78308072363E-06
 -6.22669131189E-06
 -6.65010838929E-06
 -7.04984950062E-06
 -7.42253496355E-06
 -7.76491560828E-06
 -8.07390188129E-06
 -8.34658931126E-06
 -8.58029216033E-06
 -8.77255752130E-06
 -8.92119624041E-06
 -9.02430292626E-06
 -9.08027323021E-06
 -9.08782567421E-06
 -9.04600710783E-06
 -8.95421635505E-06
 -8.81220057636E-06
 -8.62007163960E-06
 -8.37830248201E-06
 -8.08773074823E-06
 -7.74955333327E-06
 -7.36531956136E-06
 -6.93692618370E-06
 -6.46660100756E-06
 -5.95688561589E-06
 -5.41062399861E-06
 -4.83093390358E-06
 -4.22119137511E-06
 -3.58500005859E-06
 -2.92616346087E-06
 -2.24865902965E-06
 -1.55660450218E-06
 -8.54226243518E-07
 -1.45826490439E-07
  5.64249319268E-07
  1.27165071717E-06
  1.97205235963E-06
  2.66118922809E-06
  3.33489037985E-06
  3.98911333832E-06
  4.61997115053E-06
  5.22376558365E-06
  5.79701463721E-06
  6.33647641735E-06
  6.83917915012E-06
  7.30243255020E-06
  7.72385646997E-06
  8.10139044916E-06
  8.43330872158E-06
  8.71822885529E-06
  8.95512494026E-06
  9.14331667445E-06
  9.28248664422E-06
  9.37266486289E-06
  9.41422695178E-06
  9.40788959269E-06
  9.35469051910E-06
  9.25597669266E-06
  9.11339157028E-06
  8.92884600034E-06
  8.70450821822E-06
  8.44276746648E-06
  8.14621489553E-06
  7.81761718827E-06
  7.45988518247E-06
  7.07604613126E-06
  6.66921459924E-06
  6.24256244919E-06
  5.79928791922E-06
  5.34258742846E-06
  4.87562556373E-06
  4.40151097791E-06
  3.92326683141E-06
  3.44380623574E-06
  2.96590883408E-06
  2.49220215665E-06
  2.02514434022E-06
  1.56699911713E-06
  1.11983160878E-06
  6.85491784225E-07
  2.65607411620E-07
 -1.38422947771E-07
 -5.25427594766E-07
 -8.94473487278E-07
 -1.24484949993E-06
 -1.57607280471E-06
 -1.88787339539E-06
 -2.18018840314E-06
 -2.45314981839E-06
 -2.70706095762E-06
 -2.94239566756E-06
 -3.15976808452E-06
 -3.35991535394E-06
 -3.54368035005E-06
 -3.71198643734E-06
 -3.86581859857E-06
 -4.00619819629E-06
 -4.13416000811E-06
 -4.25073403676E-06
 -4.35692118117E-06
 -4.45367231805E-06
 -4.54186738352E-06
 -4.62230218545E-06
 -4.69566566608E-06
 -4.76252944281E-06
 -4.82333280161E-06
 -4.87837451146E-06
 -4.92780009154E-06
 -4.97160272062E-06
 -5.00961368743E-06
 -5.04150375491E-06
 -5.06678907186E-06
 -5.08483071826E-06
 -5.09484698341E-06
 -5.09591473019E-06
 -5.08699349666E-06
 -5.06693049829E-06
 -5.03448291056E-06
 -4.98833014717E-06
 -4.92710159961E-06
 -4.84939573653E-06
 -4.75379874842E-06
 -4.63891547042E-06
 -4.50339166491E-06
 -4.34593266618E-06
 -4.16533976022E-06
 -3.96052928409E-06
 -3.73055149794E-06
 -3.47462423633E-06
 -3.19214677802E-06
 -2.88272713078E-06
 -2.54619544648E-06
 -2.18262425733E-06
 -1.79234029929E-06
 -1.37594133776E-06
 -9.34302590849E-07
 -4.68580282131E-07
  1.97780298805E-08
  5.29039084540E-07
  1.05718243049E-06
  1.60190847964E-06
  2.16064790948E-06
  2.73057253253E-06
  3.30861212205E-06
  3.89147544411E-06
  4.47566480943E-06
  5.05750904267E-06
  5.63318371860E-06
  6.19874663244E-06
  6.75016235618E-06
  7.28334225641E-06
  7.79417405283E-06
  8.27856001706E-06
  8.73245699040E-06
  9.15190321393E-06
  9.53307335294E-06
  9.87229759630E-06
  1.01661098597E-05
  1.04112787085E-05
  1.06048446469E-05
  1.07441464934E-05
  1.08268632175E-05
  1.08510330392E-05
  1.08150770757E-05
  1.07178339022E-05
  1.05585659185E-05
  1.03369829958E-05
  1.00532552096E-05
  9.70801374933E-06
  9.30236183194E-06
  8.83787470229E-06
  8.31659235700E-06
  7.74101863499E-06
  7.11409757059E-06
  6.43920884613E-06
  5.72014050704E-06
  4.96106804349E-06
  4.16652756030E-06
  3.34138121616E-06
  2.49078721026E-06
  1.62015726346E-06
  7.35121147954E-07
 -1.58516400006E-07
 -1.05482149593E-06
 -1.94777567231E-06
 -2.83132203549E-06
 -3.69941517420E-06
 -4.54606788480E-06
 -5.36539937457E-06
 -6.15168255536E-06
 -6.89939133736E-06
 -7.60324655857E-06
 -8.25825736683E-06
 -8.85976714926E-06
 -9.40348672884E-06
 -9.88553711068E-06
 -1.03024758573E-05
 -1.06513334686E-05
 -1.09296352093E-05
 -1.11354211185E-05
 -1.12672714749E-05
 -1.13243122541E-05
 -1.13062269520E-05
 -1.12132647700E-05
 -1.10462315206E-05
 -1.08064932647E-05
 -1.04959635792E-05
 -1.01170899143E-05
 -9.67283358477E-06
 -9.16664794204E-06
 -8.60245563672E-06
 -7.98460951046E-06
 -7.31786713004E-06
 -6.60734667690E-06
 -5.85849147683E-06
 -5.07702361574E-06
 -4.26889891969E-06
 -3.44026079802E-06
 -2.59739158537E-06
 -1.74665956365E-06
 -8.94473316748E-07
 -4.72266563634E-08
  7.88749673575E-07
  1.60723857334E-06
  2.40218537328E-06
  3.16774571729E-06
  3.89833030567E-06
  4.58864815300E-06
  5.23375001649E-06
  5.82906204727E-06
  6.37042285234E-06
  6.85411532686E-06
  7.27689166524E-06
  7.63600019127E-06
  7.92919854575E-06
  8.15477778815E-06
  8.31156467029E-06
  8.39892891236E-06
  8.41678956931E-06
  8.36561230244E-06
  8.24639209895E-06
  8.06065418146E-06
  7.81043218012E-06
  7.49824585000E-06
  7.12708424544E-06
  6.70037070449E-06
  6.22194056632E-06
  5.69599933442E-06
  5.12708948008E-06
  4.52005315310E-06
  3.87998670703E-06
  3.21220295518E-06
  2.52218205787E-06
  1.81552877621E-06
  1.09792540570E-06
  3.75086386839E-07
 -3.47288136027E-07
 -1.06355776097E-06
 -1.76818684849E-06
 -2.45578644353E-06
 -3.12115821544E-06
 -3.75933041141E-06
 -4.36560048911E-06
 -4.93556444781E-06
 -5.46515320821E-06
 -5.95065739617E-06
 -6.38875872028E-06
 -6.77654588799E-06
 -7.11153597877E-06
 -7.39169036024E-06
 -7.61542423788E-06
 -7.78161393100E-06
 -7.88960005593E-06
 -7.93918752606E-06
 -7.93064100435E-06
 -7.86467626313E-06
 -7.74245017965E-06
 -7.56554118198E-06
 -7.33593833502E-06
 -7.05601269146E-06
 -6.72849500916E-06
 -6.35645028524E-06
 -5.94324956182E-06
 -5.49253127247E-06
 -5.00817714055E-06
 -4.49427125204E-06
 -3.95506640416E-06
 -3.39494727086E-06
 -2.81839129457E-06
 -2.22993480747E-06
 -1.63413119481E-06
 -1.03551781194E-06
 -4.38576762463E-07
  1.52298468947E-07
  7.32837861506E-07
  1.29892669065E-06
  1.84663633718E-06
  2.37225231103E-06
  2.87230113827E-06
  3.34357309839E-06
  3.78314484806E-06
  4.18839545091E-06
  4.55702411273E-06
  4.88706109536E-06
  5.17687794854E-06
  5.42519501323E-06
  5.63108233109E-06
  5.79396237299E-06
  5.91360594626E-06
  5.99012810198E-06
  6.02397949478E-06
  6.01593455940E-06
  5.96707877776E-06
  5.87879458180E-06
  5.75273998038E-06
  5.59083127882E-06
  5.39522125109E-06
  5.16827321917E-06
  4.91254195367E-06
  4.63074002255E-06
  4.32572051068E-06
  4.00044291382E-06
  3.65794835488E-06
  3.30133275384E-06
  2.93371840598E-06
  2.55822806139E-06
  2.17795673052E-06
  1.79594928795E-06
  1.41517330121E-06
  1.03849743027E-06
  6.68669599690E-07
  3.08296137064E-07
 -4.01757063173E-08
 -3.74474865339E-07
 -6.92520757184E-07
 -9.92435616354E-07
 -1.27255509597E-06
 -1.53143673742E-06
 -1.76786488737E-06
 -1.98085604097E-06
 -2.16965963773E-06
 -2.33375612879E-06
 -2.47285743171E-06
 -2.58689965449E-06
 -2.67603809334E-06
 -2.74063791039E-06
 -2.78126435660E-06
 -2.79867163044E-06
 -2.79378878076E-06
 -2.76770583696E-06
 -2.72165880233E-06
 -2.65701328317E-06
 -2.57524652625E-06
 -2.47792991104E-06
 -2.36671235143E-06
 -2.24330028686E-06
 -2.10943994716E-06
 -1.96689984477E-06
 -1.81745213013E-06
 -1.66285565228E-06
 -1.50483981542E-06
 -1.34508695737E-06
 -1.18521995773E-06
 -1.02678598068E-06
 -8.71245163125E-07
 -7.19958393347E-07
 -5.74177761337E-07
 -4.35037350144E-07
 -3.03546045188E-07
 -1.80581878340E-07
 -6.68875301812E-08
  3.69320609650E-08
  1.30411407895E-07
  2.13223813716E-07
  2.85180050241E-07
  3.46224851455E-07
  3.96432966454E-07
  4.36003261939E-07
  4.65251844162E-07
  4.84604186113E-07
  4.94586743116E-07
  4.95816493640E-07
  4.88990906433E-07
  4.74877850820E-07
  4.54302465869E-07
  4.28137013841E-07
  3.97287550413E-07
  3.62682868627E-07
  3.25262703882E-07
  2.85964659952E-07
  2.45714346647E-07
  2.05413741128E-07
  1.65930146068E-07
  1.28087734197E-07
  9.26570180582E-08
  6.03475811545E-08
  3.18008837041E-08
  7.58267137968E-09
 -1.18207319488E-08
 -2.60083083958E-08
 -3.46664386086E-08
 -3.75711195488E-08
 -3.45899273668E-08
 -2.56809435939E-08
 -1.08920215069E-08
  9.64127533365E-09
  3.56989708905E-08
  6.69808528642E-08
  1.03111297278E-07
  1.43645323192E-07
  1.88074764651E-07
  2.35835827311E-07
  2.86316492293E-07
  3.38865277172E-07
  3.92798881421E-07
  4.47412134008E-07
  5.01986164636E-07
  5.55797896595E-07
  6.08128232216E-07
  6.58272199416E-07
  7.05546597146E-07
  7.49298237679E-07
  7.88912586813E-07
  8.23819391371E-07
  8.53501205711E-07
  8.77498678165E-07
  8.95415098512E-07
  9.06922139166E-07
  9.11763038403E-07
  9.09754817258E-07
  9.00790382730E-07
  8.84841540483E-07
  8.61955072651E-07
  8.32256375816E-07
  7.95944856691E-07
  7.53292397349E-07
  7.04639944615E-07
  6.50393758406E-07
  5.91019613694E-07
  5.27038253040E-07
  4.59018906440E-07
  3.87572328009E-07
  3.13344287406E-07
  2.37007711235E-07
  1.59254994969E-07
  8.07901727740E-08
  2.32090080488E-09
 -7.54498898914E-08
 -1.51831358153E-07
 -2.26153190397E-07
 -2.97772970725E-07
 -3.66082531400E-07
 -4.30516593042E-07
 -4.90556828936E-07
 -5.45738998881E-07
 -5.95657752456E-07
 -6.39970551219E-07
 -6.78401761434E-07
 -7.10745609922E-07
 -7.36867093565E-07
 -7.56705446747E-07
 -7.70272606587E-07
 -7.77652871875E-07
 -7.79002675699E-07
 -7.74547743276E-07
 -7.64580306623E-07
 -7.49455466575E-07
 -7.29586417947E-07
 -7.05440186266E-07
 -6.77531033944E-07
 -6.46414775929E-07
 -6.12681787970E-07
 -5.76950071718E-07
 -5.39857239801E-07
 -5.02053410401E-07
 -4.64193050220E-07
 -4.26926874297E-07
 -3.90894115299E-07
 -3.56714622285E-07
 -3.24981044741E-07
 -2.96251840837E-07
 -2.71043802513E-07
 -2.49825916399E-07
 -2.33012869444E-07
 -2.20960231445E-07
 -2.13959012285E-07
 -2.12231725527E-07
 -2.15929432557E-07
 -2.25128843567E-07
 -2.39830427518E-07
 -2.59957943172E-07
 -2.85358765950E-07
 -3.15803163176E-07
 -3.50988273112E-07
 -3.90539071304E-07
 -4.34012662254E-07
 -4.80901235278E-07
 -5.30639681529E-07
 -5.82607754041E-07
 -6.36139645849E-07
 -6.90529020630E-07
 -7.45036800254E-07
 -7.98899520760E-07
 -8.51337404129E-07
 -9.01562373201E-07
 -9.48787658217E-07
 -9.92235868580E-07
 -1.03114825833E-06
 -1.06479308215E-06
 -1.09247400815E-06
 -1.11353915599E-06
 -1.12738814551E-06
 -1.13347948627E-06
 -1.13133819468E-06
 -1.12056125090E-06
 -1.10082351057E-06
 -1.07188293441E-06
 -1.03358354409E-06
 -9.85859969660E-07
 -9.28738415951E-07
 -8.62338822571E-07
 -7.86875148151E-07
 -7.02654688212E-07
 -6.10076199337E-07
 -5.09628421241E-07
 -4.01885671408E-07
 -2.87504150265E-07
 -1.67216683167E-07
 -4.18265919677E-08
  8.77985115721E-08
  2.20735458356E-07
  3.56012662905E-07
  4.92617743930E-07
  6.29509088412E-07
  7.65622985455E-07
  8.99885094441E-07
  1.03121953998E-06
  1.15855903005E-06
  1.28085480355E-06
  1.39708743063E-06
  1.50627568019E-06
  1.60748618327E-06
  1.69984241438E-06
  1.78253390004E-06
  1.85482304005E-06
  1.91605386135E-06
  1.96565702026E-06
  2.00315753318E-06
  2.02817750505E-06
  2.04044204111E-06
  2.03978083846E-06
  2.02613182410E-06
  1.99954092750E-06
  1.96016276277E-06
  1.90825926438E-06
  1.84419866400E-06
  1.76845082933E-06
  1.68158499037E-06
  1.58426416874E-06
  1.47723892496E-06
  1.36134156037E-06
  1.23747827274E-06
  1.10662153929E-06
  9.69800339590E-07
  8.28092709071E-07
  6.82614484049E-07
  5.34509808858E-07
  3.84941444054E-07
  2.35079426147E-07
  8.60913331735E-08
 -6.08685226666E-08
 -2.04668893389E-07
 -3.44212082837E-07
 -4.78443496377E-07
 -6.06360345046E-07
 -7.27020960767E-07
 -8.39552456000E-07
 -9.43157942856E-07
 -1.03712352484E-06
 -1.12082420856E-06
 -1.19372828067E-06
 -1.25540111640E-06
 -1.30550927224E-06
 -1.34382150918E-06
 -1.37021061164E-06
 -1.38465316013E-06
 -1.38722828069E-06
 -1.37811673540E-06
 -1.35759728437E-06
 -1.32604316150E-06
 -1.28391809540E-06
 -1.23176982925E-06
 -1.17022545965E-06
 -1.09998313746E-06
 -1.02180604244E-06
 -9.36512776661E-07
 -8.44971111746E-07
 -7.48087700231E-07
 -6.46799492188E-07
 -5.42064753972E-07
 -4.34853205888E-07
 -3.26138462015E-07
 -2.16886704152E-07
 -1.08049611924E-07
 -5.54723267321E-10
  1.04702515102E-07
  2.06866303643E-07
  3.05127798583E-07
  3.98732055373E-07
  4.86983651626E-07
  5.69252449623E-07
  6.44977546926E-07
  7.13671340691E-07
  7.74922568780E-07
  8.28398299291E-07
  8.73845010574E-07
  9.11089557576E-07
  9.40038205499E-07
  9.60675947681E-07
  9.73064061327E-07
  9.77337776931E-07
  9.73702640295E-07
  9.62430590334E-07
  9.43855127389E-07
  9.18366310998E-07
  8.86404961875E-07
  8.48456636504E-07
  8.05045544894E-07
  7.56727445150E-07
  7.04083277014E-07
  6.47711942747E-07
  5.88223997511E-07
  5.26234600784E-07
  4.62356723574E-07
  3.97195208279E-07
  3.31339862214E-07
  2.65360739604E-07
  1.99802229872E-07
  1.35178240157E-07
  7.19678538985E-08
  1.06117674648E-08
 -4.84911062415E-08
 -1.04986099814E-07
 -1.58564887442E-07
 -2.08966568493E-07
 -2.55978733321E-07
 -2.99436891282E-07
 -3.39224527579E-07
 -3.75271582698E-07
 -4.07552647630E-07
 -4.36085173305E-07
 -4.60926003143E-07
 -4.82168957205E-07
 -4.99940540521E-07
 -5.14396788276E-07
 -5.25718178324E-07
 -5.34106220584E-07
 -5.39778454822E-07
 -5.42963732642E-07
 -5.43897783700E-07
 -5.42818895610E-07
 -5.39963082247E-07
 -5.35559991022E-07
 -5.29829208062E-07
 -5.22975994954E-07
 -5.15188503414E-07
 -5.06634364683E-07
 -4.97458245263E-07
 -4.87779516334E-07
 -4.77691457945E-07
 -4.67259155812E-07
 -4.56519444469E-07
 -4.45480793587E-07
 -4.34123592186E-07
 -4.22401001288E-07
 -4.10240886595E-07
 -3.97547353259E-07
 -3.84203048043E-07
 -3.70072143596E-07
 -3.55003152208E-07
 -3.38832620628E-07
 -3.21388824887E-07
 -3.02495521964E-07
 -2.81975843563E-07
 -2.59657042534E-07
 -2.35374045587E-07
 -2.08973773397E-07
 -1.80319474907E-07
 -1.49294251628E-07
 -1.15804937195E-07
 -7.97855079782E-08
 -4.12001384120E-08
 -4.59914051287E-11
  4.36445546370E-08
  8.98020502405E-08
  1.38318412723E-07
  1.89046474475E-07
  2.41798886691E-07
  2.96349526252E-07
  3.52432948603E-07
  4.09746775176E-07
  4.67953043426E-07
  5.26680423718E-07
  5.85527914154E-07
  6.44067313260E-07
  7.01847682194E-07
  7.58399096412E-07
  8.13237647890E-07
  8.65869992595E-07
  9.15798636925E-07
  9.62527337833E-07
  1.00556644611E-06
  1.04443824966E-06
  1.07868174837E-06
  1.10786015739E-06
  1.13156397674E-06
  1.14941713036E-06
  1.16108117254E-06
  1.16626006275E-06
  1.16470459943E-06
  1.15621492114E-06
  1.14064459922E-06
  1.11790268420E-06
  1.08795597953E-06
  1.05083051949E-06
  1.00661168290E-06
  9.55445784712E-07
  8.97537859146E-07
  8.33151887036E-07
  7.62608237892E-07
  6.86281964590E-07
  6.04599279086E-07
  5.18034426022E-07
  4.27105447898E-07
  3.32369893385E-07
  2.34419587741E-07
  1.33875559527E-07
  3.13822567932E-08
 -7.23981941064E-08
 -1.76792369189E-07
 -2.81121316448E-07
 -3.84706993373E-07
 -4.86878491301E-07
 -5.86978387673E-07
 -6.84368160364E-07
 -7.78434412041E-07
 -8.68594099757E-07
 -9.54299594014E-07
 -1.03504339677E-06
 -1.11036251838E-06
 -1.17984200187E-06
 -1.24311770833E-06
 -1.29987995479E-06
 -1.34987408273E-06
 -1.39290307288E-06
 -1.42882709042E-06
 -1.45756484926E-06
 -1.47909202042E-06
 -1.49344020883E-06
 -1.50069547544E-06
 -1.50099572238E-06
 -1.49452830556E-06
 -1.48152560087E-06
 -1.46226238940E-06
 -1.43705074152E-06
 -1.40623581046E-06
 -1.37019071644E-06
 -1.32931211283E-06
 -1.28401450183E-06
 -1.23472443647E-06
 -1.18187642784E-06
 -1.12590680601E-06
 -1.06724905891E-06
 -1.00632848898E-06
 -9.43558120525E-07
 -8.79333640569E-07
 -8.14030443053E-07
 -7.47999138184E-07
 -6.81562653426E-07
 -6.15014414507E-07
 -5.48614934814E-07
 -4.82591701711E-07
 -4.17137243858E-07
 -3.52409102788E-07
 -2.88530173975E-07
 -2.25589232627E-07
 -1.63642454254E-07
 -1.02715148387E-07
 -4.28039577116E-08
  1.61197899473E-08
  7.41076746635E-08
  1.31229924705E-07
  1.87572140931E-07
  2.43230402930E-07
  2.98307895719E-07
  3.52909722778E-07
  4.07138884384E-07
  4.61091531179E-07
  5.14853013556E-07
  5.68493305764E-07
  6.22063225819E-07
  6.75590626997E-07
  7.29077385131E-07
  7.82496158536E-07
  8.35788114273E-07
  8.88860995474E-07
  9.41587586567E-07
  9.93804860627E-07
  1.04531420675E-06
  1.09588120267E-06
  1.14523686534E-06
  1.19307958357E-06
  1.23907682337E-06
  1.28286842482E-06
  1.32406978537E-06
  1.36227583880E-06
  1.39706526170E-06
  1.42800593039E-06
  1.45465935475E-06
  1.47658715832E-06
  1.49335562583E-06
  1.50454320647E-06
  1.50974562985E-06
  1.50858238612E-06
  1.50070218297E-06
  1.48578988046E-06
  1.46357137965E-06
  1.43381942053E-06
  1.39635858432E-06
  1.35106961352E-06
  1.29789350467E-06
  1.23683571474E-06
  1.16796786642E-06
  1.09143059035E-06
  1.00743500298E-06
  9.16262877126E-07
  8.18266698843E-07
  7.13868985258E-07
  6.03560295076E-07
  4.87896386403E-07
  3.67495289311E-07
  2.43032843628E-07
  1.15237980935E-07
 -1.51131480663E-08
 -1.47203124357E-07
 -2.80180188383E-07
 -4.13165764712E-07
 -5.45262082596E-07
 -6.75560215768E-07
 -8.03148964224E-07
 -9.27123210204E-07
 -1.04659216049E-06
 -1.16068906664E-06
 -1.26857878513E-06
 -1.36946721341E-06
 -1.46260822476E-06
 -1.54731208113E-06
 -1.62295259543E-06
 -1.68897361164E-06
 -1.74489468918E-06
 -1.79031735570E-06
 -1.82492783551E-06
 -1.84850262031E-06
 -1.86090971965E-06
 -1.86211082109E-06
 -1.85216219961E-06
 -1.83121426289E-06
 -1.79951155133E-06
 -1.75738841790E-06
 -1.70526766397E-06
 -1.64365542332E-06
 -1.57313741056E-06
 -1.49437153141E-06
 -1.40808242577E-06
 -1.31505430545E-06
 -1.21612151815E-06
 -1.11216183996E-06
 -1.00408647086E-06
 -8.92830598787E-07
 -7.79344702551E-07
 -6.64583865273E-07
 -5.49498622604E-07
 -4.35025100387E-07
 -3.22075010217E-07
 -2.11527250826E-07
 -1.04218344177E-07
 -9.34643251682E-10
  9.75959650873E-08
  1.90710650827E-07
  2.77818429595E-07
  3.58405230827E-07
  4.32038859799E-07
  4.98372287439E-07
  5.57146563551E-07
  6.08192408436E-07
  6.51430752896E-07
  6.86872226652E-07
  7.14615907782E-07
  7.34846366868E-07
  7.47830654291E-07
  7.53913639073E-07
  7.53512324536E-07
  7.47110334487E-07
  7.35250466732E-07
  7.18527132904E-07
  6.97578400377E-07
  6.73077011015E-07
  6.45721399906E-07
  6.16226714101E-07
  5.85314694490E-07
  5.53704808226E-07
  5.22104301126E-07
  4.91199045882E-07
  4.61644816596E-07
  4.34058421206E-07
  4.09009857094E-07
  3.87014864600E-07
  3.68528219497E-07
  3.53937707587E-07
  3.43559207749E-07
  3.37632542369E-07
  3.36318265681E-07
  3.39695503726E-07
  3.47761101693E-07
  3.60429339707E-07
  3.77533154960E-07
  3.98826301762E-07
  4.23986278975E-07
  4.52618820646E-07
  4.84262670852E-07
  5.18395836480E-07
  5.54442408429E-07
  5.91779723891E-07
  6.29747262337E-07
  6.67654717290E-07
  7.04791887074E-07
  7.40437769764E-07
  7.73870397097E-07
  8.04376611541E-07
  8.31262354950E-07
  8.53861877204E-07
  8.71547229053E-07
  8.83737811819E-07
  8.89908108093E-07
  8.89596549314E-07
  8.82411654857E-07
  8.68039592206E-07
  8.46249008646E-07
  8.16895862954E-07
  7.79926836003E-07
  7.35382002404E-07
  6.83395739998E-07
  6.24197809884E-07
  5.58111651117E-07
  4.85552334339E-07
  4.07023833304E-07
  3.23113937384E-07
  2.34489519357E-07
  1.41889699989E-07
  4.61185862832E-08
 -5.19630205531E-08
 -1.51446798213E-07
 -2.51386325090E-07
 -3.50807681571E-07
 -4.48719987389E-07
 -5.44126748991E-07
 -6.36036872947E-07
 -7.23476318853E-07
 -8.05499041689E-07
 -8.81198900515E-07
 -9.49719492382E-07
 -1.01026569155E-06
 -1.06211211914E-06
 -1.10461394343E-06
 -1.13721387152E-06
 -1.15944999379E-06
 -1.17096283248E-06
 -1.17150011647E-06
 -1.16092155622E-06
 -1.13920123113E-06
 -1.10643043172E-06
 -1.06281697754E-06
 -1.00868567188E-06
 -9.44475743836E-07
 -8.70737665082E-07
 -7.88128375007E-07
 -6.97405937444E-07
 -5.99422492087E-07
 -4.95115614285E-07
 -3.85500698030E-07
 -2.71659615692E-07
 -1.54730997792E-07
 -3.58980614124E-08
  8.36229361312E-08
  2.02595074938E-07
  3.19774102309E-07
  4.33921030663E-07
  5.43815190213E-07
  6.48267018732E-07
  7.46131149754E-07
  8.36318065467E-07
  9.17806858070E-07
  9.89655404737E-07
  1.05101162262E-06
  1.10112171114E-06
  1.13934038382E-06
  1.16513740522E-06
  1.17810361644E-06
  1.17795684673E-06
  1.16454486943E-06
  1.13784847144E-06
  1.09798236281E-06
  1.04519506294E-06
  9.79866172202E-07
  9.02505348677E-07
  8.13746339645E-07
  7.14341297225E-07
  6.05154866662E-07
  4.87156114559E-07
  3.61407558103E-07
  2.29057334877E-07
  9.13268678460E-08
 -5.05005282037E-08
 -1.95092582089E-07
 -3.41080408361E-07
 -4.87072441047E-07
 -6.31667546713E-07
 -7.73469025717E-07
 -9.11099164114E-07
 -1.04321065919E-06
 -1.16850276299E-06
 -1.28573117308E-06
 -1.39372241392E-06
 -1.49138440975E-06
 -1.57771751219E-06
 -1.65182393630E-06
 -1.71291696915E-06
 -1.76032881427E-06
 -1.79351650331E-06
 -1.81206746674E-06
 -1.81570385394E-06
 -1.80428457952E-06
 -1.77780736976E-06
 -1.73640773937E-06
 -1.68035887782E-06
 -1.61006767030E-06
 -1.52607174186E-06
 -1.42903343203E-06
 -1.31973376938E-06
 -1.19906508189E-06
 -1.06802156097E-06
 -9.27690848584E-07
 -7.79242839144E-07
 -6.23918992915E-07
 -4.63020057850E-07
 -2.97894786172E-07
 -1.29926220893E-07
  3.94803230108E-08
  2.08910691413E-07
  3.76954886860E-07
  5.42219424915E-07
  7.03340447217E-07
  8.58995633735E-07
  1.00791612567E-06
  1.14889689939E-06
  1.28080807826E-06
  1.40260442549E-06
  1.51333267695E-06
  1.61214143191E-06
  1.69828535945E-06
  1.77113292921E-06
  1.83017027666E-06
  1.87500324955E-06
  1.90536150058E-06
  1.92109791897E-06
  1.92218999473E-06
  1.90873652173E-06
  1.88095646081E-06
  1.83918564289E-06
  1.78387051619E-06
  1.71556484929E-06
  1.63492165939E-06
  1.54268639108E-06
  1.43968895827E-06
  1.32683487664E-06
  1.20509673707E-06
  1.07550329176E-06
  9.39130472943E-07
  7.97091047389E-07
  6.50523531931E-07
  5.00582302720E-07
  3.48426937080E-07
  1.95212109588E-07
  4.20776018473E-08
 -1.09861318265E-07
 -2.59523289969E-07
 -4.05869229780E-07
 -5.47910190107E-07
 -6.84715701027E-07
 -8.15419184619E-07
 -9.39224889862E-07
 -1.05541255380E-06
 -1.16334172162E-06
 -1.26245515730E-06
 -1.35228117415E-06
 -1.43243573802E-06
 -1.50262303578E-06
 -1.56263467943E-06
 -1.61235027463E-06
 -1.65173412370E-06
 -1.68083352037E-06
 -1.69977579390E-06
 -1.70876364791E-06
 -1.70807095401E-06
 -1.69803763583E-06
 -1.67906466686E-06
 -1.65160679444E-06
 -1.61616799232E-06
 -1.57329338890E-06
 -1.52356301442E-06
 -1.46758532082E-06
 -1.40598933740E-06
 -1.33941898639E-06
 -1.26852523863E-06
 -1.19395997444E-06
 -1.11636927613E-06
 -1.03638808469E-06
 -9.54633833317E-07
 -8.71701217875E-07
 -7.88157251463E-07
 -7.04537512775E-07
 -6.21341598617E-07
 -5.39029713309E-07
 -4.58020707583E-07
 -3.78689065883E-07
 -3.01364025290E-07
 -2.26328012332E-07
 -1.53816557713E-07
 -8.40182181605E-08
 -1.70755498630E-08
  4.69140601922E-08
  1.07896312329E-07
  1.65858239143E-07
  2.20825270958E-07
  2.72858642347E-07
  3.22051647572E-07
  3.68526741568E-07
  4.12431177210E-07
  4.53933211020E-07
  4.93218180964E-07
  5.30484271621E-07
  5.65937966712E-07
  5.99790610067E-07
  6.32253659205E-07
  6.63534933665E-07
  6.93834863341E-07
  7.23343134723E-07
  7.52234711854E-07
  7.80667505751E-07
  8.08779248018E-07
  8.36685273953E-07
  8.64476362494E-07
  8.92217144610E-07
  9.19945023270E-07
  9.47669036577E-07
  9.75369744083E-07
  1.00299928363E-06
  1.03048091660E-06
  1.05771118797E-06
  1.08455981263E-06
  1.11087206278E-06
  1.13646990485E-06
  1.16115495530E-06
  1.18471029964E-06
  1.20690287986E-06
  1.22748792819E-06
  1.24620976294E-06
  1.26280735913E-06
  1.27701594010E-06
  1.28857095660E-06
  1.29721195208E-06
  1.30268517751E-06
  1.30474722937E-06
  1.30316891500E-06
  1.29773718527E-06
  1.28825877255E-06
  1.27456337395E-06
  1.25650512928E-06
  1.23396603158E-06
  1.20685695038E-06
  1.17511967801E-06
  1.13872874863E-06
  1.09769212031E-06
  1.05205151613E-06
  1.00188333363E-06
  9.47298815390E-07
  8.88442968972E-07
  8.25494510082E-07
  7.58664555178E-07
  6.88195370913E-07
  6.14358668827E-07
  5.37453729521E-07
  4.57805356291E-07
  3.75760691895E-07
  2.91687484832E-07
  2.05970451361E-07
  1.19008646493E-07
  3.12120853607E-08
 -5.70013796164E-08
 -1.45209597235E-07
 -2.32989322058E-07
 -3.19919678304E-07
 -4.05585382168E-07
 -4.89580202157E-07
 -5.71509929159E-07
 -6.50995445994E-07
 -7.27675683265E-07
 -8.01210262580E-07
 -8.71281542913E-07
 -9.37597576467E-07
 -9.99893472908E-07
 -1.05793333205E-06
 -1.11151143756E-06
 -1.16045362120E-06
 -1.20461766073E-06
 -1.24389384837E-06
 -1.27820544549E-06
 -1.30750811422E-06
 -1.33178923534E-06
 -1.35106768084E-06
 -1.36539279083E-06
 -1.37484141760E-06
 -1.37951917623E-06
 -1.37955532864E-06
 -1.37510380682E-06
 -1.36633843795E-06
 -1.35345203489E-06
 -1.33665321300E-06
 -1.31616388899E-06
 -1.29221666612E-06
 -1.26505165099E-06
 -1.23491440718E-06
 -1.20205254461E-06
 -1.16671333217E-06
 -1.12914096917E-06
 -1.08957419798E-06
 -1.04824391656E-06
 -1.00537090475E-06
 -9.61164118962E-07
 -9.15818532121E-07
 -8.69513996804E-07
 -8.22413880996E-07
 -7.74663533321E-07
 -7.26390680938E-07
 -6.77703781093E-07
 -6.28692532700E-07
 -5.79428046876E-07
 -5.29962960627E-07
 -4.80332062125E-07
 -4.30553882325E-07
 -3.80631178132E-07
 -3.30552808236E-07
 -2.80295353150E-07
 -2.29824848930E-07
 -1.79099018283E-07
 -1.28069373773E-07
 -7.66834062915E-08
 -2.48872780162E-08
  2.73719109600E-08
  8.01437920472E-08
  1.33471957042E-07
  1.87391805184E-07
  2.41928148625E-07
  2.97092867640E-07
  3.52882778998E-07
  4.09278442248E-07
  4.66241317554E-07
  5.23713140410E-07
  5.81614415296E-07
  6.39843563022E-07
  6.98276096500E-07
  7.56764393373E-07
  8.15137696009E-07
  8.73202395724E-07
  9.30742430683E-07
  9.87520593299E-07
  1.04327978079E-06
  1.09774384782E-06
  1.15062084660E-06
  1.20160348160E-06
  1.25037354337E-06
  1.29660270431E-06
  1.33995661145E-06
  1.38009750117E-06
  1.41668772358E-06
  1.44939258462E-06
  1.47788455251E-06
  1.50184609993E-06
  1.52097379669E-06
  1.53498092459E-06
  1.54360168381E-06
  1.54659426244E-06
  1.54374401973E-06
  1.53486587351E-06
  1.51980805185E-06
  1.49845391206E-06
  1.47072398704E-06
  1.43657837270E-06
  1.39601752380E-06
  1.34908464133E-06
  1.29586533149E-06
  1.23648783301E-06
  1.17112449516E-06
  1.09998927655E-06
  1.02333888208E-06
  9.41469920690E-07
  8.54718336996E-07
  7.63456625918E-07
  6.68091786338E-07
  5.69062763134E-07
  4.66836752366E-07
  3.61906131729E-07
  2.54785135212E-07
  1.46005419310E-07
  3.61124570247E-08
 -7.43389207969E-08
 -1.84788532920E-07
 -2.94675714940E-07
 -4.03442953711E-07
 -5.10540871801E-07
 -6.15431986262E-07
 -7.17595298738E-07
 -8.16529734493E-07
 -9.11758434086E-07
 -1.00283193660E-06
 -1.08933090814E-06
 -1.17087051876E-06
 -1.24710174987E-06
 -1.31771344059E-06
 -1.38243524361E-06
 -1.44103830735E-06
 -1.49333573063E-06
 -1.53918472279E-06
 -1.57848523941E-06
 -1.61117964126E-06
 -1.63725371749E-06
 -1.65673361607E-06
 -1.66968573012E-06
 -1.67621385572E-06
 -1.67645748661E-06
 -1.67058965417E-06
 -1.65881363046E-06
 -1.64136008607E-06
 -1.61848356584E-06
 -1.59046055614E-06
 -1.55758357323E-06
 -1.52016025368E-06
 -1.47850801113E-06
 -1.43295130783E-06
 -1.38381767556E-06
 -1.33143544190E-06
 -1.27612872802E-06
 -1.21821665289E-06
 -1.15800889944E-06
 -1.09580332719E-06
 -1.03188472167E-06
 -9.66522293311E-07
 -8.99967858459E-07
 -8.32454759347E-07
 -7.64197295666E-07
 -6.95389871908E-07
 -6.26206883680E-07
 -5.56803229301E-07
 -4.87314252950E-07
 -4.17857506818E-07
 -3.48533092165E-07
 -2.79425904637E-07
 -2.10606870610E-07
 -1.42135220926E-07
 -7.40606580507E-08
 -6.42576525323E-09
  6.07316366086E-08
  1.27375827219E-07
  1.93470626186E-07
  2.58976825762E-07
  3.23849747019E-07
  3.88036653476E-07
  4.51474676311E-07
  5.14088753789E-07
  5.75789556478E-07
  6.36472123006E-07
  6.96014694768E-07
  7.54277323267E-07
  8.11101983800E-07
  8.66311665959E-07
  9.19710998915E-07
  9.71086478785E-07
  1.02020783288E-06
  1.06682909973E-06
  1.11069050490E-06
  1.15152056424E-06
  1.18903858493E-06
  1.22295750771E-06
  1.25298720377E-06
  1.27883731693E-06
  1.30022192479E-06
  1.31686215354E-06
  1.32849106649E-06
  1.33485684728E-06
  1.33572825689E-06
  1.33089702103E-06
  1.32018271870E-06
  1.30343664750E-06
  1.28054512061E-06
  1.25143355945E-06
  1.21606842640E-06
  1.17446097647E-06
  1.12666964469E-06
  1.07280095563E-06
  1.01301213817E-06
  9.47511523464E-07
  8.76559056451E-07
  8.00466068540E-07
  7.19594538623E-07
  6.34355956208E-07
  5.45209161373E-07
  4.52658156291E-07
  3.57248836735E-07
  2.59565354099E-07
  1.60226278467E-07
  5.98796390250E-08
 -4.08019609210E-08
 -1.41126776043E-07
 -2.40389965711E-07
 -3.37879299650E-07
 -4.32882046653E-07
 -5.24690960901E-07
 -6.12611415818E-07
 -6.95967571573E-07
 -7.74109366830E-07
 -8.46418913625E-07
 -9.12316636459E-07
 -9.71267695604E-07
 -1.02278727354E-06
 -1.06644586140E-06
 -1.10187522750E-06
 -1.12877091851E-06
 -1.14689794373E-06
 -1.15609213935E-06
 -1.15626403385E-06
 -1.14739987112E-06
 -1.12956320208E-06
 -1.10289465738E-06
 -1.06761137886E-06
 -1.02400679225E-06
 -9.72447537606E-07
 -9.13370740818E-07
 -8.47281398819E-07
 -7.74747491050E-07
 -6.96395147770E-07
 -6.12903534147E-07
 -5.24998711171E-07
 -4.33446757597E-07
 -3.39047232956E-07
 -2.42625503688E-07
 -1.45025367715E-07
 -4.71008476666E-08
  5.02915149525E-08
  1.46300934034E-07
  2.40090315629E-07
  3.30844358132E-07
  4.17776988115E-07
  5.00139265114E-07
  5.77225989673E-07
  6.48382751933E-07
  7.13012013875E-07
  7.70578594711E-07
  8.20615127850E-07
  8.62725642037E-07
  8.96589767763E-07
  9.21965124689E-07
  9.38689765917E-07
  9.46683314851E-07
  9.45947192577E-07
  9.36564163112E-07
  9.18697537600E-07
  8.92588673196E-07
  8.58554301431E-07
  8.16983117602E-07
  7.68331290146E-07
  7.13117742634E-07
  6.51918355743E-07
  5.85360112382E-07
  5.14114390171E-07
  4.38890111809E-07
  3.60426440693E-07
  2.79484936527E-07
  1.96842350420E-07
  1.13282382586E-07
  2.95879960532E-08
 -5.34661985796E-08
 -1.35121652534E-07
 -2.14643137042E-07
 -2.91325818580E-07
 -3.64501914873E-07
 -4.33546688328E-07
 -4.97884400374E-07
 -5.56993200007E-07
 -6.10409585988E-07
 -6.57732584841E-07
 -6.98626024587E-07
 -7.32822002192E-07
 -7.60121736221E-07
 -7.80396987921E-07
 -7.93589890691E-07
 -7.99712665867E-07
 -7.98846144789E-07
 -7.91137722445E-07
 -7.76799197411E-07
 -7.56102451760E-07
 -7.29377177322E-07
 -6.97004907124E-07
 -6.59415150039E-07
 -6.17079535914E-07
 -5.70506529129E-07
 -5.20235403201E-07
 -4.66830243795E-07
 -4.10873155943E-07
 -3.52958608119E-07
 -2.93686412078E-07
 -2.33656081150E-07
 -1.73460279029E-07
 -1.13678844116E-07
 -5.48732757011E-08
  2.41849851257E-09
  5.76875045510E-08
  1.10458032054E-07
  1.60291605766E-07
  2.06791000323E-07
  2.49602749136E-07
  2.88420324068E-07
  3.22985442835E-07
  3.53089916416E-07
  3.78576345383E-07
  3.99338148327E-07
  4.15319561853E-07
  4.26514446872E-07
  4.32965379105E-07
  4.34761204815E-07
  4.32035108133E-07
  4.24961939416E-07
  4.13754804640E-07
  3.98661882173E-07
  3.79962870056E-07
  3.57964609066E-07
  3.32997529995E-07
  3.05410964074E-07
  2.75569533414E-07
  2.43848319315E-07
  2.10628769537E-07
  1.76294733478E-07
  1.41228341022E-07
  1.05806236661E-07
  7.03959486259E-08
  3.53524818308E-08
  1.01556130172E-09
 -3.22936131170E-08
 -6.42744168999E-08
 -9.46489606690E-08
 -1.23163900412E-07
 -1.49591670606E-07
 -1.73731706354E-07
 -1.95410663650E-07
 -2.14483193872E-07
 -2.30831503245E-07
 -2.44365338631E-07
 -2.55021006978E-07
 -2.62760721625E-07
 -2.67571380164E-07
 -2.69462987035E-07
 -2.68467431397E-07
 -2.64636611291E-07
 -2.58040785184E-07
 -2.48766355071E-07
 -2.36914502239E-07
 -2.22598785626E-07
 -2.05943621268E-07
 -1.87082250136E-07
 -1.66155061265E-07
 -1.43307872236E-07
 -1.18690678619E-07
 -9.24561049942E-08
 -6.47582965030E-08
 -3.57517322414E-08
 -5.59080470808E-09
  2.55711345432E-08
  5.75821488269E-08
  9.02919694568E-08
  1.23552013065E-07
  1.57215481522E-07
  1.91136905414E-07
  2.25172087198E-07
  2.59177426187E-07
  2.93009378538E-07
  3.26524343564E-07
  3.59577228437E-07
  3.92021576090E-07
  4.23708542030E-07
  4.54486695389E-07
  4.84201109430E-07
  5.12693532073E-07
  5.39801874311E-07
  5.65359925986E-07
  5.89198009493E-07
  6.11142752405E-07
  6.31017996966E-07
  6.48645197998E-07
  6.63844218707E-07
  6.76434979141E-07
  6.86238593062E-07
  6.93078106906E-07
  6.96781853549E-07
  6.97183736520E-07
  6.94126526923E-07
  6.87463113991E-07
  6.77059688314E-07
  6.62797219775E-07
  6.44575038677E-07
  6.22312313681E-07
  5.95950666593E-07
  5.65457014545E-07
  5.30825161604E-07
  4.92078299885E-07
  4.49270885383E-07
  4.02490229590E-07
  3.51857750047E-07
  2.97530419857E-07
  2.39701449800E-07
  1.78600487288E-07
  1.14493943215E-07
  4.76844448372E-08
 -2.14898925321E-08
 -9.26567480519E-08
 -1.65411208286E-07
 -2.39317927253E-07
 -3.13913773198E-07
 -3.88710503785E-07
 -4.63198688294E-07
 -5.36850791377E-07
 -6.09126288964E-07
 -6.79474851495E-07
 -7.47342369323E-07
 -8.12175073861E-07
 -8.73424937708E-07
 -9.30555586365E-07
 -9.83046561487E-07
 -1.03039985788E-06
 -1.07214475520E-06
 -1.10784321805E-06
 -1.13709506877E-06
 -1.15954310331E-06
 -1.17487718398E-06
 -1.18283935535E-06
 -1.18322702747E-06
 -1.17589684123E-06
 -1.16076739687E-06
 -1.13782209610E-06
 -1.10711027901E-06
 -1.06874881567E-06
 -1.02292312931E-06
 -9.69885491031E-07
 -9.09956213491E-07
 -8.43520695071E-07
 -7.71027828250E-07
 -6.92987043749E-07
 -6.09964558862E-07
 -5.22579455264E-07
 -4.31498392572E-07
 -3.37430947184E-07
 -2.41123160549E-07
 -1.43351229553E-07
 -4.49148593873E-08
  5.33699875405E-08
  1.50678360455E-07
  2.46184271191E-07
  3.39068179755E-07
  4.28524799645E-07
  5.13770942234E-07
  5.94053631175E-07
  6.68656468861E-07
  7.36908134513E-07
  7.98188352746E-07
  8.51934487400E-07
  8.97647851161E-07
  9.34898878313E-07
  9.63331444837E-07
  9.82667188509E-07
  9.92709601633E-07
  9.93344769995E-07
  9.84545181382E-07
  9.66369270827E-07
  9.38961534303E-07
  9.02552756088E-07
  8.57457223447E-07
  8.04070907634E-07
  7.42867484860E-07
  6.74395209899E-07
  5.99271174906E-07
  5.18176250353E-07
  4.31848690141E-07
  3.41077083021E-07
  2.46693502959E-07
  1.49565209995E-07
  5.05867490119E-08
 -4.93287011238E-08
 -1.49257886051E-07
 -2.48276307957E-07
 -3.45467185525E-07
 -4.39930090579E-07
 -5.30789691311E-07
 -6.17204023001E-07
 -6.98372673469E-07
 -7.73544286403E-07
 -8.42024121539E-07
 -9.03180136902E-07
 -9.56449298428E-07
 -1.00134275272E-06
 -1.03745026081E-06
 -1.06444485937E-06
 -1.08208428173E-06
 -1.09021448225E-06
 -1.08876929517E-06
 -1.07777259473E-06
 -1.05733647615E-06
 -1.02766034615E-06
 -9.89028308140E-07
 -9.41805978982E-07
 -8.86437419467E-07
 -8.23439393116E-07
 -7.53396477648E-07
 -6.76955153267E-07
 -5.94816981447E-07
 -5.07731783728E-07
 -4.16489541522E-07
 -3.21913148582E-07
 -2.24850040809E-07
 -1.26163556047E-07
 -2.67248427832E-08
  7.25956041947E-08
  1.70936615973E-07
  2.67454055347E-07
  3.61329455245E-07
  4.51776998034E-07
  5.38051153853E-07
  6.19453487616E-07
  6.95338485457E-07
  7.65119580137E-07
  8.28274266951E-07
  8.84347684860E-07
  9.32957163968E-07
  9.73794271886E-07
  1.00662703062E-06
  1.03130162188E-06
  1.04774164811E-06
  1.05594972410E-06
  1.05600452116E-06
  1.04805951651E-06
  1.03234106064E-06
  1.00914348877E-06
  9.78827642939E-07
  9.41813425470E-07
  8.98577070529E-07
  8.49644266054E-07
  7.95584867319E-07
  7.37005848350E-07
  6.74545560742E-07
  6.08866116636E-07
  5.40647135949E-07
  4.70578044087E-07
  3.99351648639E-07
  3.27656749732E-07
  2.56172000945E-07
  1.85558604926E-07
  1.16454877741E-07
  4.94697260933E-08
 -1.48223824326E-08
 -7.58868736739E-08
 -1.33233143629E-07
 -1.86418802173E-07
 -2.35053093434E-07
 -2.78799717535E-07
 -3.17378862746E-07
 -3.50569109742E-07
 -3.78208142138E-07
 -4.00193187033E-07
 -4.16480787635E-07
 -4.27085808496E-07
 -4.32080071278E-07
 -4.31590336802E-07
 -4.25795889214E-07
 -4.14925239056E-07
 -3.99252996885E-07
 -3.79095922654E-07
 -3.54808832981E-07
 -3.26779854731E-07
 -2.95426076491E-07
 -2.61188517925E-07
 -2.24527113346E-07
 -1.85915567386E-07
 -1.45836366983E-07
 -1.04775672582E-07
 -6.32183585481E-08
 -2.16431121913E-08
  1.94821385691E-08
  5.97046891926E-08
  9.85911938756E-08
  1.35731497153E-07
  1.70742211481E-07
  2.03269777899E-07
  2.32993201621E-07
  2.59626546040E-07
  2.82920780137E-07
  3.02665171148E-07
  3.18688620382E-07
  3.30860103759E-07
  3.39089098134E-07
  3.43325183394E-07
  3.43557672977E-07
  3.39814533845E-07
  3.32161363303E-07
  3.20699342637E-07
  3.05563673919E-07
  2.86921306270E-07
  2.64968463171E-07
  2.39928027668E-07
  2.12046799675E-07
  1.81592511694E-07
  1.48850844539E-07
  1.14122393313E-07
  7.77193776003E-08
  3.99627602121E-08
  1.17895770924E-09
 -3.83030140938E-08
 -7.81545566042E-08
 -1.18050238029E-07
 -1.57670498879E-07
 -1.96704064592E-07
 -2.34850418224E-07
 -2.71821761544E-07
 -3.07345118244E-07
 -3.41163740813E-07
 -3.73039142687E-07
 -4.02751766160E-07
 -4.30102375049E-07
 -4.54912878922E-07
 -4.77026958379E-07
 -4.96310178733E-07
 -5.12650672135E-07
 -5.25958910202E-07
 -5.36167533483E-07
 -5.43231067240E-07
 -5.47125523553E-07
 -5.47847776033E-07
 -5.45414934550E-07
 -5.39863435733E-07
 -5.31248133484E-07
 -5.19641560004E-07
 -5.05132732087E-07
 -4.87825900564E-07
 -4.67839981866E-07
 -4.45307108521E-07
 -4.20371577547E-07
 -3.93188770431E-07
 -3.63924158364E-07
 -3.32752165377E-07
 -2.99855116737E-07
 -2.65422244183E-07
 -2.29648705385E-07
 -1.92734802340E-07
 -1.54884759240E-07
 -1.16306026143E-07
 -7.72084547407E-08
 -3.78033853110E-08
  1.69715463905E-09
  4.10812397433E-08
  8.01377666448E-08
  1.18657354164E-07
  1.56432946596E-07
  1.93260859760E-07
  2.28941203773E-07
  2.63278963075E-07
  2.96084664342E-07
  3.27175399661E-07
  3.56375352339E-07
  3.83516834290E-07
  4.08441167110E-07
  4.30999648415E-07
  4.51054205541E-07
  4.68478560833E-07
  4.83158885345E-07
  4.94994992550E-07
  5.03900935200E-07
  5.09806113769E-07
  5.12655958573E-07
  5.12412384523E-07
  5.09055382736E-07
  5.02582736317E-07
  4.93011043545E-07
  4.80376286305E-07
  4.64733773242E-07
  4.46158793466E-07
  4.24746446015E-07
  4.00611924078E-07
  3.73889974981E-07
  3.44734701230E-07
  3.13319191036E-07
  2.79834750927E-07
  2.44489910983E-07
  2.07509700090E-07
  1.69134111161E-07
  1.29616964273E-07
  8.92243150474E-08
  4.82326356632E-08
  6.92704782423E-09
 -3.44006494402E-08
 -7.54542384129E-08
 -1.15935200995E-07
 -1.55545222924E-07
 -1.93988341834E-07
 -2.30973824955E-07
 -2.66218279421E-07
 -2.99448458918E-07
 -3.30403707949E-07
 -3.58838320835E-07
 -3.84524042829E-07
 -4.07252514378E-07
 -4.26837289069E-07
 -4.43115794724E-07
 -4.55951607137E-07
 -4.65235814318E-07
 -4.70888721793E-07
 -4.72860989476E-07
 -4.71134541158E-07
 -4.65723672960E-07
 -4.56675195437E-07
 -4.44068632532E-07
 -4.28016164733E-07
 -4.08662202744E-07
 -3.86182534839E-07
 -3.60783388942E-07
 -3.32699812589E-07
 -3.02194308688E-07
 -2.69554618626E-07
 -2.35091704326E-07
 -1.99136962920E-07
 -1.62039683005E-07
 -1.24164074577E-07
 -8.58860076391E-08
 -4.75897472541E-08
 -9.66448965301E-09
  2.74992082439E-08
  6.35130703586E-08
  9.79947714086E-08
  1.30571635282E-07
  1.60884255251E-07
  1.88590092876E-07
  2.13366931234E-07
  2.34916171848E-07
  2.52966032122E-07
  2.67274515409E-07
  2.77632040024E-07
  2.83863954564E-07
  2.85832499003E-07
  2.83438907900E-07
  2.76624604112E-07
  2.65372563035E-07
  2.49707767352E-07
  2.29697874943E-07
  2.05452835189E-07
  1.77124718448E-07
  1.44906806554E-07
  1.09032221474E-07
  6.97724402698E-08
  2.74352718321E-08
 -1.76375518635E-08
 -6.50729887752E-08
 -1.14469855816E-07
 -1.65402028074E-07
 -2.17421941784E-07
 -2.70064589358E-07
 -3.22851349210E-07
 -3.75294348487E-07
 -4.26900470529E-07
 -4.77175888136E-07
 -5.25630639459E-07
 -5.71782720726E-07
 -6.15162605300E-07
 -6.55317649034E-07
 -6.91816126164E-07
 -7.24251378870E-07
 -7.52245341573E-07
 -7.75452633661E-07
 -7.93563231127E-07
 -8.06306047707E-07
 -8.13451435988E-07
 -8.14813461147E-07
 -8.10251663097E-07
 -7.99673046004E-07
 -7.83033101470E-07
 -7.60336263284E-07
 -7.31636191631E-07
 -6.97036227848E-07
 -6.56688030176E-07
 -6.10790948485E-07
 -5.59590660032E-07
 -5.03377236782E-07
 -4.42482672725E-07
 -3.77278638553E-07
 -3.08173241592E-07
 -2.35607984678E-07
 -1.60053900800E-07
 -8.20079151254E-08
 -1.98872962542E-09
  7.94675045768E-08
  1.61811485100E-07
  2.44485420353E-07
  3.26927533933E-07
  4.08576738664E-07
  4.88877162752E-07
  5.67282825159E-07
  6.43262183075E-07
  7.16302110959E-07
  7.85912618539E-07
  8.51630261423E-07
  9.13022347504E-07
  9.69690063357E-07
  1.02127160062E-06
  1.06744528239E-06
  1.10793155272E-06
  1.14249598937E-06
  1.17094930374E-06
  1.19315052416E-06
  1.20900688216E-06
  1.21847415357E-06
  1.22155722693E-06
  1.21830908029E-06
  1.20883078125E-06
  1.19326932690E-06
  1.17181707537E-06
  1.14470935841E-06
  1.11222095711E-06
  1.07466576083E-06
  1.03239210603E-06
  9.85779479379E-07
  9.35236528221E-07
  8.81195433067E-07
  8.24109235964E-07
  7.64447463553E-07
  7.02692034338E-07
  6.39332597530E-07
  5.74863122438E-07
  5.09776896251E-07
  4.44562374469E-07
  3.79699542918E-07
  3.15655512395E-07
  2.52880738572E-07
  1.91805213490E-07
  1.32835253908E-07
  7.63501617485E-08
  2.26992398211E-08
 -2.78008975840E-08
 -7.48684669816E-08
 -1.18258626003E-07
 -1.57765171593E-07
 -1.93221637801E-07
 -2.24502372248E-07
 -2.51522891404E-07
 -2.74240193221E-07
 -2.92652345024E-07
 -3.06797971916E-07
 -3.16755063068E-07
 -3.22640062222E-07
 -3.24605878177E-07
 -3.22839639466E-07
 -3.17561045904E-07
 -3.09019128508E-07
 -2.97489862078E-07
 -2.83273010382E-07
 -2.66688488182E-07
 -2.48073604325E-07
 -2.27779096917E-07
 -2.06165339023E-07
 -1.83599212278E-07
 -1.60449758368E-07
 -1.37084896323E-07
 -1.13867450580E-07
 -9.11517901159E-08
 -6.92801336299E-08
 -4.85793627547E-08
 -2.93577571142E-08
 -1.19020731049E-08
  3.52520834745E-09
  1.66883520336E-08
  2.73805547124E-08
  3.54258880009E-08
  4.06808240427E-08
  4.30355591163E-08
  4.24148467459E-08
  3.87786371903E-08
  3.21222834998E-08
  2.24763283541E-08
  9.90614790197E-09
 -5.48899858899E-09
 -2.35771207002E-08
 -4.41949410401E-08
 -6.71497630833E-08
 -9.22214411503E-08
 -1.19164930368E-07
 -1.47712782450E-07
 -1.77578002081E-07
 -2.08456995665E-07
 -2.40033017462E-07
 -2.71979075706E-07
 -3.03961911641E-07
 -3.35644756433E-07
 -3.66691608633E-07
 -3.96770246880E-07
 -4.25555867878E-07
 -4.52734610690E-07
 -4.78006597859E-07
 -5.01089346017E-07
 -5.21720608049E-07
 -5.39661300536E-07
 -5.54697976440E-07
 -5.66645269373E-07
 -5.75347542053E-07
 -5.80681330575E-07
 -5.82556197060E-07
 -5.80915980208E-07
 -5.75739932174E-07
 -5.67042377497E-07
 -5.54873565761E-07
 -5.39318818937E-07
 -5.20498417700E-07
 -4.98565668750E-07
 -4.73706990078E-07
 -4.46138898269E-07
 -4.16106672674E-07
 -3.83882252208E-07
 -3.49761165808E-07
 -3.14060088158E-07
 -2.77113883840E-07
 -2.39272139879E-07
 -2.00895954094E-07
 -1.62354453437E-07
 -1.24021056536E-07
 -8.62699707227E-08
 -4.94724439193E-08
 -1.39930280696E-08
  1.98139904484E-08
  5.16081648527E-08
  8.10663109974E-08
  1.07885831824E-07
  1.31787743385E-07
  1.52519746166E-07
  1.69858594745E-07
  1.83612769433E-07
  1.93624387634E-07
  1.99771037046E-07
  2.01967253588E-07
  2.00165530373E-07
  1.94357156147E-07
  1.84572542139E-07
  1.70881179429E-07
  1.53391368940E-07
  1.32249368789E-07
  1.07638413738E-07
  7.97770738359E-08
  4.89176343876E-08
  1.53438595163E-08
 -2.06314076934E-08
 -5.86689843374E-08
 -9.84063035503E-08
 -1.39460638593E-07
 -1.81432469049E-07
 -2.23909125907E-07
 -2.66468418886E-07
 -3.08682558625E-07
 -3.50121752035E-07
 -3.90358621871E-07
 -4.28971503652E-07
 -4.65548652073E-07
 -4.99691907407E-07
 -5.31020305061E-07
 -5.59173543024E-07
 -5.83815392474E-07
 -6.04636909429E-07
 -6.21358708486E-07
 -6.33734089206E-07
 -6.41551253011E-07
 -6.44635008484E-07
 -6.42848704047E-07
 -6.36095194295E-07
 -6.24318033715E-07
 -6.07501988270E-07
 -5.85673149089E-07
 -5.58898761938E-07
 -5.27286886154E-07
 -4.90985200940E-07
 -4.50180010603E-07
 -4.05094453981E-07
 -3.55986799150E-07
 -3.03148226521E-07
 -2.46900100365E-07
 -1.87591709278E-07
 -1.25596841372E-07
 -6.13109349956E-08
  4.85234741276E-09
  7.24645445871E-08
  1.41085919836E-07
  2.10269135437E-07
  2.79562783589E-07
  3.48515214910E-07
  4.16678005877E-07
  4.83609426283E-07
  5.48878290374E-07
  6.12066685335E-07
  6.72773808219E-07
  7.30618182843E-07
  7.85241354606E-07
  8.36309482111E-07
  8.83516236172E-07
  9.26584675653E-07
  9.65269009612E-07
  9.99356075226E-07
  1.02866636098E-06
  1.05305491616E-06
  1.07241191927E-06
  1.08666301912E-06
  1.09576899376E-06
  1.09972552309E-06
  1.09856273411E-06
  1.09234383672E-06
  1.08116455522E-06
  1.06515085463E-06
  1.04445825855E-06
  1.01926900697E-06
  9.89791146822E-07
  9.56255348683E-07
  9.18913087844E-07
  8.78033972640E-07
  8.33903470721E-07
  7.86820521625E-07
  7.37094353553E-07
  6.85042323312E-07
  6.30987472050E-07
  5.75255626245E-07
  5.18173123965E-07
  4.60064484287E-07
  4.01250218829E-07
  3.42044614854E-07
  2.82753575220E-07
  2.23673069399E-07
  1.65087442383E-07
  1.07267830174E-07
  5.04707635685E-08
 -5.06269159928E-09
 -5.91080215884E-08
 -1.11457971741E-07
 -1.61923054520E-07
 -2.10331890571E-07
 -2.56531450304E-07
 -3.00387029029E-07
 -3.41781941415E-07
 -3.80617535711E-07
 -4.16812326876E-07
 -4.50301854471E-07
 -4.81037602640E-07
 -5.08986488512E-07
 -5.34129810603E-07
 -5.56462509849E-07
 -5.75991975893E-07
 -5.92737421812E-07
 -6.06728121966E-07
 -6.18003412001E-07
 -6.26610699328E-07
 -6.32605008377E-07
 -6.36048014258E-07
 -6.37007019577E-07
 -6.35553988104E-07
 -6.31765317394E-07
 -6.25720247172E-07
 -6.17501143552E-07
 -6.07192475854E-07
 -5.94880305016E-07
 -5.80652283588E-07
 -5.64596973618E-07
 -5.46804187707E-07
 -5.27364193204E-07
 -5.06368280639E-07
 -4.83908365823E-07
 -4.60077387743E-07
 -4.34969194885E-07
 -4.08678914710E-07
 -3.81303038921E-07
 -3.52939736104E-07
 -3.23689107518E-07
 -2.93653300787E-07
 -2.62936964646E-07
 -2.31647192095E-07
 -1.99893889885E-07
 -1.67789920624E-07
 -1.35451088568E-07
 -1.02996217777E-07
 -7.05471094875E-08
 -3.82284675027E-08
 -6.16767703576E-09
  2.55054271037E-08
  5.66589868356E-08
  8.71593996976E-08
  1.16871966327E-07
  1.45661431361E-07
  1.73392663783E-07
  1.99931349698E-07
  2.25144844990E-07
  2.48903035072E-07
  2.71079244385E-07
  2.91551202736E-07
  3.10201983211E-07
  3.26921110627E-07
  3.41605385756E-07
  3.54160249572E-07
  3.64500266414E-07
  3.72550545080E-07
  3.78247477784E-07
  3.81539592809E-07
  3.82388265052E-07
  3.80768625519E-07
  3.76670186597E-07
  3.70097012592E-07
  3.61068657639E-07
  3.49619995177E-07
  3.35801843221E-07
  3.19680538041E-07
  3.01338189956E-07
  2.80872228586E-07
  2.58395260744E-07
  2.34034274627E-07
  2.07930256124E-07
  1.80237236691E-07
  1.51121426484E-07
  1.20760205391E-07
  8.93409222158E-08
  5.70597293859E-08
  2.41200464046E-08
 -9.26868182205E-09
 -4.28925943652E-08
 -7.65349952303E-08
 -1.09977918328E-07
 -1.43003788367E-07
 -1.75397133262E-07
 -2.06946182857E-07
 -2.37444439222E-07
 -2.66692552486E-07
 -2.94499500342E-07
 -3.20684421240E-07
 -3.45077836528E-07
 -3.67523057321E-07
 -3.87877406638E-07
 -4.06013356269E-07
 -4.21819436269E-07
 -4.35201087612E-07
 -4.46081600103E-07
 -4.54402311334E-07
 -4.60123203538E-07
 -4.63223216229E-07
 -4.63700189357E-07
 -4.61570834887E-07
 -4.56870623111E-07
 -4.49653072110E-07
 -4.39989463530E-07
 -4.27968217309E-07
 -4.13693783230E-07
 -3.97285845111E-07
 -3.78878127094E-07
 -3.58617370466E-07
 -3.36661798883E-07
 -3.13179867817E-07
 -2.88348758204E-07
 -2.62352813252E-07
 -2.35382145775E-07
 -2.07630691307E-07
 -1.79294886493E-07
 -1.50571949575E-07
 -1.21658203511E-07
 -9.27475767298E-08
 -6.40300399368E-08
 -3.56900997645E-08
 -7.90534837591E-09
  1.91547790962E-08
  4.53303528047E-08
  7.04720548583E-08
  9.44422069438E-08
  1.17115732223E-07
  1.38380926273E-07
  1.58140167628E-07
  1.76310336997E-07
  1.92823378597E-07
  2.07626456472E-07
  2.20682110808E-07
  2.31968243725E-07
  2.41477977170E-07
  2.49219397119E-07
  2.55215098832E-07
  2.59501774735E-07
  2.62129361772E-07
  2.63160558234E-07
  2.62669857420E-07
  2.60742666569E-07
  2.57474226828E-07
  2.52968561654E-07
  2.47337510473E-07
  2.40699307597E-07
  2.33177559039E-07
  2.24899935120E-07
  2.15996962538E-07
  2.06600702768E-07
  1.96843586764E-07
  1.86857278095E-07
  1.76771280280E-07
  1.66711984662E-07
  1.56801462481E-07
  1.47156484331E-07
  1.37887568030E-07
  1.29097998069E-07
  1.20883100863E-07
  1.13329420515E-07
  1.06514171705E-07
  1.00504607303E-07
  9.53575991502E-08
  9.11192898911E-08
  8.78248016534E-08
  8.54981223597E-08
  8.41520062522E-08
  8.37880307358E-08
  8.43967313813E-08
  8.59578577206E-08
  8.84406645696E-08
  9.18043170373E-08
  9.59983950111E-08
  1.00963461591E-07
  1.06631667052E-07
  1.12927487805E-07
  1.19768486684E-07
  1.27066087430E-07
  1.34726420242E-07
  1.42651330748E-07
  1.50739111859E-07
  1.58885626433E-07
  1.66985074657E-07
  1.74931173547E-07
  1.82617966971E-07
  1.89940791984E-07
  1.96797230956E-07
  2.03088120543E-07
  2.08718162753E-07
  2.13597132870E-07
  2.17640376832E-07
  2.20769706516E-07
  2.22913982384E-07
  2.24010008765E-07
  2.24002661753E-07
  2.22845827125E-07
  2.20502499815E-07
  2.16945352349E-07
  2.12156763268E-07
  2.06129300295E-07
  1.98865535594E-07
  1.90378202092E-07
  1.80690051366E-07
  1.69833882069E-07
  1.57851957283E-07
  1.44796032941E-07
  1.30726661496E-07
  1.15713000071E-07
  9.98320146550E-08
  8.31679187741E-08
  6.58115979491E-08
  4.78597108611E-08
  2.94139912427E-08
  1.05803206196E-08
 -8.53207726692E-09
 -2.78117191499E-08
 -4.71455479101E-08
 -6.64201778022E-08
 -8.55227710872E-08
 -1.04341879137E-07
 -1.22768668120E-07
 -1.40697736128E-07
 -1.58028043984E-07
 -1.74663782104E-07
 -1.90515464737E-07
 -2.05500370498E-07
 -2.19543636604E-07
 -2.32578784676E-07
 -2.44548374440E-07
 -2.55404444260E-07
 -2.65109179054E-07
 -2.73635095027E-07
 -2.80965338106E-07
 -2.87093826046E-07
 -2.92025532644E-07
 -2.95776175108E-07
 -2.98372128782E-07
 -2.99850228203E-07
 -3.00257568142E-07
 -2.99650650959E-07
 -2.98095159224E-07
 -2.95665188332E-07
 -2.92442479122E-07
 -2.88515593638E-07
 -2.83979005644E-07
 -2.78932049014E-07
 -2.73478008239E-07
 -2.67722896297E-07
 -2.61774175669E-07
 -2.55739848853E-07
 -2.49727179380E-07
 -2.43841185465E-07
 -2.38183886836E-07
 -2.32852727322E-07
 -2.27939565889E-07
 -2.23529497134E-07
 -2.19699785475E-07
 -2.16518856178E-07
 -2.14045314806E-07
 -2.12327122995E-07
 -2.11400788430E-07
 -2.11290810626E-07
 -2.12008998801E-07
 -2.13554201878E-07
 -2.15911967416E-07
 -2.19054356876E-07
 -2.22940016670E-07
 -2.27514220796E-07
 -2.32709240322E-07
 -2.38444812339E-07
 -2.44628495238E-07
 -2.51156592412E-07
 -2.57914962276E-07
 -2.64779941972E-07
 -2.71619398973E-07
 -2.78294095324E-07
 -2.84658909777E-07
 -2.90564116767E-07
 -2.95857176980E-07
 -3.00384044749E-07
 -3.03990844941E-07
 -3.06525436145E-07
 -3.07839286506E-07
 -3.07788809550E-07
 -3.06237240011E-07
 -3.03056282291E-07
 -2.98127446285E-07
 -2.91343667413E-07
 -2.82610869817E-07
 -2.71849046385E-07
 -2.58993622992E-07
 -2.43996396421E-07
 -2.26826770700E-07
 -2.07472183433E-07
 -1.85938972663E-07
 -1.62252788982E-07
 -1.36458865541E-07
 -1.08622060679E-07
 -7.88269574059E-08
 -4.71773624611E-08
 -1.37959723645E-08
  2.11762802849E-08
  5.75811220926E-08
  9.52438909962E-08
  1.33974779715E-07
  1.73570057882E-07
  2.13813777350E-07
  2.54479147088E-07
  2.95330494282E-07
  3.36125026479E-07
  3.76614678999E-07
  4.16548516569E-07
  4.55674239674E-07
  4.93740856200E-07
  5.30500301466E-07
  5.65710081446E-07
  5.99134750701E-07
  6.30548584013E-07
  6.59737054320E-07
  6.86498822233E-07
  7.10647952928E-07
  7.32014825644E-07
  7.50448407416E-07
  7.65816878356E-07
  7.78009393798E-07
  7.86937164321E-07
  7.92533626282E-07
  7.94755578681E-07
  7.93583581071E-07
  7.89021953551E-07
  7.81099060987E-07
  7.69866517203E-07
  7.55399639729E-07
  7.37795858186E-07
  7.17174827969E-07
  6.93676611263E-07
  6.67460710702E-07
  6.38704818812E-07
  6.07603396929E-07
  5.74365458306E-07
  5.39213431239E-07
  5.02380487433E-07
  4.64109604081E-07
  4.24650266950E-07
  3.84257248243E-07
  3.43188077068E-07
  3.01700936234E-07
  2.60052672729E-07
  2.18496452931E-07
  1.77279886771E-07
  1.36642952953E-07
  9.68162510162E-08
  5.80190544497E-08
  2.04577652596E-08
 -1.56755639580E-08
 -5.02046830775E-08
 -8.29702528904E-08
 -1.13830886050E-07
 -1.42663964198E-07
 -1.69366316527E-07
 -1.93854589270E-07
 -2.16065672021E-07
 -2.35956449046E-07
 -2.53504083503E-07
 -2.68705349526E-07
 -2.81576291172E-07
 -2.92151582926E-07
 -3.00483662841E-07
 -3.06641737780E-07
 -3.10710589702E-07
 -3.12789637746E-07
 -3.12991090823E-07
 -3.11439066536E-07
 -3.08267630089E-07
 -3.03619458464E-07
 -2.97644106695E-07
 -2.90496416255E-07
 -2.82335008706E-07
 -2.73320267752E-07
 -2.63613145535E-07
 -2.53373428905E-07
 -2.42758204649E-07
 -2.31920481042E-07
 -2.21007994128E-07
 -2.10161672953E-07
 -1.99514744281E-07
 -1.89191680988E-07
 -1.79307349413E-07
 -1.69966284602E-07
 -1.61261880294E-07
 -1.53276275228E-07
 -1.46079671026E-07
 -1.39730488513E-07
 -1.34275083497E-07
 -1.29747874666E-07
 -1.26171613601E-07
 -1.23557782672E-07
 -1.21906793993E-07
 -1.21208742598E-07
 -1.21444145407E-07
 -1.22584282281E-07
 -1.24592304473E-07
 -1.27424044649E-07
 -1.31028826900E-07
 -1.35350262553E-07
 -1.40327500731E-07
 -1.45895839410E-07
 -1.51987862296E-07
 -1.58534206207E-07
 -1.65464598467E-07
 -1.72708496393E-07
 -1.80195982580E-07
 -1.87858461231E-07
 -1.95629368704E-07
 -2.03444542990E-07
 -2.11243033732E-07
 -2.18967187493E-07
 -2.26563145134E-07
 -2.33981154452E-07
 -2.41175570181E-07
 -2.48104981893E-07
 -2.54732157146E-07
 -2.61024126758E-07
 -2.66951815320E-07
 -2.72489756981E-07
 -2.77616294397E-07
 -2.82312612399E-07
 -2.86562794827E-07
 -2.90353227683E-07
 -2.93672258067E-07
 -2.96509654163E-07
 -2.98856434711E-07
 -3.00703959510E-07
 -3.02043929423E-07
 -3.02867903201E-07
 -3.03166984850E-07
 -3.02931198348E-07
 -3.02149516074E-07
 -3.00809887221E-07
 -2.98898498841E-07
 -2.96400116895E-07
 -2.93298143106E-07
 -2.89574387580E-07
 -2.85209466711E-07
 -2.80182860024E-07
 -2.74473222817E-07
 -2.68058954589E-07
 -2.60918255890E-07
 -2.53029810438E-07
 -2.44373353553E-07
 -2.34930084275E-07
 -2.24683375905E-07
 -2.13619344436E-07
 -2.01727516469E-07
 -1.89001397644E-07
 -1.75439240024E-07
 -1.61044468427E-07
 -1.45826518860E-07
 -1.29801065896E-07
 -1.12990825585E-07
 -9.54257970420E-08
 -7.71436603486E-08
 -5.81900181373E-08
 -3.86187792856E-08
 -1.84919866086E-08
  2.12001594058E-09
  2.31388117555E-08
  4.44780035025E-08
  6.60435617306E-08
  8.77345485151E-08
  1.09443242025E-07
  1.31056083319E-07
  1.52454447289E-07
  1.73515402935E-07
  1.94112814711E-07
  2.14118259123E-07
  2.33402190020E-07
  2.51835245990E-07
  2.69289330390E-07
  2.85638975583E-07
  3.00762735606E-07
  3.14544280400E-07
  3.26873902168E-07
  3.37649822768E-07
  3.46779330584E-07
  3.54179945816E-07
  3.59780898407E-07
  3.63523724900E-07
  3.65363661103E-07
  3.65270153679E-07
  3.63227883327E-07
  3.59237276371E-07
  3.53314788981E-07
  3.45493447185E-07
  3.35823045816E-07
  3.24369892724E-07
  3.11216780347E-07
  2.96462616234E-07
  2.80221968296E-07
  2.62624297420E-07
  2.43813076395E-07
  2.23944851996E-07
  2.03188037062E-07
  1.81721659942E-07
  1.59733829719E-07
  1.37420229862E-07
  1.14982455557E-07
  9.26262089251E-08
  7.05594871420E-08
  4.89906994972E-08
  2.81266867574E-08
  8.17082135285E-09
 -1.06790087884E-08
 -2.82322929479E-08
 -4.43078427281E-08
 -5.87355870607E-08
 -7.13583787615E-08
 -8.20337078267E-08
 -9.06351473873E-08
 -9.70538778233E-08
 -1.01199965741E-07
 -1.03003451102E-07
 -1.02415334879E-07
 -9.94083251271E-08
 -9.39774267295E-08
 -8.61403606223E-08
 -7.59375993198E-08
 -6.34324877069E-08
 -4.87108984260E-08
 -3.18807984456E-08
 -1.30715207547E-08
  7.56698614879E-09
  2.98653830555E-08
  5.36360680314E-08
  7.86746952031E-08
  1.04761760156E-07
  1.31664336323E-07
  1.59137997002E-07
  1.86928772905E-07
  2.14775326413E-07
  2.42411061890E-07
  2.69566527322E-07
  2.95971489095E-07
  3.21357475741E-07
  3.45459994833E-07
  3.68020693031E-07
  3.88789914041E-07
  4.07528602864E-07
  4.24010636380E-07
  4.38024642335E-07
