 -2.11194794986E-08
 -1.52263890385E-08
 -9.18841625008E-09
 -3.02315372736E-09
  3.25099058784E-09
  9.61485913109E-09
  1.60486308687E-08
  2.25318945724E-08
  2.90437274231E-08
  3.55627953752E-08
  4.20674410861E-08
  4.85357993796E-08
  5.49458398780E-08
  6.12755712837E-08
  6.75030236152E-08
  7.36064933449E-08
  7.95645007656E-08
  8.53560493397E-08
  9.09605830657E-08
  9.63582351687E-08
  1.01529820995E-07
  1.06457015647E-07
  1.11122389512E-07
  1.15509529053E-07
  1.19603171811E-07
  1.23389213513E-07
  1.26854843074E-07
  1.29988578124E-07
  1.32780343165E-07
  1.35221540631E-07
  1.37305065095E-07
  1.39025402746E-07
  1.40378602964E-07
  1.41362320960E-07
  1.41975846191E-07
  1.42220102362E-07
  1.42097647426E-07
  1.41612673588E-07
  1.40770865187E-07
  1.39579540814E-07
  1.38047525411E-07
  1.36185065003E-07
  1.34003869334E-07
  1.31516898705E-07
  1.28738420813E-07
  1.25683840224E-07
  1.22369684163E-07
  1.18813403560E-07
  1.15033365944E-07
  1.11048684914E-07
  1.06879141981E-07
  1.02545058667E-07
  9.80671259754E-08
  9.34664043939E-08
  8.87640894121E-08
  8.39814049414E-08
  7.91395393662E-08
  7.42594465919E-08
  6.93617963066E-08
  6.44668176619E-08
  5.95941642700E-08
  5.47628431491E-08
  4.99911188001E-08
  4.52963746511E-08
  4.06950313447E-08
  3.62024970002E-08
  3.18330322102E-08
  2.75997340538E-08
  2.35144348437E-08
  1.95876701525E-08
  1.58286326268E-08
  1.22451329077E-08
  8.84358097863E-09
  5.62896840250E-09
  2.60486121562E-09
 -2.26586055474E-10
 -2.86462431554E-09
 -5.30988542025E-09
 -7.56434292981E-09
 -9.63127622100E-09
 -1.15152172242E-08
 -1.32218831439E-08
 -1.47581351584E-08
 -1.61318673975E-08
 -1.73519651980E-08
 -1.84281816473E-08
 -1.93710736340E-08
 -2.01919085896E-08
 -2.09025277087E-08
 -2.15153033167E-08
 -2.20429665632E-08
 -2.24985399200E-08
 -2.28952377057E-08
 -2.32463399641E-08
 -2.35650698954E-08
 -2.38645530004E-08
 -2.41576305626E-08
 -2.44568187924E-08
 -2.47742040216E-08
 -2.51213307934E-08
 -2.55091379131E-08
 -2.59478749598E-08
 -2.64470152445E-08
 -2.70152096249E-08
 -2.76602118987E-08
 -2.83888290653E-08
 -2.92068840224E-08
 -3.01191711571E-08
 -3.11294385824E-08
 -3.22403543862E-08
 -3.34535172897E-08
 -3.47694353309E-08
 -3.61875294175E-08
 -3.77061795120E-08
 -3.93227068685E-08
 -4.10334308754E-08
 -4.28337045832E-08
 -4.47179395735E-08
 -4.66796912235E-08
 -4.87116800230E-08
 -5.08058839443E-08
 -5.29535881810E-08
 -5.51454846232E-08
 -5.73717109376E-08
 -5.96219607019E-08
 -6.18855580115E-08
 -6.41515427446E-08
 -6.64087380642E-08
 -6.86458747623E-08
 -7.08516623149E-08
 -7.30148244088E-08
 -7.51242836827E-08
 -7.71691546220E-08
 -7.91388572452E-08
 -8.10231952642E-08
 -8.28124200325E-08
 -8.44972944947E-08
 -8.60691642401E-08
 -8.75200143469E-08
 -8.88425120138E-08
 -9.00300278772E-08
 -9.10767496975E-08
 -9.19776113051E-08
 -9.27284204977E-08
 -9.33257879865E-08
 -9.37671984502E-08
 -9.40509679026E-08
 -9.41762863249E-08
 -9.41431963497E-08
 -9.39525435228E-08
 -9.36059834089E-08
 -9.31059602749E-08
 -9.24556573523E-08
 -9.16589542044E-08
 -9.07203983047E-08
 -8.96451339827E-08
 -8.84388882127E-08
 -8.71078711384E-08
 -8.56587476505E-08
 -8.40985663331E-08
 -8.24347026196E-08
 -8.06747948445E-08
 -7.88266518725E-08
 -7.68982459931E-08
 -7.48976063392E-08
 -7.28327620436E-08
 -7.07117067122E-08
 -6.85422989477E-08
 -6.63322481387E-08
 -6.40890576165E-08
 -6.18199251790E-08
 -5.95317466434E-08
 -5.72310909774E-08
 -5.49241150338E-08
 -5.26165493397E-08
 -5.03136767804E-08
 -4.80203219411E-08
 -4.57408013688E-08
 -4.34789413362E-08
 -4.12380529724E-08
 -3.90209464740E-08
 -3.68299062359E-08
 -3.46667370366E-08
 -3.25327356165E-08
 -3.04287368635E-08
 -2.83551226943E-08
 -2.63118291599E-08
 -2.42984103949E-08
 -2.23140226296E-08
 -2.03575112323E-08
 -1.84273751813E-08
 -1.65218683179E-08
 -1.46390144451E-08
 -1.27766144331E-08
 -1.09323314845E-08
 -9.10369735152E-09
 -7.28817095563E-09
 -5.48314949000E-09
 -3.68603192413E-09
 -1.89425408692E-09
 -1.05290109964E-10
  1.68330438477E-09
  3.47384321309E-09
  5.26847232507E-09
  7.06923142246E-09
  8.87792328541E-09
  1.06961897117E-08
  1.25254189243E-08
  1.43668090757E-08
  1.62212980825E-08
  1.80896027047E-08
  1.99721856831E-08
  2.18692868259E-08
  2.37808990278E-08
  2.57067895859E-08
  2.76465197402E-08
  2.95994215804E-08
  3.15646424554E-08
  3.35411591834E-08
  3.55277549602E-08
  3.75230904126E-08
  3.95256876118E-08
  4.15339407311E-08
  4.35461586790E-08
  4.55605757566E-08
  4.75753481055E-08
  4.95885927876E-08
  5.15983948901E-08
  5.36028323950E-08
  5.55999513097E-08
  5.75878331688E-08
  5.95645488488E-08
  6.15282047534E-08
  6.34769463659E-08
  6.54089049590E-08
  6.73223041758E-08
  6.92153534487E-08
  7.10862835263E-08
  7.29334033167E-08
  7.47549862012E-08
  7.65493126664E-08
  7.83146916206E-08
  8.00494177611E-08
  8.17517360474E-08
  8.34198772282E-08
  8.50519867868E-08
  8.66462031013E-08
  8.82005366520E-08
  8.97129268651E-08
  9.11812065851E-08
  9.26031020754E-08
  9.39761761742E-08
  9.52978993496E-08
  9.65655786445E-08
  9.77763647825E-08
  9.89272450624E-08
  1.00015085991E-07
  1.01036555122E-07
  1.01988206325E-07
  1.02866422935E-07
  1.03667474605E-07
  1.04387481770E-07
  1.05022451180E-07
  1.05568339848E-07
  1.06020998203E-07
  1.06376241149E-07
  1.06629869379E-07
  1.06777676478E-07
  1.06815512879E-07
  1.06739278749E-07
  1.06545002154E-07
  1.06228846164E-07
  1.05787151483E-07
  1.05216457769E-07
  1.04513610211E-07
  1.03675702690E-07
  1.02700170146E-07
  1.01584845424E-07
  1.00327930852E-07
  9.89280977137E-08
  9.73844720420E-08
  9.56967198817E-08
  9.38650046578E-08
  9.18900724400E-08
  8.97732732597E-08
  8.75165184766E-08
  8.51223376230E-08
  8.25939352467E-08
  7.99351269620E-08
  7.71503607666E-08
  7.42447170410E-08
  7.12239582867E-08
  6.80944012288E-08
  6.48629949751E-08
  6.15372997004E-08
  5.81253765120E-08
  5.46358869258E-08
  5.10779365470E-08
  4.74611177026E-08
  4.37954241761E-08
  4.00912441023E-08
  3.63592675967E-08
  3.26104867554E-08
  2.88560784156E-08
  2.51074148139E-08
  2.13759481227E-08
  1.76732033452E-08
  1.40106610758E-08
  1.03997477297E-08
  6.85173962012E-09
  3.37772831926E-09
 -1.14651474079E-11
 -3.30534311033E-09
 -6.49376996620E-09
 -9.56704493404E-09
 -1.25159509423E-08
 -1.53318140406E-08
 -1.80065402589E-08
 -2.05326600167E-08
 -2.29033716437E-08
 -2.51125822359E-08
 -2.71549307485E-08
 -2.90258306279E-08
 -3.07214698125E-08
 -3.22388551410E-08
 -3.35758194581E-08
 -3.47310127324E-08
 -3.57039411369E-08
 -3.64949208631E-08
 -3.71051349646E-08
 -3.75365658556E-08
 -3.77920130745E-08
 -3.78750790730E-08
 -3.77901159254E-08
 -3.75422430920E-08
 -3.71372905761E-08
 -3.65817598436E-08
 -3.58828131652E-08
 -3.50482203260E-08
 -3.40863195447E-08
 -3.30059712894E-08
 -3.18165263025E-08
 -3.05277474411E-08
 -2.91498096772E-08
 -2.76932095034E-08
 -2.61687276293E-08
 -2.45873952309E-08
 -2.29604228963E-08
 -2.12991615456E-08
 -1.96150491405E-08
 -1.79195662753E-08
 -1.62241935442E-08
 -1.45403440399E-08
 -1.28793464782E-08
 -1.12523874662E-08
 -9.67046709377E-09
 -8.14436695862E-09
 -6.68460975461E-09
 -5.30142330035E-09
 -4.00470723250E-09
 -2.80400058728E-09
 -1.70845393388E-09
 -7.26800841733E-10
  1.32663033336E-10
  8.62111770861E-10
  1.45420187003E-09
  1.90209137330E-09
  2.19946394431E-09
  2.34053976200E-09
  2.32008501300E-09
  2.13343120947E-09
  1.77648062927E-09
  1.24571186699E-09
  5.38199762534E-10
 -3.48394646466E-10
 -1.41581002477E-09
 -2.66518140890E-09
 -4.09703826421E-09
 -5.71130875926E-09
 -7.50731565802E-09
 -9.48377376631E-09
 -1.16387850468E-08
 -1.39698679291E-08
 -1.64739333286E-08
 -1.91472881994E-08
 -2.19856648442E-08
 -2.49842138089E-08
 -2.81374994415E-08
 -3.14395229850E-08
 -3.48837225772E-08
 -3.84630070016E-08
 -4.21697201602E-08
 -4.59957050225E-08
 -4.99322716507E-08
 -5.39702718072E-08
 -5.81000492161E-08
 -6.23115141707E-08
 -6.65941115585E-08
 -7.09369061269E-08
 -7.53285434030E-08
 -7.97572994315E-08
 -8.42111589350E-08
 -8.86777371534E-08
 -9.31444432695E-08
 -9.75983738272E-08
 -1.02026454840E-07
 -1.06415441792E-07
 -1.10751926741E-07
 -1.15022480429E-07
 -1.19213538596E-07
 -1.23311579614E-07
 -1.27303110276E-07
 -1.31174715534E-07
 -1.34913094030E-07
 -1.38505171776E-07
 -1.41938016895E-07
 -1.45199052781E-07
 -1.48275944412E-07
 -1.51156811512E-07
 -1.53830086447E-07
 -1.56284741593E-07
 -1.58510204074E-07
 -1.60496455237E-07
 -1.62234101708E-07
 -1.63714332757E-07
 -1.64929048196E-07
 -1.65870801538E-07
 -1.66532927892E-07
 -1.66909487120E-07
 -1.66995391737E-07
 -1.66786279010E-07
 -1.66278709912E-07
 -1.65470069646E-07
 -1.64358581856E-07
 -1.62943337045E-07
 -1.61224363637E-07
 -1.59202485861E-07
 -1.56879451652E-07
 -1.54257904228E-07
 -1.51341254195E-07
 -1.48133779021E-07
 -1.44640623034E-07
 -1.40867655318E-07
 -1.36821569185E-07
 -1.32509740070E-07
 -1.27940282368E-07
 -1.23121949969E-07
 -1.18064143351E-07
 -1.12776838535E-07
 -1.07270537342E-07
 -1.01556246079E-07
 -9.56454186962E-08
 -8.95498999398E-08
 -8.32818969343E-08
 -7.68538868101E-08
 -7.02786309148E-08
 -6.35690611261E-08
 -5.67382905103E-08
 -4.97994889770E-08
 -4.27659330171E-08
 -3.56508778054E-08
 -2.84675518714E-08
 -2.12291197954E-08
 -1.39486244777E-08
 -6.63895960429E-09
  6.87159718016E-10
  8.01723576416E-09
  1.53390100621E-08
  2.26404957004E-08
  2.99099944812E-08
  3.71361004170E-08
  4.43077539103E-08
  5.14141973440E-08
  5.84450710051E-08
  6.53903029502E-08
  7.22401765074E-08
  7.89854084360E-08
  8.56169819485E-08
  9.21262355291E-08
  9.85048771440E-08
  1.04744941609E-07
  1.10838747958E-07
  1.16778949177E-07
  1.22558518001E-07
  1.28170626112E-07
  1.33608807573E-07
  1.38866766974E-07
  1.43938493125E-07
  1.48818173784E-07
  1.53500153033E-07
  1.57979073379E-07
  1.62249634172E-07
  1.66306790561E-07
  1.70145625589E-07
  1.73761321776E-07
  1.77149260594E-07
  1.80304922992E-07
  1.83223889394E-07
  1.85901967598E-07
  1.88334965401E-07
  1.90518960608E-07
  1.92450002601E-07
  1.94124439190E-07
  1.95538703451E-07
  1.96689384779E-07
  1.97573271521E-07
  1.98187336764E-07
  1.98528837814E-07
  1.98595159873E-07
  1.98384043415E-07
  1.97893442078E-07
  1.97121650558E-07
  1.96067333036E-07
  1.94729423697E-07
  1.93107325686E-07
  1.91200768995E-07
  1.89010037843E-07
  1.86535757507E-07
  1.83779150120E-07
  1.80741935196E-07
  1.77426315418E-07
  1.73835090322E-07
  1.69971727360E-07
  1.65840162936E-07
  1.61445044000E-07
  1.56791685413E-07
  1.51885984678E-07
  1.46734549844E-07
  1.41344642657E-07
  1.35724221195E-07
  1.29881883026E-07
  1.23826936260E-07
  1.17569314284E-07
  1.11119653923E-07
  1.04489231489E-07
  9.76899059424E-08
  9.07341899392E-08
  8.36351432554E-08
  7.64063941006E-08
  6.90620680643E-08
  6.16168023271E-08
  5.40856426312E-08
  4.64840574921E-08
  3.88278529329E-08
  3.11331298519E-08
  2.34162449431E-08
  1.56937538520E-08
  7.98232768773E-09
  2.98722296899E-10
 -7.34029637073E-09
 -1.49180188203E-08
 -2.24178453578E-08
 -2.98233615581E-08
 -3.71184043502E-08
 -4.42871055384E-08
 -5.13140037128E-08
 -5.81840460256E-08
 -6.48827267469E-08
 -7.13960659482E-08
 -7.77107018735E-08
 -8.38140010728E-08
 -8.96940193229E-08
 -9.53396224190E-08
 -1.00740443543E-07
 -1.05887060897E-07
 -1.10770912443E-07
 -1.15384374055E-07
 -1.19720766634E-07
 -1.23774427152E-07
 -1.27540658923E-07
 -1.31015738702E-07
 -1.34197023272E-07
 -1.37082764695E-07
 -1.39672252431E-07
 -1.41965756484E-07
 -1.43964442145E-07
 -1.45670441043E-07
 -1.47086694824E-07
 -1.48217011997E-07
 -1.49065968458E-07
 -1.49638907487E-07
 -1.49941797645E-07
 -1.49981232767E-07
 -1.49764332491E-07
 -1.49298713836E-07
 -1.48592377514E-07
 -1.47653636873E-07
 -1.46491103692E-07
 -1.45113531858E-07
 -1.43529760521E-07
 -1.41748714100E-07
 -1.39779189112E-07
 -1.37629925234E-07
 -1.35309463190E-07
 -1.32826102117E-07
 -1.30187842728E-07
 -1.27402302041E-07
 -1.24476741803E-07
 -1.21417954801E-07
 -1.18232271973E-07
 -1.14925519767E-07
 -1.11503034361E-07
 -1.07969619023E-07
 -1.04329551220E-07
 -1.00586618146E-07
 -9.67441309285E-08
 -9.28048891069E-08
 -8.87713085262E-08
 -8.46454071279E-08
 -8.04288760037E-08
 -7.61231220281E-08
 -7.17293673347E-08
 -6.72486777376E-08
 -6.26820693128E-08
 -5.80305723474E-08
 -5.32953308152E-08
 -4.84776876419E-08
 -4.35792273379E-08
 -3.86019429754E-08
 -3.35482681635E-08
 -2.84211463253E-08
 -2.32241816889E-08
 -1.79616286289E-08
 -1.26385364396E-08
 -7.26076798685E-09
 -1.83505544094E-09
  3.63093066724E-09
  9.12856368274E-09
  1.46482284080E-08
  2.01793266541E-08
  2.57102303891E-08
  3.12283674475E-08
  3.67201664631E-08
  4.21711696674E-08
  4.75660080212E-08
  5.28885557571E-08
  5.81219339324E-08
  6.32486489849E-08
  6.82506495764E-08
  7.31094971229E-08
  7.78064759288E-08
  8.23226997682E-08
  8.66392539933E-08
  9.07374158032E-08
  9.45987324030E-08
  9.82051986398E-08
  1.01539441744E-07
  1.04584870542E-07
  1.07325895726E-07
  1.09747894328E-07
  1.11837685779E-07
  1.13583304540E-07
  1.14974454846E-07
  1.16002503603E-07
  1.16660594074E-07
  1.16943809303E-07
  1.16849079745E-07
  1.16375566961E-07
  1.15524507294E-07
  1.14299226084E-07
  1.12705336619E-07
  1.10750548288E-07
  1.08444737634E-07
  1.05799983885E-07
  1.02830362891E-07
  9.95519542357E-08
  9.59827488600E-08
  9.21424501144E-08
  8.80525021785E-08
  8.37357561068E-08
  7.92163987740E-08
  7.45197823449E-08
  6.96722182170E-08
  6.47007709631E-08
  5.96330380631E-08
  5.44969900318E-08
  4.93206471219E-08
  4.41319798483E-08
  3.89586141125E-08
  3.38276500145E-08
  2.87654344788E-08
  2.37973694084E-08
  1.89477233903E-08
  1.42394354086E-08
  9.69397273565E-09
  5.33116883972E-09
  1.16908516201E-09
 -2.77608847021E-09
 -6.49012443787E-09
 -9.96085969263E-09
 -1.31781945356E-08
 -1.61341731086E-08
 -1.88229609677E-08
 -2.12408188816E-08
 -2.33860788512E-08
 -2.52591014771E-08
 -2.68621658250E-08
 -2.81993592921E-08
 -2.92765136578E-08
 -3.01010132375E-08
 -3.06816900775E-08
 -3.10286267791E-08
 -3.11529966268E-08
 -3.10669285852E-08
 -3.07832408453E-08
 -3.03153306902E-08
 -2.96769062658E-08
 -2.88819208549E-08
 -2.79442460283E-08
 -2.68776343404E-08
 -2.56954297839E-08
 -2.44105393676E-08
 -2.30351773212E-08
 -2.15808224624E-08
 -2.00580956289E-08
 -1.84766246747E-08
 -1.68450764448E-08
 -1.51709738105E-08
 -1.34608022506E-08
 -1.17199130401E-08
 -9.95260762693E-09
 -8.16209144716E-09
 -6.35065067200E-09
 -4.51959847325E-09
 -2.66946997840E-09
 -8.00100374843E-10
  1.08921582864E-09
  2.99967228834E-09
  4.93274043833E-09
  6.88996237841E-09
  8.87290330098E-09
  1.08828839274E-08
  1.29209025701E-08
  1.49873677913E-08
  1.70820477763E-08
  1.92038829283E-08
  2.13508641878E-08
  2.35198758247E-08
  2.57066687936E-08
  2.79056937558E-08
  3.01101188427E-08
  3.23117248513E-08
  3.45009674163E-08
  3.66669112850E-08
  3.87973422278E-08
  4.08787883543E-08
  4.28966160371E-08
  4.48351933358E-08
  4.66779859210E-08
  4.84077453677E-08
  5.00067045550E-08
  5.14567943810E-08
  5.27398711370E-08
  5.38379545389E-08
  5.47334977341E-08
  5.54096537542E-08
  5.58505668380E-08
  5.60415891471E-08
  5.59696253788E-08
  5.56233494819E-08
  5.49935066374E-08
  5.40731264209E-08
  5.28576933334E-08
  5.13454914142E-08
  4.95376326626E-08
  4.74383234916E-08
  4.50548718334E-08
  4.23978328001E-08
  3.94810868443E-08
  3.63217118604E-08
  3.29400968724E-08
  2.93597466339E-08
  2.56072070215E-08
  2.17119104917E-08
  1.77059291673E-08
  1.36237368054E-08
  9.50190770510E-09
  5.37882272056E-09
  1.29426258599E-09
 -2.71096767257E-09
 -6.59547838566E-09
 -1.03177217881E-08
 -1.38365043867E-08
 -1.71113949676E-08
 -2.01033181213E-08
 -2.27749712423E-08
 -2.50913334554E-08
 -2.70201994113E-08
 -2.85325914007E-08
 -2.96032265368E-08
 -3.02109626205E-08
 -3.03393115075E-08
 -2.99764302270E-08
 -2.91159203414E-08
 -2.77567728801E-08
 -2.59035921601E-08
 -2.35670114535E-08
 -2.07634958116E-08
 -1.75157097715E-08
 -1.38521629722E-08
 -9.80721637234E-09
 -5.42125100367E-09
 -7.40039141078E-10
  4.18537426938E-09
  9.29899535151E-09
  1.45401948259E-08
  1.98443181887E-08
  2.51431941933E-08
  3.03656690903E-08
  3.54381484158E-08
  4.02852755599E-08
  4.48307595491E-08
  4.89977942664E-08
  5.27101278180E-08
  5.58925528082E-08
  5.84717554375E-08
  6.03770615726E-08
  6.15412076854E-08
  6.19009412617E-08
  6.13978130559E-08
  5.99788236855E-08
  5.75969920646E-08
  5.42120623948E-08
  4.97907990393E-08
  4.43076721979E-08
  3.77451101485E-08
  3.00938509668E-08
  2.13532409532E-08
  1.15313500970E-08
  6.45090536544E-10
 -1.12797531315E-08
 -2.42086510838E-08
 -3.80984239712E-08
 -5.28974801739E-08
 -6.85461714056E-08
 -8.49771311096E-08
 -1.02115812695E-07
 -1.19880866123E-07
 -1.38184915954E-07
 -1.56935129780E-07
 -1.76033864818E-07
 -1.95379541879E-07
 -2.14867284853E-07
 -2.34389929687E-07
 -2.53838635444E-07
 -2.73103921700E-07
 -2.92076407504E-07
 -3.10647891411E-07
 -3.28711593056E-07
 -3.46163858467E-07
 -3.62904216900E-07
 -3.78836517712E-07
 -3.93869356685E-07
 -4.07917212897E-07
 -4.20900477138E-07
 -4.32746446677E-07
 -4.43389581051E-07
 -4.52771956816E-07
 -4.60843637029E-07
 -4.67562927042E-07
 -4.72896459769E-07
 -4.76819479900E-07
 -4.79315758639E-07
 -4.80377423173E-07
 -4.80005155623E-07
 -4.78207653032E-07
 -4.75001598943E-07
 -4.70411151809E-07
 -4.64467802885E-07
 -4.57209495153E-07
 -4.48680737009E-07
 -4.38931436975E-07
 -4.28016875276E-07
 -4.15996623815E-07
 -4.02934404065E-07
 -3.88897035464E-07
 -3.73953980670E-07
 -3.58176777127E-07
 -3.41638354939E-07
 -3.24412326336E-07
 -3.06572502495E-07
 -2.88192381959E-07
 -2.69344411663E-07
 -2.50099759569E-07
 -2.30527760436E-07
 -2.10695446867E-07
 -1.90667336142E-07
 -1.70505060737E-07
 -1.50267197796E-07
 -1.30009013333E-07
 -1.09782448021E-07
 -8.96359466651E-08
 -6.96145292522E-08
 -4.97597874016E-08
 -3.01099802869E-08
 -1.07001882910E-08
  8.43750314061E-09
  2.72738205354E-08
  4.57820377164E-08
  6.39376906975E-08
  8.17183050117E-08
  9.91030688624E-08
  1.16072584433E-07
  1.32608406034E-07
  1.48692933521E-07
  1.64308900708E-07
  1.79439240355E-07
  1.94066785753E-07
  2.08174014915E-07
  2.21742865847E-07
  2.34754551798E-07
  2.47189518632E-07
  2.59027189031E-07
  2.70246147238E-07
  2.80824025367E-07
  2.90737546038E-07
  2.99962749750E-07
  3.08475080146E-07
  3.16249526122E-07
  3.23261076574E-07
  3.29484663553E-07
  3.34895986498E-07
  3.39471398547E-07
  3.43188645502E-07
  3.46027036358E-07
  3.47968040160E-07
  3.48995740751E-07
  3.49097206254E-07
  3.48262830130E-07
  3.46487183833E-07
  3.43768846278E-07
  3.40111341757E-07
  3.35523282047E-07
  3.30018565364E-07
  3.23616802689E-07
  3.16343658824E-07
  3.08230795554E-07
  2.99316155861E-07
  2.89643935503E-07
  2.79264526171E-07
  2.68234515488E-07
  2.56616488059E-07
  2.44478599143E-07
  2.31894617286E-07
  2.18943171149E-07
  2.05707394230E-07
  1.92274399069E-07
  1.78734666179E-07
  1.65181234024E-07
  1.51709059537E-07
  1.38414236517E-07
  1.25393114558E-07
  1.12741325609E-07
  1.00552981053E-07
  8.89196840603E-08
  7.79295703524E-08
  6.76663987065E-08
  5.82085419865E-08
  4.96280847528E-08
  4.19899741644E-08
  3.53510820617E-08
  2.97594500154E-08
  2.52535681255E-08
  2.18616253989E-08
  1.96009928288E-08
  1.84776958179E-08
  1.84860002861E-08
  1.96081408887E-08
  2.18141380515E-08
  2.50617038233E-08
  2.92963022730E-08
  3.44514603512E-08
  4.04488069705E-08
  4.71987604556E-08
  5.46011627023E-08
  6.25456877401E-08
  7.09128542553E-08
  7.95749173221E-08
  8.83971580379E-08
  9.72386189346E-08
  1.05953667173E-07
  1.14393472472E-07
  1.22407058711E-07
  1.29843186869E-07
  1.36551605578E-07
  1.42384863011E-07
  1.47200026390E-07
  1.50859904124E-07
  1.53235106382E-07
  1.54205437752E-07
  1.53661488866E-07
  1.51506256429E-07
  1.47656450622E-07
  1.42043845131E-07
  1.34616740866E-07
  1.25340775980E-07
  1.14200183532E-07
  1.01198530444E-07
  8.63593427880E-08
  6.97266742122E-08
  5.13654221379E-08
  3.13614805236E-08
  9.82154180207E-09
 -1.31270718740E-08
 -3.73369388740E-08
 -6.26413125815E-08
 -8.88549323008E-08
 -1.15775335985E-07
 -1.43184081480E-07
 -1.70848323933E-07
 -1.98522613459E-07
 -2.25950799404E-07
 -2.52868119333E-07
 -2.79003558035E-07
 -3.04082078628E-07
 -3.27827422097E-07
 -3.49964381030E-07
 -3.70221869161E-07
 -3.88335536172E-07
 -4.04050496172E-07
 -4.17124226715E-07
 -4.27329410968E-07
 -4.34456580933E-07
 -4.38316959617E-07
 -4.38744763187E-07
 -4.35599957882E-07
 -4.28770277949E-07
 -4.18173584649E-07
 -4.03759514711E-07
 -3.85511469858E-07
 -3.63447554719E-07
 -3.37622225288E-07
 -3.08126772097E-07
 -2.75090002333E-07
 -2.38678353526E-07
 -1.99095808284E-07
 -1.56583240596E-07
 -1.11417818971E-07
 -6.39113935108E-08
 -1.44094762788E-08
  3.67114374455E-08
  8.90455567060E-08
  1.42160544669E-07
  1.95600904362E-07
  2.48890643206E-07
  3.01537284031E-07
  3.53035488843E-07
  4.02871279448E-07
  4.50525817541E-07
  4.95480719565E-07
  5.37221865216E-07
  5.75244257561E-07
  6.09056883150E-07
  6.38187486857E-07
  6.62187062517E-07
  6.80634684613E-07
  6.93141885222E-07
  6.99357087797E-07
  6.98969699897E-07
  6.91714035383E-07
  6.77372952396E-07
  6.55781093428E-07
  6.26827500128E-07
  5.90458398619E-07
  5.46679359559E-07
  4.95556207625E-07
  4.37216613136E-07
  3.71850291003E-07
  2.99709370211E-07
  2.21107157472E-07
  1.36417540375E-07
  4.60729374652E-08
 -4.94377694338E-08
 -1.49572343844E-07
 -2.53738335232E-07
 -3.61297225027E-07
 -4.71568625926E-07
 -5.83835287671E-07
 -6.97348809808E-07
 -8.11334302853E-07
 -9.24997493712E-07
 -1.03753063740E-06
 -1.14811928142E-06
 -1.25594874589E-06
 -1.36021162689E-06
 -1.46011370816E-06
 -1.55488248765E-06
 -1.64377252077E-06
 -1.72607394688E-06
 -1.80111635473E-06
 -1.86827867310E-06
 -1.92699235413E-06
 -1.97674739866E-06
 -2.01709917746E-06
 -2.04767115974E-06
 -2.06815980164E-06
 -2.07833727472E-06
 -2.07805692298E-06
 -2.06725076168E-06
 -2.04593493436E-06
 -2.01420857593E-06
 -1.97225381271E-06
 -1.92033530766E-06
 -1.85879821402E-06
 -1.78806521944E-06
 -1.70863506810E-06
 -1.62107676260E-06
 -1.52602558501E-06
 -1.42417832194E-06
 -1.31628655708E-06
 -1.20315064578E-06
 -1.08561255274E-06
 -9.64548007687E-07
 -8.40859513573E-07
 -7.15467251666E-07
 -5.89301293985E-07
 -4.63292565200E-07
 -3.38364571917E-07
 -2.15424847738E-07
 -9.53560999051E-08
  2.09918749050E-08
  1.32809887532E-07
  2.39337822450E-07
  3.39870979360E-07
  4.33767411323E-07
  5.20453284025E-07
  5.99429313297E-07
  6.70274573622E-07
  7.32650448754E-07
  7.86304497069E-07
  8.31071702123E-07
  8.66876689543E-07
  8.93732931218E-07
  9.11743939014E-07
  9.21099740481E-07
  9.22076708321E-07
  9.15032160265E-07
  9.00401744275E-07
  8.78693924733E-07
  8.50484127568E-07
  8.16408260107E-07
  7.77155605647E-07
  7.33461547497E-07
  6.86098417191E-07
  6.35867479559E-07
  5.83589724101E-07
  5.30096713192E-07
  4.76221373447E-07
  4.22788076548E-07
  3.70603942201E-07
  3.20449458968E-07
  2.73069645118E-07
  2.29165493693E-07
  1.89386355487E-07
  1.54322165713E-07
  1.24496949638E-07
  1.00362775868E-07
  8.22945978030E-08
  7.05858695937E-08
  6.54455263316E-08
  6.69951916166E-08
  7.52681685867E-08
  9.02088501675E-08
  1.11673820413E-07
  1.39433240065E-07
  1.73173873463E-07
  2.12502982322E-07
  2.56952915834E-07
  3.05986873173E-07
  3.59005724704E-07
  4.15354946881E-07
  4.74333006650E-07
  5.35199887963E-07
  5.97186385676E-07
  6.59503598399E-07
  7.21352932942E-07
  7.81936307703E-07
  8.40465986585E-07
  8.96174867648E-07
  9.48326317030E-07
  9.96224116534E-07
  1.03922116068E-06
  1.07672826744E-06
  1.10822224997E-06
  1.13325336315E-06
  1.15145087420E-06
  1.16252988391E-06
  1.16629428248E-06
  1.16264050121E-06
  1.15156058200E-06
  1.13314229111E-06
  1.10756866434E-06
  1.07511766601E-06
  1.03615843727E-06
  9.91147999230E-07
  9.40626080137E-07
  8.85208748969E-07
  8.25581480512E-07
  7.62490401485E-07
  6.96733650329E-07
  6.29150918030E-07
  5.60613045764E-07
  4.92010315156E-07
  4.24241108021E-07
  3.58199571338E-07
  2.94763509601E-07
  2.34781694530E-07
  1.79062226380E-07
  1.28360255758E-07
  8.33666362610E-08
  4.46970176426E-08
  1.28816273204E-08
 -1.16439808906E-08
 -2.85473689132E-08
 -3.76062487817E-08
 -3.87146741332E-08
 -3.18872857008E-08
 -1.72630851836E-08
  4.89321472230E-09
  3.41910322277E-08
  7.01152060856E-08
  1.12028949673E-07
  1.59178540571E-07
  2.10699838021E-07
  2.65625601514E-07
  3.22895175486E-07
  3.81365026669E-07
  4.39821207010E-07
  4.96992299759E-07
  5.51564255602E-07
  6.02195825650E-07
  6.47534818654E-07
  6.86235352987E-07
  7.16975080195E-07
  7.38473545425E-07
  7.49509808884E-07
  7.48940578887E-07
  7.35717833322E-07
  7.08906270575E-07
  6.67699680434E-07
  6.11436746567E-07
  5.39615825801E-07
  4.51908505283E-07
  3.48171255382E-07
  2.28456457307E-07
  9.30208798877E-08
 -5.76674494823E-08
 -2.22923887350E-07
 -4.01844772568E-07
 -5.93306310748E-07
 -7.95966343503E-07
 -1.00826764537E-06
 -1.22844448924E-06
 -1.45453032019E-06
 -1.68436861259E-06
 -1.91562548935E-06
 -2.14580404645E-06
 -2.37226163335E-06
 -2.59222883869E-06
 -2.80282961285E-06
 -3.00110150420E-06
 -3.18402294397E-06
 -3.34853393724E-06
 -3.49156539414E-06
 -3.61006254934E-06
 -3.70101429326E-06
 -3.76147886527E-06
 -3.78861363970E-06
 -3.77970081900E-06
 -3.73217471861E-06
 -3.64364882444E-06
 -3.51194103132E-06
 -3.33509910888E-06
 -3.11142071041E-06
 -2.83947997559E-06
 -2.51814230978E-06
 -2.14658621189E-06
 -1.72431612100E-06
 -1.25117799143E-06
 -7.27369695142E-07
 -1.53448766582E-07
  4.69659767077E-07
  1.14066233436E-06
  1.85789406260E-06
  2.61932268586E-06
  3.42255270880E-06
  4.26483302363E-06
  5.14306657351E-06
  6.05382592767E-06
  6.99336578691E-06
  7.95764208306E-06
  8.94233107829E-06
  9.94285346678E-06
  1.09543962026E-05
  1.19719406939E-05
  1.29902900881E-05
  1.40040910992E-05
  1.50078776642E-05
  1.59960854944E-05
  1.69630984601E-05
  1.79032704182E-05
  1.88109606825E-05
  1.96805649466E-05
  2.05065480259E-05
  2.12834747799E-05
  2.20060392166E-05
  2.26690972340E-05
  2.32676939049E-05
  2.37970907619E-05
  2.42527858063E-05
  2.46305517067E-05
  2.49264467129E-05
  2.51368328463E-05
  2.52584086411E-05
  2.52882236964E-05
  2.52236750384E-05
  2.50625416811E-05
  2.48029919021E-05
  2.44435777859E-05
  2.39832643274E-05
  2.34214112425E-05
  2.27577984333E-05
  2.19926096179E-05
  2.11264396057E-05
  2.01602906600E-05
  1.90955670405E-05
  1.79340750037E-05
  1.66780100699E-05
  1.53299442900E-05
  1.38928326123E-05
  1.23699855976E-05
  1.07650694190E-05
  9.08208403416E-06
  7.32535727366E-06
  5.49953074369E-06
  3.60954140888E-06
  1.66060874562E-06
 -3.41780690860E-07
 -2.39188830164E-06
 -4.48374066764E-06
 -6.61114336253E-06
 -8.76770172908E-06
 -1.09468337541E-05
 -1.31417873490E-05
 -1.53456603584E-05
 -1.75514142029E-05
 -1.97518947971E-05
 -2.19398443733E-05
 -2.41079396801E-05
 -2.62487719738E-05
 -2.83549034066E-05
 -3.04188761220E-05
 -3.24332177115E-05
 -3.43904830515E-05
 -3.62832543033E-05
 -3.81041863875E-05
 -3.98460069846E-05
 -4.15015565522E-05
 -4.30637992395E-05
 -4.45258629043E-05
 -4.58810427517E-05
 -4.71228486276E-05
 -4.82450377604E-05
 -4.92416002089E-05
 -5.01068352605E-05
 -5.08353514306E-05
 -5.14221101184E-05
 -5.18624437973E-05
 -5.21520960319E-05
 -5.22872396687E-05
 -5.22645095771E-05
 -5.20810353919E-05
 -5.17344742548E-05
 -5.12230144523E-05
 -5.05454336235E-05
 -4.97010951221E-05
 -4.86899953103E-05
 -4.75127490063E-05
 -4.61706549686E-05
 -4.46656849817E-05
 -4.30004984082E-05
 -4.11784494645E-05
 -3.92036090489E-05
 -3.70807756553E-05
 -3.48154499079E-05
 -3.24138418364E-05
 -2.98828745144E-05
 -2.72301695077E-05
 -2.44640195888E-05
 -2.15933869185E-05
 -1.86278648471E-05
 -1.55776542670E-05
 -1.24535381474E-05
 -9.26682605495E-06
 -6.02933141636E-06
 -2.75331422017E-06
  5.48567129499E-07
  3.86330793845E-06
  7.17761895430E-06
  1.04779828689E-05
  1.37507258842E-05
  1.69820796145E-05
  2.01582515729E-05
  2.32654965657E-05
  2.62902067334E-05
  2.92189542961E-05
  3.20385988744E-05
  3.47363420587E-05
  3.72998219973E-05
  3.97171716031E-05
  4.19770913140E-05
  4.40689400421E-05
  4.59827933810E-05
  4.77094945381E-05
  4.92407525599E-05
  5.05691641592E-05
  5.16882864758E-05
  5.25926916453E-05
  5.32779813511E-05
  5.37408850505E-05
  5.39792199561E-05
  5.39919565199E-05
  5.37792293471E-05
  5.33423517481E-05
  5.26838193764E-05
  5.18072993145E-05
  5.07176155224E-05
  4.94207379234E-05
  4.79237751279E-05
  4.62348980363E-05
  4.43633325631E-05
  4.23192941525E-05
  4.01139404858E-05
  3.77593169105E-05
  3.52682582161E-05
  3.26543522533E-05
  2.99318344332E-05
  2.71155240625E-05
  2.42207061092E-05
  2.12630675378E-05
  1.82585936273E-05
  1.52234597408E-05
  1.21739421957E-05
  9.12631548999E-06
  6.09674816587E-06
  3.10120890390E-06
  1.55357867015E-07
 -2.72554575531E-06
 -5.52673873244E-06
 -8.23404934636E-06
 -1.08339827420E-05
 -1.33138064484E-05
 -1.56616242748E-05
 -1.78664540726E-05
 -1.99182959477E-05
 -2.18081841012E-05
 -2.35282477661E-05
 -2.50717457675E-05
 -2.64331192739E-05
 -2.76079954347E-05
 -2.85932346742E-05
 -2.93869234156E-05
 -2.99883831758E-05
 -3.03981687466E-05
 -3.06180445477E-05
 -3.06509646180E-05
 -3.05010435113E-05
 -3.01735144603E-05
 -2.96746839012E-05
 -2.90118696284E-05
 -2.81933535007E-05
 -2.72282904916E-05
 -2.61266577581E-05
 -2.48991582339E-05
 -2.35571424128E-05
 -2.21125192184E-05
 -2.05776686926E-05
 -1.89653310372E-05
 -1.72885283973E-05
 -1.55604593601E-05
 -1.37944016387E-05
 -1.20036047520E-05
 -1.02012118077E-05
 -8.40014581627E-06
 -6.61303010929E-06
 -4.85209056933E-06
 -3.12907604894E-06
 -1.45517606143E-06
  1.59058899385E-07
  1.70377938957E-06
  3.16990849569E-06
  4.54919018011E-06
  5.83424707656E-06
  7.01861927155E-06
  8.09679841041E-06
  9.06424884306E-06
  9.91743854684E-06
  1.06538373075E-05
  1.12719253593E-05
  1.17711824714E-05
  1.21520788525E-05
  1.24160478663E-05
  1.25654596559E-05
  1.26035820358E-05
  1.25345350170E-05
  1.23632480609E-05
  1.20953927762E-05
  1.17373283501E-05
  1.12960333354E-05
  1.07790283437E-05
  1.01943123809E-05
  9.55027189775E-06
  8.85561257746E-06
  8.11926838651E-06
  7.35032244847E-06
  6.55792246107E-06
  5.75120157009E-06
  4.93919105793E-06
  4.13074803873E-06
  3.33446882905E-06
  2.55862664744E-06
  1.81109135156E-06
  1.09927100311E-06
  4.30048430644E-07
 -1.90275997625E-07
 -7.56032932259E-07
 -1.26222232666E-06
 -1.70455564330E-06
 -2.07948596653E-06
 -2.38422921939E-06
 -2.61677905655E-06
 -2.77591379927E-06
 -2.86120621240E-06
 -2.87300645141E-06
 -2.81243887912E-06
 -2.68137341664E-06
 -2.48240553447E-06
 -2.21882169171E-06
 -1.89455704458E-06
 -1.51415633809E-06
 -1.08272047328E-06
 -6.05849493240E-07
 -8.95917793287E-08
  4.59627585769E-07
  1.03506567939E-06
  1.62973208262E-06
  2.23645974984E-06
  2.84797329186E-06
  3.45696253135E-06
  4.05615310228E-06
  4.63837614006E-06
  5.19663853993E-06
  5.72418866795E-06
  6.21458366368E-06
  6.66174628350E-06
  7.06002401785E-06
  7.40424502510E-06
  7.68976406107E-06
  7.91250568000E-06
  8.06900243333E-06
  8.15642579255E-06
  8.17261843622E-06
  8.11610061646E-06
  7.98610199126E-06
  7.78254889156E-06
  7.50607978262E-06
  7.15803253115E-06
  6.74042667015E-06
  6.25595521342E-06
  5.70795509702E-06
  5.10036807100E-06
  4.43772159997E-06
  3.72506565327E-06
  2.96794382848E-06
  2.17233696276E-06
  1.34460253776E-06
  4.91427442739E-07
 -3.80240521736E-07
 -1.26325653582E-06
 -2.15033583117E-06
 -3.03412844005E-06
 -3.90727791455E-06
 -4.76249169878E-06
 -5.59260615773E-06
 -6.39064865027E-06
 -7.14990028428E-06
 -7.86395958130E-06
 -8.52679022501E-06
 -9.13278381631E-06
 -9.67680534814E-06
 -1.01542364064E-05
 -1.05610115497E-05
 -1.08936674224E-05
 -1.11493591248E-05
 -1.13258874990E-05
 -1.14217182272E-05
 -1.14359972940E-05
 -1.13685491669E-05
 -1.12198849820E-05
 -1.09911916297E-05
 -1.06843190224E-05
 -1.03017673609E-05
 -9.84665985015E-06
 -9.32271268539E-06
 -8.73420685821E-06
 -8.08594177215E-06
 -7.38319795346E-06
 -6.63168475512E-06
 -5.83749579164E-06
 -5.00705027662E-06
 -4.14703708884E-06
 -3.26435838360E-06
 -2.36606592807E-06
 -1.45930516737E-06
 -5.51247296698E-07
  3.50964484142E-07
  1.24028440496E-06
  2.10981716009E-06
  2.95287713925E-06
  3.76304706151E-06
  4.53422626379E-06
  5.26068606632E-06
  5.93710819885E-06
  6.55863641441E-06
  7.12090604793E-06
  7.62008312449E-06
  8.05288891570E-06
  8.41662495077E-06
  8.70919120644E-06
  8.92909793038E-06
  9.07547564566E-06
  9.14806696528E-06
  9.14724205359E-06
  9.07396679395E-06
  8.92980460776E-06
  8.71688916959E-06
  8.43790712679E-06
  8.09605990071E-06
  7.69503822085E-06
  7.23898028809E-06
  6.73243403071E-06
  6.18031162958E-06
  5.58784313398E-06
  4.96052825838E-06
  4.30408454122E-06
  3.62439618584E-06
  2.92745994557E-06
  2.21933214561E-06
  1.50607525029E-06
  7.93704998614E-07
  8.81381581053E-08
 -6.04857348208E-07
 -1.27971031816E-06
 -1.93109417523E-06
 -2.55396821558E-06
 -3.14361909659E-06
 -3.69569738723E-06
 -4.20625201514E-06
 -4.67175550511E-06
 -5.08913581143E-06
 -5.45578905076E-06
 -5.76959973841E-06
 -6.02895579505E-06
 -6.23274809186E-06
 -6.38037727185E-06
 -6.47175238555E-06
 -6.50727679385E-06
 -6.48785044177E-06
 -6.41484029984E-06
 -6.29006626696E-06
 -6.11578252574E-06
 -5.89464389122E-06
 -5.62967670703E-06
 -5.32424928679E-06
 -4.98203144161E-06
 -4.60696219307E-06
 -4.20320247940E-06
 -3.77510104954E-06
 -3.32714694196E-06
 -2.86392969429E-06
 -2.39009364122E-06
 -1.91029653251E-06
 -1.42916474033E-06
 -9.51253639414E-07
 -4.81006111386E-07
 -2.27136229825E-08
  4.19520375772E-07
  8.41814880914E-07
  1.24054395201E-06
  1.61236528129E-06
  1.95424604499E-06
  2.26348674914E-06
  2.53774010162E-06
  2.77502635981E-06
  2.97374617730E-06
  3.13268992613E-06
  3.25104042531E-06
  3.32837612405E-06
  3.36466700901E-06
  3.36026982950E-06
  3.31591786562E-06
  3.23270751323E-06
  3.11208214043E-06
  2.95581594401E-06
  2.76598575510E-06
  2.54495557783E-06
  2.29534202845E-06
  2.01999068850E-06
  1.72194393144E-06
  1.40441147778E-06
  1.07073515210E-06
  7.24358926618E-07
  3.68793678263E-07
  7.58334373074E-09
 -3.55726740509E-07
 -7.17624857316E-07
 -1.07466235022E-06
 -1.42348619647E-06
 -1.76086723513E-06
 -2.08372853194E-06
 -2.38917027673E-06
 -2.67449422608E-06
 -2.93722541755E-06
 -3.17513081427E-06
 -3.38623385687E-06
 -3.56883151653E-06
 -3.72150248040E-06
 -3.84311761081E-06
 -3.93284199163E-06
 -3.99014152208E-06
 -4.01477882406E-06
 -4.00681074098E-06
 -3.96658788304E-06
 -3.89473643736E-06
 -3.79215589419E-06
 -3.66000176655E-06
 -3.49967308466E-06
 -3.31279170496E-06
 -3.10118662128E-06
 -2.86687100015E-06
 -2.61202330876E-06
 -2.33896230384E-06
 -2.05012293009E-06
 -1.74803517439E-06
 -1.43529609886E-06
 -1.11454642138E-06
 -7.88447266586E-07
 -4.59653307416E-07
 -1.30791335096E-07
  1.95563870875E-07
  5.16910517945E-07
  8.30841543120E-07
  1.13506303023E-06
  1.42741293985E-06
  1.70587577486E-06
  1.96859946300E-06
  2.21390564548E-06
  2.44030115937E-06
  2.64648792836E-06
  2.83136682810E-06
  2.99404541693E-06
  3.13383770845E-06
  3.25026735482E-06
  3.34306332661E-06
  3.41215832123E-06
  3.45768444276E-06
  3.47996342498E-06
  3.47950117430E-06
  3.45697435478E-06
  3.41322288477E-06
  3.34923356604E-06
  3.26612962454E-06
  3.16515274790E-06
  3.04765057990E-06
  2.91506057692E-06
  2.76889136330E-06
  2.61070908891E-06
  2.44211969402E-06
  2.26475276577E-06
  2.08024539461E-06
  1.89022580344E-06
  1.69630072833E-06
  1.50003927502E-06
  1.30295995859E-06
  1.10651853902E-06
  9.12096652428E-07
  7.20992090919E-07
  5.34409366537E-07
  3.53452691115E-07
  1.79119851396E-07
  1.22968391025E-08
 -1.46244843791E-07
 -2.95850782095E-07
 -4.35983821490E-07
 -5.66223775422E-07
 -6.86265309469E-07
 -7.95914729679E-07
 -8.95085634056E-07
 -9.83793484011E-07
 -1.06214986317E-06
 -1.13035434879E-06
 -1.18868683785E-06
 -1.23749975955E-06
 -1.27720750243E-06
 -1.30827822886E-06
 -1.33122375701E-06
 -1.34658921525E-06
 -1.35494360620E-06
 -1.35687048441E-06
 -1.35295761083E-06
 -1.34378854000E-06
 -1.32993341140E-06
 -1.31194144615E-06
 -1.29033344365E-06
 -1.26559473301E-06
 -1.23816937503E-06
 -1.20845629681E-06
 -1.17680372114E-06
 -1.14350768854E-06
 -1.10880887405E-06
 -1.07289247353E-06
 -1.03588740785E-06
 -9.97868255581E-07
 -9.58856389843E-07
 -9.18823729990E-07
 -8.77695811141E-07
 -8.35357070628E-07
 -7.91655736521E-07
 -7.46410137253E-07
 -6.99415352301E-07
 -6.50450033390E-07
 -5.99284419422E-07
 -5.45687726117E-07
 -4.89435933559E-07
 -4.30320255873E-07
 -3.68154530861E-07
 -3.02783007555E-07
 -2.34088119555E-07
 -1.61996808856E-07
 -8.64876525952E-08
 -7.59626761493E-09
  7.45795034618E-08
  1.59875185091E-07
  2.48056210239E-07
  3.38815482337E-07
  4.31771979947E-07
  5.26469989381E-07
  6.22380184723E-07
  7.18900935226E-07
  8.15361147488E-07
  9.11024642392E-07
  1.00509464573E-06
  1.09672021154E-06
  1.18500236113E-06
  1.26900397390E-06
  1.34775632432E-06
  1.42027033689E-06
  1.48554613588E-06
  1.54258407292E-06
  1.59039643677E-06
  1.62801870829E-06
  1.65452217971E-06
  1.66902475485E-06
  1.67070481893E-06
  1.65881112935E-06
  1.63267588960E-06
  1.59172520853E-06
  1.53548955950E-06
  1.46361344378E-06
  1.37586482651E-06
  1.27214264012E-06
  1.15248406019E-06
  1.01707007616E-06
  8.66229811436E-07
  7.00443649748E-07
  5.20344997312E-07
  3.26720595467E-07
  1.20508900636E-07
 -9.72027009993E-08
 -3.25182298866E-07
 -5.62059483400E-07
 -8.06332820957E-07
 -1.05637923298E-06
 -1.31046374463E-06
 -1.56675207563E-06
 -1.82332382792E-06
 -2.07818584386E-06
 -2.32928846344E-06
 -2.57454189523E-06
 -2.81183429252E-06
 -3.03904653265E-06
 -3.25407404489E-06
 -3.45484477293E-06
 -3.63933600056E-06
 -3.80559527002E-06
 -3.95175993617E-06
 -4.07607285524E-06
 -4.17690307586E-06
 -4.25275993621E-06
 -4.30231330029E-06
 -4.32440447184E-06
 -4.31806438428E-06
 -4.28252133133E-06
 -4.21721779276E-06
 -4.12181543652E-06
 -3.99620466851E-06
 -3.84051054425E-06
 -3.65509617950E-06
 -3.44056434187E-06
 -3.19775972457E-06
 -2.92776212518E-06
 -2.63188735516E-06
 -2.31167655329E-06
 -1.96888913706E-06
 -1.60549404882E-06
 -1.22365463540E-06
 -8.25714835173E-07
 -4.14183915609E-07
  8.28194313129E-09
  4.38899121491E-07
  8.74777015270E-07
  1.31294018502E-06
  1.75035097527E-06
  2.18393392970E-06
  2.61059972217E-06
  3.02726948576E-06
  3.43090050592E-06
  3.81851259590E-06
  4.18720946982E-06
  4.53420625490E-06
  4.85685268359E-06
  5.15265264767E-06
  5.41929148312E-06
  5.65465143154E-06
  5.85683164900E-06
  6.02416957918E-06
  6.15525050307E-06
  6.24892254564E-06
  6.30431168247E-06
  6.32082628726E-06
  6.29816713626E-06
  6.23632922725E-06
  6.13560496276E-06
  5.99658369538E-06
  5.82014990869E-06
  5.60747366762E-06
  5.36000607099E-06
  5.07947106598E-06
  4.76784498460E-06
  4.42735017714E-06
  4.06043091061E-06
  3.66974063581E-06
  3.25811674884E-06
  2.82855967271E-06
  2.38421012000E-06
  1.92832089851E-06
  1.46423485603E-06
  9.95354525912E-07
  5.25116604422E-07
  5.69635076886E-08
 -4.05684659199E-07
 -8.59457543356E-07
 -1.30106207052E-06
 -1.72730938175E-06
 -2.13514022107E-06
 -2.52165000347E-06
 -2.88411297333E-06
 -3.22000255437E-06
 -3.52701317752E-06
 -3.80307756132E-06
 -4.04638376494E-06
 -4.25539064963E-06
 -4.42883492724E-06
 -4.56574753116E-06
 -4.66545543532E-06
 -4.72758711112E-06
 -4.75207662021E-06
 -4.73915997645E-06
 -4.68937423648E-06
 -4.60355067844E-06
 -4.48280570708E-06
 -4.32853130405E-06
 -4.14238093072E-06
 -3.92625679524E-06
 -3.68228984371E-06
 -3.41282202498E-06
 -3.12038423544E-06
 -2.80767540062E-06
 -2.47753837357E-06
 -2.13293469642E-06
 -1.77691947556E-06
 -1.41261409681E-06
 -1.04318098693E-06
 -6.71794964546E-07
 -3.01617632203E-07
  6.42299298192E-08
  4.22692949087E-07
  7.70808526340E-07
  1.10572966605E-06
  1.42474959830E-06
  1.72532156739E-06
  2.00508156922E-06
  2.26186466534E-06
  2.49372396866E-06
  2.69894349003E-06
  2.87605166704E-06
  3.02383136841E-06
  3.14132830681E-06
  3.22785649587E-06
  3.28300211550E-06
  3.30662396664E-06
  3.29885165229E-06
  3.26008421325E-06
  3.19098057844E-06
  3.09245410790E-06
  2.96566145153E-06
  2.81198936136E-06
  2.63304218606E-06
  2.43062368099E-06
  2.20672200157E-06
  1.96348810277E-06
  1.70321789028E-06
  1.42832902839E-06
  1.14134024898E-06
  8.44848671022E-07
  5.41505130514E-07
  2.33992579979E-07
 -7.49982618231E-08
 -3.82791512266E-07
 -6.86749444867E-07
 -9.84294047157E-07
 -1.27292901198E-06
 -1.55025952608E-06
 -1.81401219379E-06
 -2.06205208997E-06
 -2.29240094995E-06
 -2.50325024354E-06
 -2.69297584055E-06
 -2.86014801532E-06
 -3.00354463434E-06
 -3.12215411213E-06
 -3.21518518831E-06
 -3.28206874656E-06
 -3.32246077051E-06
 -3.33624097948E-06
 -3.32351260113E-06
 -3.28459805132E-06
 -3.22003074871E-06
 -3.13055147672E-06
 -3.01709656014E-06
 -2.88078877020E-06
 -2.72292299996E-06
 -2.54495671470E-06
 -2.34849085246E-06
 -2.13525709114E-06
 -1.90710181869E-06
 -1.66596657891E-06
 -1.41387204167E-06
 -1.15290015401E-06
 -8.85174927134E-07
 -6.12845042269E-07
 -3.38064779726E-07
 -6.29769090210E-08
  2.10305231008E-07
  4.79714515222E-07
  7.43246118873E-07
  9.98973064270E-07
  1.24506061638E-06
  1.47977937104E-06
  1.70151747625E-06
  1.90879222828E-06
  2.10025859815E-06
  2.27471764447E-06
  2.43112526732E-06
  2.56859493675E-06
  2.68640292234E-06
  2.78399193121E-06
  2.86096860691E-06
  2.91710921374E-06
  2.95235076919E-06
  2.96679331768E-06
  2.96069356409E-06
  2.93445941679E-06
  2.88864384856E-06
  2.82393625639E-06
  2.74115450338E-06
  2.64123536908E-06
  2.52522386290E-06
  2.39426367443E-06
  2.24958353101E-06
  2.09248719329E-06
  1.92434072233E-06
  1.74655951923E-06
  1.56059797973E-06
  1.36793426009E-06
  1.17006050004E-06
  9.68469748841E-07
  7.64643971252E-07
  5.60044213671E-07
  3.56098610155E-07
  1.54192861146E-07
 -4.43393233240E-08
 -2.38224927784E-07
 -4.26259589403E-07
 -6.07314859735E-07
 -7.80344237228E-07
 -9.44389000779E-07
 -1.09858251562E-06
 -1.24215375763E-06
 -1.37443066706E-06
 -1.49484094436E-06
 -1.60291426710E-06
 -1.69828172147E-06
 -1.78067512024E-06
 -1.84992597951E-06
 -1.90596267657E-06
 -1.94880863091E-06
 -1.97857775674E-06
 -1.99547025659E-06
 -1.99976921067E-06
 -1.99183432414E-06
 -1.97209647013E-06
 -1.94105246010E-06
 -1.89925890481E-06
 -1.84732505204E-06
 -1.78590698852E-06
 -1.71570047769E-06
 -1.63743516168E-06
 -1.55186728534E-06
 -1.45977332977E-06
 -1.36194341849E-06
 -1.25917620153E-06
 -1.15227101105E-06
 -1.04202365492E-06
 -9.29220448143E-07
 -8.14633040136E-07
 -6.99013753547E-07
 -5.83091434692E-07
 -4.67566763973E-07
 -3.53109612661E-07
 -2.40355376491E-07
 -1.29902062440E-07
 -2.23083898021E-08
  8.19083609827E-08
  1.82273780069E-07
  2.78357532579E-07
  3.69773857756E-07
  4.56182135622E-07
  5.37286723556E-07
  6.12836799974E-07
  6.82625341142E-07
  7.46488751702E-07
  8.04305102520E-07
  8.55993164350E-07
  9.01510304629E-07
  9.40851123232E-07
  9.74044951363E-07
  1.00115425994E-06
  1.02227227217E-06
  1.03752040559E-06
  1.04704565729E-06
  1.05101901227E-06
  1.04963282865E-06
  1.04309742710E-06
  1.03163961285E-06
  1.01550074305E-06
  9.94932520371E-07
  9.70197106653E-07
  9.41563143897E-07
  9.09304503693E-07
  8.73698184023E-07
  8.35022490264E-07
  7.93555045675E-07
  7.49571256620E-07
  7.03343118857E-07
  6.55137625927E-07
  6.05215177529E-07
  5.53829295313E-07
  5.01224803884E-07
  4.47637546586E-07
  3.93293760226E-07
  3.38408796097E-07
  2.83187574723E-07
  2.27823690579E-07
  1.72499383666E-07
  1.17385440035E-07
  6.26412841598E-08
  8.41502778570E-09
 -4.51563479942E-08
 -9.79463976591E-08
 -1.49839237906E-07
 -2.00728678124E-07
 -2.50517899758E-07
 -2.99118738667E-07
 -3.46451031419E-07
 -3.92441819486E-07
 -4.37024766597E-07
 -4.80139192405E-07
 -5.21729361935E-07
 -5.61743888738E-07
 -6.00134114848E-07
 -6.36854281311E-07
 -6.71860277635E-07
 -7.05108561760E-07
 -7.36556046377E-07
 -7.66159075738E-07
 -7.93872857230E-07
 -8.19650267658E-07
 -8.43442535370E-07
 -8.65198160227E-07
 -8.84862060957E-07
 -9.02376370959E-07
 -9.17679756185E-07
 -9.30707074076E-07
 -9.41389998843E-07
 -9.49656623561E-07
 -9.55432824412E-07
 -9.58640953286E-07
 -9.59202111517E-07
 -9.57035808824E-07
 -9.52060702275E-07
 -9.44195960528E-07
 -9.33361889111E-07
 -9.19481010442E-07
 -9.02479484921E-07
 -8.82287679360E-07
 -8.58842497564E-07
 -8.32087664548E-07
 -8.01976113962E-07
 -7.68470272305E-07
 -7.31544730570E-07
 -6.91186642143E-07
 -6.47397826015E-07
 -6.00195619427E-07
 -5.49614696865E-07
 -4.95707922710E-07
 -4.38547573367E-07
 -3.78226502562E-07
 -3.14858596084E-07
 -2.48580334983E-07
 -1.79550653456E-07
 -1.07951748873E-07
 -3.39887407108E-08
  4.21094625835E-08
  1.20090760447E-07
  1.99680542323E-07
  2.80582042933E-07
  3.62477123872E-07
  4.45027581009E-07
  5.27876238721E-07
  6.10649294686E-07
  6.92956518833E-07
  7.74395118697E-07
  8.54550364693E-07
  9.32999398628E-07
  1.00931242741E-06
  1.08305653157E-06
  1.15379759791E-06
  1.22110429857E-06
  1.28455099002E-06
  1.34371953209E-06
  1.39820429013E-06
  1.44761418142E-06
  1.49157654050E-06
  1.52973905188E-06
  1.56177429744E-06
  1.58738180289E-06
  1.60629076618E-06
  1.61826335443E-06
  1.62309663665E-06
  1.62062463005E-06
  1.61072057381E-06
  1.59329897542E-06
  1.56831652021E-06
  1.53577286710E-06
  1.49571258135E-06
  1.44822456605E-06
  1.39344274430E-06
  1.33154549076E-06
  1.26275563161E-06
  1.18733862564E-06
  1.10560256417E-06
  1.01789510154E-06
  9.24602943542E-07
  8.26148664146E-07
  7.22988716007E-07
  6.15610531440E-07
  5.04529168666E-07
  3.90284583318E-07
  2.73437876785E-07
  1.54567757704E-07
  3.42667014763E-08
 -8.68628191597E-08
 -2.08212142638E-07
 -3.29170575242E-07
 -4.49129146318E-07
 -5.67484562453E-07
 -6.83643122557E-07
 -7.97024426902E-07
 -9.07064929834E-07
 -1.01322109458E-06
 -1.11497331545E-06
 -1.21182836210E-06
 -1.30332205117E-06
 -1.38902260005E-06
 -1.46853153637E-06
 -1.54148665388E-06
 -1.60756360401E-06
 -1.66647646438E-06
 -1.71797944404E-06
 -1.76186733825E-06
 -1.79797564215E-06
 -1.82618100553E-06
 -1.84640032330E-06
 -1.85859119028E-06
 -1.86274996850E-06
 -1.85891167348E-06
 -1.84714804163E-06
 -1.82756616596E-06
 -1.80030679076E-06
 -1.76554272002E-06
 -1.72347643002E-06
 -1.67433779552E-06
 -1.61838272561E-06
 -1.55589032147E-06
 -1.48716037529E-06
 -1.41251155128E-06
 -1.33227945298E-06
 -1.24681355373E-06
 -1.15647605980E-06
 -1.06163918190E-06
 -9.62683429861E-07
 -8.59996646341E-07
 -7.53971107770E-07
 -6.45003183308E-07
 -5.33491174792E-07
 -4.19835060939E-07
 -3.04434877307E-07
 -1.87689963127E-07
 -6.99988333963E-08
  4.82419189041E-08
  1.66637647681E-07
  2.84796016103E-07
  4.02327088977E-07
  5.18843535247E-07
  6.33960496543E-07
  7.47295530346E-07
  8.58468467868E-07
  9.67101868810E-07
  1.07282039608E-06
  1.17525087262E-06
  1.27402279304E-06
  1.36876849410E-06
  1.45912292737E-06
  1.54472468239E-06
  1.62521621405E-06
  1.70024509316E-06
  1.76946400643E-06
  1.83253337127E-06
  1.88912133581E-06
  1.93890559785E-06
  1.98157613340E-06
  2.01683542400E-06
  2.04440175366E-06
  2.06401091418E-06
  2.07541916097E-06
  2.07840434996E-06
  2.07277071240E-06
  2.05834953704E-06
  2.03500258067E-06
  2.00262547878E-06
  1.96114933715E-06
  1.91054391507E-06
  1.85082012649E-06
  1.78203265477E-06
  1.70428143065E-06
  1.61771470175E-06
  1.52252994212E-06
  1.41897544381E-06
  1.30735202220E-06
  1.18801278859E-06
  1.06136417344E-06
  9.27866040001E-07
  7.88030490639E-07
  6.42421696284E-07
  4.91653622703E-07
  3.36388950473E-07
  1.77335962803E-07
  1.52460302161E-08
 -1.49089942170E-07
 -3.14845379989E-07
 -4.81162373944E-07
 -6.47156298328E-07
 -8.11921495369E-07
 -9.74535964815E-07
 -1.13406792934E-06
 -1.28958231471E-06
 -1.44014597936E-06
 -1.58483544510E-06
 -1.72274314991E-06
 -1.85298449651E-06
 -1.97470421881E-06
 -2.08708411265E-06
 -2.18934883378E-06
 -2.28077260545E-06
 -2.36068626691E-06
 -2.42848159360E-06
 -2.48361880040E-06
 -2.52563108916E-06
 -2.55412783190E-06
 -2.56880252891E-06
 -2.56943098975E-06
 -2.55587974607E-06
 -2.52810491475E-06
 -2.48615492637E-06
 -2.43017188950E-06
 -2.36039113588E-06
 -2.27713985623E-06
 -2.18083800974E-06
 -2.07199536817E-06
 -1.95120628632E-06
 -1.81914947461E-06
 -1.67658242844E-06
 -1.52433653966E-06
 -1.36331073008E-06
 -1.19446701774E-06
 -1.01882187664E-06
 -8.37440666146E-07
 -6.51428877063E-07
 -4.61925139916E-07
 -2.70092016308E-07
 -7.71079839978E-08
  1.15841061188E-07
  3.07570843461E-07
  4.96907262004E-07
  6.82694917487E-07
  8.63805780682E-07
  1.03914692318E-06
  1.20766935652E-06
  1.36837434184E-06
  1.52032157530E-06
  1.66263498613E-06
  1.79450910309E-06
  1.91521462511E-06
  2.02410296879E-06
  2.12061058846E-06
  2.20426090891E-06
  2.27466966862E-06
  2.33154378293E-06
  2.37468566411E-06
  2.40398958340E-06
  2.41944439949E-06
  2.42113128479E-06
  2.40922076955E-06
  2.38397228713E-06
  2.34572848967E-06
  2.29491251957E-06
  2.23202391680E-06
  2.15763247979E-06
  2.07237280847E-06
  1.97693884729E-06
  1.87207831459E-06
  1.75858417606E-06
  1.63728930147E-06
  1.50905827923E-06
  1.37478230045E-06
  1.23537006402E-06
  1.09174163754E-06
  9.44821522353E-07
  7.95531889253E-07
  6.44785757231E-07
  4.93480968089E-07
  3.42494445249E-07
  1.92676253619E-07
  4.48447927681E-08
 -1.00218045418E-07
 -2.41770948151E-07
 -3.79117011562E-07
 -5.11606856435E-07
 -6.38641154183E-07
 -7.59673071116E-07
 -8.74209490576E-07
 -9.81812490863E-07
 -1.08209985683E-06
 -1.17474473882E-06
 -1.25947565266E-06
 -1.33607602493E-06
 -1.40438237395E-06
 -1.46428340031E-06
 -1.51571748574E-06
 -1.55867076046E-06
 -1.59317528414E-06
 -1.61930540798E-06
 -1.63717584201E-06
 -1.64693869920E-06
 -1.64878008491E-06
 -1.64291770943E-06
 -1.62959770478E-06
 -1.60909155511E-06
 -1.58169370934E-06
 -1.54771817051E-06
 -1.50749644945E-06
 -1.46137517731E-06
 -1.40971371820E-06
 -1.35288166803E-06
 -1.29125749027E-06
 -1.22522715174E-06
 -1.15518150778E-06
 -1.08151584755E-06
 -1.00462909813E-06
 -9.24921607748E-07
 -8.42796055167E-07
 -7.58655176014E-07
 -6.72902672250E-07
 -5.85941620557E-07
 -4.98174813401E-07
 -4.10004361129E-07
 -3.21831009842E-07
 -2.34054368775E-07
 -1.47072043433E-07
 -6.12795076904E-08
  2.29305623378E-08
  1.05168872722E-07
  1.85050268442E-07
  2.62194873812E-07
  3.36228737297E-07
  4.06785915175E-07
  4.73508947607E-07
  5.36051516065E-07
  5.94079324401E-07
  6.47272997867E-07
  6.95329674727E-07
  7.37965933695E-07
  7.74919158175E-07
  8.05951458460E-07
  8.30851604405E-07
  8.49437583383E-07
  8.61559783516E-07
  8.67103210567E-07
  8.65990216425E-07
  8.58183398122E-07
  8.43687075758E-07
  8.22549793611E-07
  7.94866878095E-07
  7.60780665132E-07
  7.20482717043E-07
  6.74214163610E-07
  6.22266384198E-07
  5.64981291973E-07
  5.02749799125E-07
  4.36011958982E-07
  3.65255033330E-07
  2.91011104991E-07
  2.13855187781E-07
  1.34401403784E-07
  5.32997930236E-08
 -2.87680812505E-08
 -1.11093783062E-07
 -1.92947126720E-07
 -2.73581861165E-07
 -3.52241642076E-07
 -4.28166373467E-07
 -5.00598900999E-07
 -5.68791961086E-07
 -6.32015257906E-07
 -6.89562341449E-07
 -7.40758878237E-07
 -7.84968165135E-07
 -8.21599826395E-07
 -8.50115782214E-07
 -8.70036956258E-07
 -8.80950040028E-07
 -8.82512665612E-07
 -8.74459090028E-07
 -8.56604856381E-07
 -8.28850659218E-07
 -7.91186153037E-07
 -7.43692112337E-07
 -6.86542705353E-07
 -6.20005778273E-07
 -5.44443025774E-07
 -4.60309763639E-07
 -3.68152228702E-07
 -2.68605219844E-07
 -1.62388261060E-07
 -5.03009296438E-08
  6.67827961820E-08
  1.87920676353E-07
  3.12109847300E-07
  4.38294676997E-07
  5.65375444239E-07
  6.92218009135E-07
  8.17663249109E-07
  9.40538200211E-07
  1.05966603314E-06
  1.17387753562E-06
  1.28202259475E-06
  1.38298059937E-06
  1.47567232034E-06
  1.55907127919E-06
  1.63221318417E-06
  1.69420763996E-06
  1.74424712895E-06
  1.78161644726E-06
  1.80570157227E-06
  1.81599637017E-06
  1.81211044037E-06
  1.79377354925E-06
  1.76084211034E-06
  1.71330088961E-06
  1.65126630236E-06
  1.57498755016E-06
  1.48484593865E-06
  1.38135408179E-06
  1.26515294596E-06
  1.13700752991E-06
  9.97802430902E-07
  8.48534511988E-07
  6.90306137585E-07
  5.24315794337E-07
  3.51848740365E-07
  1.74266347130E-07
 -7.00567781564E-09
 -1.90489473084E-07
 -3.74667791903E-07
 -5.57997907435E-07
 -7.38924654797E-07
 -9.15895270737E-07
 -1.08737367555E-06
 -1.25185329125E-06
 -1.40787335567E-06
 -1.55403074587E-06
 -1.68899396158E-06
 -1.81151619927E-06
 -1.92044694813E-06
 -2.01474335881E-06
 -2.09348058888E-06
 -2.15586146624E-06
 -2.20122365135E-06
 -2.22904759539E-06
 -2.23896108764E-06
 -2.23074471251E-06
 -2.20433457798E-06
 -2.15982231566E-06
 -2.09745553548E-06
 -2.01763805308E-06
 -1.92092488760E-06
 -1.80801896477E-06
 -1.67976452303E-06
 -1.53713995132E-06
 -1.38125074045E-06
 -1.21331822811E-06
 -1.03466959445E-06
 -8.46725868087E-07
 -6.50990045870E-07
 -4.49032256711E-07
 -2.42477369738E-07
 -3.29890568196E-08
  1.77744254870E-07
  3.88024801623E-07
  5.96160759869E-07
  8.00481188890E-07
  9.99351186692E-07
  1.19118601560E-06
  1.37446545523E-06
  1.54774716066E-06
  1.70967928170E-06
  1.85901183158E-06
  1.99460782824E-06
  2.11545261664E-06
  2.22066296374E-06
  2.30949217439E-06
  2.38133884523E-06
  2.43574936576E-06
  2.47242110163E-06
  2.49120398621E-06
  2.49210097536E-06
  2.47526691055E-06
  2.44100442615E-06
  2.38976167566E-06
  2.32212482842E-06
  2.23881397687E-06
  2.14067154047E-06
  2.02865635401E-06
  1.90383241261E-06
  1.76735784407E-06
  1.62047285812E-06
  1.46448837768E-06
  1.30077148697E-06
  1.13073349439E-06
  9.55815721682E-07
  7.77476316216E-07
  5.97175016992E-07
  4.16361643829E-07
  2.36461204395E-07
  5.88617901087E-08
 -1.15097911646E-07
 -2.84140185158E-07
 -4.47059363751E-07
 -6.02731859090E-07
 -7.50124740989E-07
 -8.88304441560E-07
 -1.01644332062E-06
 -1.13382520794E-06
 -1.23985000755E-06
 -1.33403807467E-06
 -1.41603004522E-06
 -1.48558933688E-06
 -1.54260169438E-06
 -1.58707234732E-06
 -1.61912385011E-06
 -1.63899267136E-06
 -1.64702237271E-06
 -1.64365940236E-06
 -1.62944479598E-06
 -1.60500655966E-06
 -1.57105114340E-06
 -1.52835445988E-06
 -1.47775108417E-06
 -1.42012549986E-06
 -1.35640016197E-06
 -1.28752549244E-06
 -1.21446896628E-06
 -1.13820442493E-06
 -1.05970161712E-06
 -9.79915398602E-07
 -8.99775955077E-07
 -8.20180105165E-07
 -7.41981580177E-07
 -6.65983520776E-07
 -5.92930234689E-07
 -5.23501569205E-07
 -4.58306288920E-07
 -3.97877698788E-07
 -3.42669920883E-07
 -2.93054682743E-07
 -2.49319498380E-07
 -2.11667043004E-07
 -1.80214982493E-07
 -1.54997294999E-07
 -1.35966104153E-07
 -1.22994833873E-07
 -1.15881810814E-07
 -1.14355025005E-07
 -1.18077359446E-07
 -1.26652565768E-07
 -1.39631893603E-07
 -1.56521025474E-07
 -1.76787551709E-07
 -1.99868722461E-07
 -2.25179377367E-07
 -2.52119917832E-07
 -2.80084464066E-07
 -3.08468798949E-07
 -3.36678056101E-07
 -3.64134450592E-07
 -3.90284043306E-07
 -4.14604102161E-07
 -4.36608701193E-07
 -4.55854717529E-07
 -4.71946663083E-07
 -4.84541146761E-07
 -4.93350285069E-07
 -4.98144686389E-07
 -4.98755525769E-07
 -4.95075369145E-07
 -4.87059082843E-07
 -4.74723265143E-07
 -4.58144938875E-07
 -4.37459789282E-07
 -4.12859549215E-07
 -3.84588247471E-07
 -3.52938883452E-07
 -3.18248254416E-07
 -2.80892010096E-07
 -2.41279252577E-07
 -1.99846539317E-07
 -1.57051530891E-07
 -1.13366610321E-07
 -6.92723602924E-08
 -2.52507632581E-08
  1.82213888422E-08
  6.06789285484E-08
  1.01674714870E-07
  1.40785743952E-07
  1.77618773023E-07
  2.11815702755E-07
  2.43058366323E-07
  2.71072963187E-07
  2.95633498126E-07
  3.16565291314E-07
  3.33747010473E-07
  3.47112575128E-07
  3.56652293476E-07
  3.62412976074E-07
  3.64497509509E-07
  3.63063946907E-07
  3.58323262617E-07
  3.50537249005E-07
  3.40014878475E-07
  3.27108921283E-07
  3.12211113851E-07
  2.95747838663E-07
  2.78174042023E-07
  2.59968118144E-07
  2.41625599529E-07
  2.23652662612E-07
  2.06559775506E-07
  1.90855033111E-07
  1.77037506432E-07
  1.65590634538E-07
  1.56975659138E-07
  1.51625513922E-07
  1.49938628624E-07
  1.52273443632E-07
  1.58943024076E-07
  1.70210384454E-07
  1.86284211168E-07
  2.07315210332E-07
  2.33393095073E-07
  2.64544183892E-07
  3.00729766423E-07
  3.41845009189E-07
  3.87719154560E-07
  4.38115279167E-07
  4.92732340263E-07
  5.51206539967E-07
  6.13114309544E-07
  6.77975492636E-07
  7.45257580093E-07
  8.14380200609E-07
  8.84719895566E-07
  9.55616656029E-07
  1.02637909549E-06
  1.09629195322E-06
  1.16462206279E-06
  1.23062613966E-06
  1.29355771605E-06
  1.35267441692E-06
  1.40724580433E-06
  1.45656042605E-06
  1.49993331888E-06
  1.53671305725E-06
  1.56628823333E-06
  1.58809484674E-06
  1.60162073826E-06
  1.60641275215E-06
  1.60208185207E-06
  1.58830630426E-06
  1.56483690716E-06
  1.53149960624E-06
  1.48819856349E-06
  1.43491740801E-06
  1.37172128234E-06
  1.29875604671E-06
  1.21624952953E-06
  1.12450868528E-06
  1.02391959445E-06
  9.14943598218E-07
  7.98114911049E-07
  6.74036186865E-07
  5.43374824247E-07
  4.06857139978E-07
  2.65263480514E-07
  1.19421827094E-07
 -2.97985049968E-08
 -1.81493689411E-07
 -3.34732419560E-07
 -4.88563159706E-07
 -6.42021745989E-07
 -7.94138884430E-07
 -9.43947497944E-07
 -1.09049040020E-06
 -1.23282814002E-06
 -1.37004485623E-06
 -1.50125708842E-06
 -1.62561912020E-06
 -1.74232957306E-06
 -1.85063743174E-06
 -1.94984795598E-06
 -2.03932631848E-06
 -2.11850351661E-06
 -2.18687978304E-06
 -2.24402651838E-06
 -2.28959106607E-06
 -2.32329648497E-06
 -2.34494541473E-06
 -2.35441893892E-06
 -2.35167613027E-06
 -2.33675655181E-06
 -2.30977570936E-06
 -2.27092550631E-06
 -2.22047106035E-06
 -2.15874820242E-06
 -2.08616006603E-06
 -2.00317276722E-06
 -1.91031290342E-06
 -1.80816141437E-06
 -1.69734903466E-06
 -1.57855185989E-06
 -1.45248509398E-06
 -1.31989827423E-06
 -1.18156924600E-06
 -1.03829881937E-06
 -8.90904459538E-07
 -7.40214943562E-07
 -5.87064960200E-07
 -4.32289482433E-07
 -2.76718139958E-07
 -1.21170657508E-07
  3.35484067193E-08
  1.86654062873E-07
  3.37385273497E-07
  4.85008683881E-07
  6.28822533599E-07
  7.68159850395E-07
  9.02390979718E-07
  1.03092634163E-06
  1.15321870453E-06
  1.26876443574E-06
  1.37710514991E-06
  1.47782873228E-06
  1.57056945227E-06
  1.65500875937E-06
  1.73087494204E-06
  1.79794290034E-06
  1.85603323644E-06
  1.90501179986E-06
  1.94478775484E-06
  1.97531289814E-06
  1.99657984012E-06
  2.00862109523E-06
  2.01150578505E-06
  2.00533895622E-06
  1.99025976144E-06
  1.96643827621E-06
  1.93407527149E-06
  1.89339846202E-06
  1.84466216524E-06
  1.78814445917E-06
  1.72414559074E-06
  1.65298683896E-06
  1.57500824116E-06
  1.49056722876E-06
  1.40003760407E-06
  1.30380772134E-06
  1.20228003198E-06
  1.09586949293E-06
  9.85002657217E-07
  8.70117276008E-07
  7.51660991227E-07
  6.30090653431E-07
  5.05872208123E-07
  3.79479672574E-07
  2.51394396855E-07
  1.22105021205E-07
 -7.89377097021E-09
 -1.38101256653E-07
 -2.68011916660E-07
 -3.97115741180E-07
 -5.24899689935E-07
 -6.50847937322E-07
 -7.74443606133E-07
 -8.95169307569E-07
 -1.01250930129E-06
 -1.12595068913E-06
 -1.23498477933E-06
 -1.33910941713E-06
 -1.43783074691E-06
 -1.53066548592E-06
 -1.61714331171E-06
 -1.69680947693E-06
 -1.76922674200E-06
 -1.83397935416E-06
 -1.89067407064E-06
 -1.93894516087E-06
 -1.97845611183E-06
 -2.00890235647E-06
 -2.03001513910E-06
 -2.04156413020E-06
 -2.04336015486E-06
 -2.03525769393E-06
 -2.01715852199E-06
 -1.98901284421E-06
 -1.95082247956E-06
 -1.90264222510E-06
 -1.84458224339E-06
 -1.77680919933E-06
 -1.69954648754E-06
 -1.61307616509E-06
 -1.51773838297E-06
 -1.41393172726E-06
 -1.30211196847E-06
 -1.18279149319E-06
 -1.05653759874E-06
 -9.23970446820E-07
 -7.85760391864E-07
 -6.42625479941E-07
 -4.95327128647E-07
 -3.44666688079E-07
 -1.91481120737E-07
 -3.66377861383E-08
  1.18970525875E-07
  2.74431386060E-07
  4.28818367482E-07
  5.81197866723E-07
  7.30635008495E-07
  8.76200431321E-07
  1.01697742139E-06
  1.15206819373E-06
  1.28060185034E-06
  1.40174040553E-06
  1.51468520926E-06
  1.61868513260E-06
  1.71304134255E-06
  1.79711446435E-06
  1.87032992471E-06
  1.93218374989E-06
  1.98224665837E-06
  2.02016917683E-06
  2.04568527806E-06
  2.05861556424E-06
  2.05887045013E-06
  2.04645016311E-06
  2.02144792638E-06
  1.98404927687E-06
  1.93453229258E-06
  1.87326588730E-06
  1.80070776423E-06
  1.71740191490E-06
  1.62397589065E-06
  1.52113557306E-06
  1.40965971696E-06
  1.29039631247E-06
  1.16425417218E-06
  1.03219690573E-06
  8.95235245935E-07
  7.54419943405E-07
  6.10831818904E-07
  4.65574288455E-07
  3.19763529433E-07
  1.74519740881E-07
  3.09575085566E-08
 -1.09823552918E-07
 -2.46748243171E-07
 -3.78774728915E-07
 -5.04903994170E-07
 -6.24188260190E-07
 -7.35739490665E-07
 -8.38737037157E-07
 -9.32435284540E-07
 -1.01617013115E-06
 -1.08936512788E-06
 -1.15153670777E-06
 -1.20229901768E-06
 -1.24136670365E-06
 -1.26855843519E-06
 -1.28379906528E-06
 -1.28711894831E-06
 -1.27865564536E-06
 -1.25865153677E-06
 -1.22745314002E-06
 -1.18550610750E-06
 -1.13335340757E-06
 -1.07162952645E-06
 -1.00105432921E-06
 -9.22427375372E-07
 -8.36620642986E-07
 -7.44569661038E-07
 -6.47265778753E-07
 -5.45746502212E-07
 -4.41086285718E-07
 -3.34386157874E-07
 -2.26763546607E-07
 -1.19341862614E-07
 -1.32399202712E-08
  9.04387604805E-08
  1.90616248119E-07
  2.86250440240E-07
  3.76345326458E-07
  4.59960091348E-07
  5.36218237812E-07
  6.04316369390E-07
  6.63531523060E-07
  7.13228473614E-07
  7.52865958020E-07
  7.82001734478E-07
  8.00297414116E-07
  8.07521360002E-07
  8.03551472472E-07
  7.88376553373E-07
  7.62096419749E-07
  7.24920880657E-07
  6.77168600305E-07
  6.19263687440E-07
  5.51732057374E-07
  4.75195975014E-07
  3.90369223169E-07
  2.98049570802E-07
  1.99111539700E-07
  9.44979419160E-08
 -1.47887693203E-08
 -1.27696395680E-07
 -2.43132802780E-07
 -3.59976525033E-07
 -4.77087439776E-07
 -5.93317793118E-07
 -7.07522985977E-07
 -8.18572743810E-07
 -9.25362428461E-07
 -1.02682258785E-06
 -1.12193060886E-06
 -1.20971935758E-06
 -1.28928718368E-06
 -1.35980701543E-06
 -1.42053306718E-06
 -1.47080913848E-06
 -1.51007520799E-06
 -1.53787118506E-06
 -1.55384338996E-06
 -1.55774682753E-06
 -1.54944734732E-06
 -1.52892380356E-06
 -1.49626794155E-06
 -1.45168280596E-06
 -1.39548228617E-06
 -1.32808622766E-06
 -1.25001849938E-06
 -1.16189994515E-06
 -1.06444372250E-06
 -9.58447913035E-07
 -8.44788189625E-07
 -7.24409346731E-07
 -5.98316091782E-07
 -4.67563580742E-07
 -3.33247527351E-07
 -1.96493360249E-07
 -5.84462007680E-08
  7.97405732555E-08
  2.16915836404E-07
  3.51941736199E-07
  4.83704127419E-07
  6.11123198269E-07
  7.33163290079E-07
  8.48842660162E-07
  9.57242377808E-07
  1.05751439605E-06
  1.14888950975E-06
  1.23068457469E-06
  1.30230762352E-06
  1.36326309530E-06
  1.41315717883E-06
  1.45169883581E-06
  1.47870366618E-06
  1.49409447658E-06
  1.49790048454E-06
  1.49025788687E-06
  1.47140633544E-06
  1.44168677707E-06
  1.40153736083E-06
  1.35148820846E-06
  1.29215607103E-06
  1.22423773519E-06
  1.14850263344E-06
  1.06578511350E-06
  9.76975798039E-07
  8.83012660324E-07
  7.84871701853E-07
  6.83557345837E-07
  5.80092887503E-07
  4.75510063325E-07
  3.70839245534E-07
  2.67099949269E-07
  1.65290870768E-07
  6.63806289936E-08
 -2.87011516775E-08
 -1.19072474547E-07
 -2.03906807883E-07
 -2.82440538513E-07
 -3.53979572765E-07
 -4.17905511085E-07
 -4.73680302093E-07
 -5.20851131114E-07
 -5.59053546567E-07
 -5.88014188452E-07
 -6.07552181009E-07
 -6.17579985374E-07
 -6.18103683792E-07
 -6.09221103787E-07
 -5.91120567606E-07
 -5.64077481613E-07
 -5.28451664650E-07
 -4.84681720536E-07
 -4.33281115875E-07
 -3.74831756744E-07
 -3.09977934876E-07
 -2.39419335912E-07
 -1.63904019246E-07
 -8.42204386231E-08
 -1.18973830787E-09
  8.43425169705E-08
  1.71514557223E-07
  2.59456697904E-07
  3.47299533132E-07
  4.34182311437E-07
  5.19260595411E-07
  6.01714077675E-07
  6.80753828419E-07
  7.55629059768E-07
  8.25633890145E-07
  8.90112744401E-07
  9.48466322370E-07
  1.00015540738E-06
  1.04470564111E-06
  1.08171059310E-06
  1.11083409138E-06
  1.13181272354E-06
  1.14445674626E-06
  1.14865019896E-06
  1.14435124487E-06
  1.13159114790E-06
  1.11047199880E-06
  1.08116557840E-06
  1.04390926481E-06
  9.99003759716E-07
  9.46808313529E-07
  8.87736689492E-07
  8.22252218313E-07
  7.50863023313E-07
  6.74115824495E-07
  5.92590822635E-07
  5.06895560193E-07
  4.17659123286E-07
  3.25525917333E-07
  2.31149869023E-07
  1.35188244599E-07
  3.82961822254E-08
 -5.88791699840E-08
 -1.55703901328E-07
 -2.51562397580E-07
 -3.45862076756E-07
 -4.38037858430E-07
 -5.27556039742E-07
 -6.13917507053E-07
 -6.96661402344E-07
 -7.75367482220E-07
 -8.49657681101E-07
 -9.19198669180E-07
 -9.83701852419E-07
 -1.04292553260E-06
 -1.09667325887E-06
 -1.14479462354E-06
 -1.18718457998E-06
 -1.22378173728E-06
 -1.25456676869E-06
 -1.27956138840E-06
 -1.29882482724E-06
 -1.31245201374E-06
 -1.32057107294E-06
 -1.32333968850E-06
 -1.32094248784E-06
 -1.31358729050E-06
 -1.30150215227E-06
 -1.28493206830E-06
 -1.26413533508E-06
 -1.23938048091E-06
 -1.21094274164E-06
 -1.17910099107E-06
 -1.14413603569E-06
 -1.10632549877E-06
 -1.06594347926E-06
 -1.02325714124E-06
 -9.78524894890E-07
 -9.31994918574E-07
 -8.83903169324E-07
 -8.34472700717E-07
 -7.83912526003E-07
 -7.32416935989E-07
 -6.80165612721E-07
 -6.27323061053E-07
 -5.74039177081E-07
 -5.20449816577E-07
 -4.66677079203E-07
 -4.12830956975E-07
 -3.59009931117E-07
 -3.05302307879E-07
 -2.51787810157E-07
 -1.98539197527E-07
 -1.45623616277E-07
 -9.31044823460E-08
 -4.10428810937E-08
  1.05004271944E-08
  6.14637656327E-08
  1.11782682666E-07
  1.61388882702E-07
  2.10208611406E-07
  2.58161747979E-07
  3.05160767766E-07
  3.51109861185E-07
  3.95904748984E-07
  4.39431829591E-07
  4.81568577015E-07
  5.22183313478E-07
  5.61135664157E-07
  5.98277495101E-07
  6.33453282717E-07
  6.66501705382E-07
  6.97256268722E-07
  7.25547522507E-07
  7.51204424887E-07
  7.74056104547E-07
  7.93934191279E-07
  8.10674407603E-07
  8.24119354093E-07
  8.34120726267E-07
  8.40541076741E-07
  8.43256827920E-07
  8.42160090997E-07
  8.37161394429E-07
  8.28191559776E-07
  8.15203520688E-07
  7.98174596639E-07
  7.77108425609E-07
  7.52035930418E-07
  7.23016682969E-07
  6.90140836923E-07
  6.53528672956E-07
  6.13332076682E-07
  5.69734197597E-07
  5.22949449078E-07
  4.73223622066E-07
  4.20832094505E-07
  3.66079831338E-07
  3.09299252876E-07
  2.50848785299E-07
  1.91110970604E-07
  1.30489809180E-07
  6.94084576480E-08
  8.30616198044E-09
 -5.23647862849E-08
 -1.12142437558E-07
 -1.70558564605E-07
 -2.27142464837E-07
 -2.81424860304E-07
 -3.32941624492E-07
 -3.81237782676E-07
 -4.25871775178E-07
 -4.66418981659E-07
 -5.02476154907E-07
 -5.33664774593E-07
 -5.59635395803E-07
 -5.80070548040E-07
 -5.94688515321E-07
 -6.03246689934E-07
 -6.05543789334E-07
 -6.01423209901E-07
 -5.90774789089E-07
 -5.73536908632E-07
 -5.49698370378E-07
 -5.19298907875E-07
 -4.82430777993E-07
 -4.39238647232E-07
 -3.89919506461E-07
 -3.34722443540E-07
 -2.73947705409E-07
 -2.07945063835E-07
 -1.37112493803E-07
 -6.18936084607E-08
  1.72247958119E-08
  9.97155282789E-08
  1.85014783938E-07
  2.72525340961E-07
  3.61621005140E-07
  4.51650521427E-07
  5.41942540622E-07
  6.31810110008E-07
  7.20555590306E-07
  8.07476169484E-07
  8.91868580766E-07
  9.73034843810E-07
  1.05028743747E-06
  1.12295469989E-06
  1.19038554658E-06
  1.25195572309E-06
  1.30707178414E-06
  1.35517632316E-06
  1.39575274716E-06
  1.42832959682E-06
  1.45248452554E-06
  1.46784782373E-06
  1.47410628415E-06
  1.47100581671E-06
  1.45835383591E-06
  1.43602233038E-06
  1.40394843129E-06
  1.36213645874E-06
  1.31065792175E-06
  1.24965254145E-06
  1.17932711419E-06
  1.09995539788E-06
  1.01187697510E-06
  9.15494410947E-07
  8.11272514056E-07
  6.99734414411E-07
  5.81459289606E-07
  4.57078044747E-07
  3.27270015532E-07
  1.92758221829E-07
  5.43047882218E-08
 -8.72939551755E-08
 -2.31212823110E-07
 -3.76603196628E-07
 -5.22598725183E-07
 -6.68321149533E-07
 -8.12886241874E-07
 -9.55409859671E-07
 -1.09501365841E-06
 -1.23083179915E-06
 -1.36201583700E-06
 -1.48774165609E-06
 -1.60721424436E-06
 -1.71967349161E-06
 -1.82439976015E-06
 -1.92071820493E-06
 -2.00800377570E-06
 -2.08568576454E-06
 -2.15325144381E-06
 -2.21024902203E-06
 -2.25629241868E-06
 -2.29106149163E-06
 -2.31430703934E-06
 -2.32585057347E-06
 -2.32558545576E-06
 -2.31347894442E-06
 -2.28957128456E-06
 -2.25397639042E-06
 -2.20687979890E-06
 -2.14853821490E-06
 -2.07927860174E-06
 -1.99949340640E-06
 -1.90964078683E-06
 -1.81023938239E-06
 -1.70186604009E-06
 -1.58515160820E-06
 -1.46077627505E-06
 -1.32946581743E-06
 -1.19198591619E-06
 -1.04913772248E-06
 -9.01752230220E-07
 -7.50685387629E-07
 -5.96811673859E-07
 -4.41018926267E-07
 -2.84202741341E-07
 -1.27260278759E-07
  2.89150108301E-08
  1.83439283319E-07
  3.35443644417E-07
  4.84079919261E-07
  6.28525356206E-07
  7.67988012740E-07
  9.01711473489E-07
  1.02897899978E-06
  1.14911847504E-06
  1.26150553115E-06
  1.36556730013E-06
  1.46078605212E-06
  1.54670112806E-06
  1.62291166816E-06
  1.68907956777E-06
  1.74492890892E-06
  1.79024948466E-06
  1.82489588951E-06
  1.84878854270E-06
  1.86191300600E-06
  1.86432055216E-06
  1.85612577752E-06
  1.83750671567E-06
  1.80870176791E-06
  1.77000924850E-06
  1.72178374669E-06
  1.66443373928E-06
  1.59841863479E-06
  1.52424615862E-06
  1.44246723721E-06
  1.35367406529E-06
  1.25849476262E-06
  1.15759019081E-06
  1.05164895103E-06
  9.41383575537E-07
  8.27525809655E-07
  7.10821609573E-07
  5.92027618040E-07
  4.71905678978E-07
  3.51218403694E-07
  2.30725063943E-07
  1.11176689188E-07
 -6.68811228621E-09
 -1.22147326920E-07
 -2.34499893281E-07
 -3.43069331166E-07
 -4.47207838761E-07
 -5.46299702364E-07
 -6.39764891730E-07
 -7.27061774342E-07
 -8.07690241800E-07
 -8.81194694102E-07
 -9.47166086007E-07
 -1.00524391655E-06
 -1.05511833226E-06
 -1.09653205982E-06
 -1.12928034923E-06
 -1.15321358862E-06
 -1.16823639473E-06
 -1.17430954560E-06
 -1.17144861633E-06
 -1.15972432013E-06
 -1.13926239464E-06
 -1.11024201033E-06
 -1.07289474727E-06
 -1.02750368569E-06
 -9.74401018539E-07
 -9.13966346161E-07
 -8.46624800488E-07
 -7.72843975483E-07
 -6.93131312346E-07
 -6.08031484717E-07
 -5.18122476478E-07
 -4.24013137490E-07
 -3.26338778223E-07
 -2.25757787575E-07
 -1.22947795944E-07
 -1.86014688097E-08
  8.65775859893E-08
  1.91879067302E-07
  2.96590229709E-07
  4.00000317313E-07
  5.01404940678E-07
  6.00110354299E-07
  6.95438075127E-07
  7.86728833191E-07
  8.73347119068E-07
  9.54685447141E-07
  1.03016759567E-06
  1.09925326797E-06
  1.16144178719E-06
  1.21627499539E-06
  1.26334100514E-06
  1.30227692807E-06
  1.33277171699E-06
  1.35456855332E-06
  1.36746723456E-06
  1.37132531108E-06
  1.36606001888E-06
  1.35164964377E-06
  1.32813306664E-06
  1.29561101403E-06
  1.25424583075E-06
  1.20426022931E-06
  1.14593672151E-06
  1.07961670892E-06
  1.00569775441E-06
  9.24631990529E-07
  8.36923277348E-07
  7.43124076052E-07
  6.43832038350E-07
  5.39686425327E-07
  4.31363872622E-07
  3.19573757679E-07
  2.05053893865E-07
  8.85650734972E-08
 -2.91138153585E-08
 -1.47191400401E-07
 -2.64869299826E-07
 -3.81347774692E-07
 -4.95831727676E-07
 -6.07536094321E-07
 -7.15692010544E-07
 -8.19552440134E-07
 -9.18397859095E-07
 -1.01154125787E-06
 -1.09833422357E-06
 -1.17817148748E-06
 -1.25049552935E-06
 -1.31480203436E-06
 -1.37064273531E-06
 -1.41762996009E-06
 -1.45543901908E-06
 -1.48381286635E-06
 -1.50256175857E-06
 -1.51156723405E-06
 -1.51078245381E-06
 -1.50023333845E-06
 -1.48001834077E-06
 -1.45030753629E-06
 -1.41134285059E-06
 -1.36343555823E-06
 -1.30696435008E-06
 -1.24237249111E-06
 -1.17016509193E-06
 -1.09090478873E-06
 -1.00520776414E-06
 -9.13738915642E-07
 -8.17206682768E-07
 -7.16357874353E-07
 -6.11971358921E-07
 -5.04852039285E-07
 -3.95824656607E-07
 -2.85727253413E-07
 -1.75403968683E-07
 -6.56988063952E-08
  4.25515374047E-08
  1.48524279098E-07
  2.51417304753E-07
  3.50455707121E-07
  4.44898091700E-07
  5.34042499112E-07
  6.17232501554E-07
  6.93862148182E-07
  7.63381081015E-07
  8.25299196094E-07
  8.79190224623E-07
  9.24695655158E-07
  9.61527007348E-07
  9.89468958323E-07
  1.00837962691E-06
  1.01819307474E-06
  1.01891907889E-06
  1.01064210867E-06
  9.93521439341E-07
  9.67789333117E-07
  9.33748253829E-07
  8.91768650035E-07
  8.42285260205E-07
  7.85793361047E-07
  7.22844220036E-07
  6.54039695291E-07
  5.80027631258E-07
  5.01495435401E-07
  4.19164393861E-07
  3.33782935513E-07
  2.46120322345E-07
  1.56959558240E-07
  6.70908875122E-08
 -2.26954046667E-08
 -1.11615669596E-07
 -1.98899897441E-07
 -2.83798044620E-07
 -3.65586856788E-07
 -4.43575601139E-07
 -5.17112312082E-07
 -5.85588850299E-07
 -6.48446359719E-07
 -7.05179502347E-07
 -7.55340636260E-07
 -7.98543339897E-07
 -8.34465254229E-07
 -8.62850868089E-07
 -8.83512541350E-07
 -8.96332210232E-07
 -9.01261273611E-07
 -8.98321218301E-07
 -8.87602084276E-07
 -8.69261498337E-07
 -8.43522173000E-07
 -8.10670201190E-07
 -7.71050792991E-07
 -7.25065319784E-07
 -6.73167050991E-07
 -6.15856549757E-07
 -5.53676557047E-07
 -4.87206818889E-07
 -4.17058402036E-07
 -3.43867981201E-07
 -2.68291586281E-07
 -1.90998775906E-07
 -1.12666114660E-07
 -3.39711512254E-08
  4.44136389888E-08
  1.21827142152E-07
  1.97625269038E-07
  2.71186678447E-07
  3.41917939295E-07
  4.09258973377E-07
  4.72687304409E-07
  5.31722605501E-07
  5.85930308716E-07
  6.34924958831E-07
  6.78373567098E-07
  7.15996975487E-07
  7.47572300952E-07
  7.72934129145E-07
  7.91974855474E-07
  8.04644969321E-07
  8.10952769825E-07
  8.10963229014E-07
  8.04796172815E-07
  7.92624973656E-07
  7.74673310389E-07
  7.51212780870E-07
  7.22559320820E-07
  6.89069395321E-07
  6.51136133456E-07
  6.09184894529E-07
  5.63668891118E-07
  5.15063788953E-07
  4.63863443656E-07
  4.10574614307E-07
  3.55711847533E-07
  2.99792503711E-07
  2.43331697902E-07
  1.86837368688E-07
  1.30805659637E-07
  7.57162510467E-08
  2.20280256258E-08
 -2.98247755381E-08
 -7.94365746515E-08
 -1.26433548076E-07
 -1.70476752714E-07
 -2.11264705285E-07
 -2.48535542369E-07
 -2.82068782553E-07
 -3.11686534360E-07
 -3.37254391525E-07
 -3.58681887747E-07
 -3.75922127205E-07
 -3.88971812981E-07
 -3.97869570179E-07
 -4.02695093271E-07
 -4.03567185003E-07
 -4.00641795295E-07
 -3.94109150648E-07
 -3.84191224612E-07
 -3.71138582977E-07
 -3.55227143700E-07
 -3.36754283126E-07
 -3.16035624337E-07
 -2.93400688633E-07
 -2.69189257551E-07
 -2.43747308559E-07
 -2.17423078652E-07
 -1.90562985836E-07
 -1.63507920092E-07
 -1.36589406452E-07
 -1.10126009645E-07
 -8.44199874450E-08
 -5.97540932290E-08
 -3.63885703791E-08
 -1.45586991351E-08
  5.52766232786E-09
  2.36920634222E-08
  3.97870536517E-08
  5.36974624765E-08
  6.53413962937E-08
  7.46707158328E-08
  8.16710965523E-08
  8.63620286395E-08
  8.87960283080E-08
  8.90577069868E-08
  8.72624212889E-08
  8.35548377154E-08
  7.81066731292E-08
  7.11145986543E-08
  6.27977243539E-08
  5.33946540315E-08
  4.31607709572E-08
  3.23647704192E-08
  2.12856541282E-08
  1.02090567111E-08
 -5.76057701540E-10
 -1.07810507188E-08
 -2.01210621498E-08
 -2.83185848104E-08
 -3.51068223381E-08
 -4.02330577742E-08
 -4.34618030454E-08
 -4.45778809421E-08
 -4.33891571561E-08
 -3.97291799459E-08
 -3.34594787432E-08
 -2.44716282793E-08
 -1.26889805330E-08
  1.93188642861E-09
  1.94000993048E-08
  3.96897235078E-08
  6.27393603736E-08
  8.84521398348E-08
  1.16696000418E-07
  1.47304405118E-07
  1.80077378786E-07
  2.14782829744E-07
  2.51158326137E-07
  2.88913099666E-07
  3.27730390381E-07
  3.67270047263E-07
  4.07171370398E-07
  4.47056265784E-07
  4.86532428567E-07
  5.25197208390E-07
  5.62640423141E-07
  5.98449162226E-07
  6.32210799267E-07
  6.63516971144E-07
  6.91967841249E-07
  7.17175510090E-07
  7.38768108022E-07
  7.56393035317E-07
  7.69721168581E-07
  7.78449816607E-07
  7.82305960456E-07
  7.81049266152E-07
  7.74475097387E-07
  7.62416618727E-07
  7.44747126191E-07
  7.21381638868E-07
  6.92279058967E-07
  6.57442683405E-07
  6.16921397523E-07
  5.70809618239E-07
  5.19247976172E-07
  4.62422576675E-07
  4.00564232450E-07
  3.33947639319E-07
  2.62889699343E-07
  1.87747701830E-07
  1.08917127761E-07
  2.68291397987E-08
 -5.80522083737E-08
 -1.45233244098E-07
 -2.34193933579E-07
 -3.24391749018E-07
 -4.15265276388E-07
 -5.06238620801E-07
 -5.96725328705E-07
 -6.86132807459E-07
 -7.73866872805E-07
 -8.59336239500E-07
 -9.41956955103E-07
 -1.02115654954E-06
 -1.09637937840E-06
 -1.16708997666E-06
 -1.23277777675E-06
 -1.29296120122E-06
 -1.34719107336E-06
 -1.39505516472E-06
 -1.43618012771E-06
 -1.47023638419E-06
 -1.49693914864E-06
 -1.51605195242E-06
 -1.52738857651E-06
 -1.53081475673E-06
 -1.52624920702E-06
 -1.51366430146E-06
 -1.49308777964E-06
 -1.46460149608E-06
 -1.42834198869E-06
 -1.38449911447E-06
 -1.33331593588E-06
 -1.27508519654E-06
 -1.21014943488E-06
 -1.13889734621E-06
 -1.06176173631E-06
 -9.79215997177E-07
 -8.91770923772E-07
 -7.99971189736E-07
 -7.04391140971E-07
 -6.05630759765E-07
 -5.04311230998E-07
 -4.01070195721E-07
 -2.96557743695E-07
 -1.91430629570E-07
 -8.63482370050E-08
  1.80326722443E-08
  1.21062711855E-07
  2.22104603154E-07
  3.20538049436E-07
  4.15764048967E-07
  5.07209392708E-07
  5.94331027060E-07
  6.76619549722E-07
  7.53603387693E-07
  8.24851724701E-07
  8.89977968654E-07
  9.48641854848E-07
  1.00055251551E-06
  1.04546973034E-06
  1.08320557501E-06
  1.11362589905E-06
  1.13665021217E-06
  1.15225304853E-06
  1.16046248877E-06
  1.16136027373E-06
  1.15508044018E-06
  1.14180818400E-06
  1.12177770006E-06
  1.09526956749E-06
  1.06260858956E-06
  1.02416095160E-06
  9.80330128186E-07
  9.31553927330E-07
  8.78300454588E-07
  8.21064077172E-07
  7.60361217544E-07
  6.96725635407E-07
  6.30704221294E-07
  5.62852051189E-07
  4.93728123274E-07
  4.23890782031E-07
  3.53892488647E-07
  2.84275984086E-07
  2.15569613715E-07
  1.48283277213E-07
  8.29041866268E-08
  1.98933207685E-08
 -4.03182234265E-08
 -9.73324318920E-08
 -1.50787215603E-07
 -2.00359110636E-07
 -2.45765278351E-07
 -2.86765441615E-07
 -3.23163249050E-07
 -3.54807411895E-07
 -3.81591945597E-07
 -4.03456937192E-07
 -4.20387664235E-07
 -4.32414395846E-07
 -4.39611170577E-07
 -4.42094517439E-07
 -4.40021409531E-07
 -4.33587217685E-07
 -4.23023323037E-07
 -4.08594445389E-07
 -3.90595033650E-07
 -3.69346537354E-07
 -3.45193654994E-07
 -3.18500639196E-07
 -2.89647431373E-07
 -2.59025767946E-07
 -2.27035286571E-07
 -1.94079177618E-07
 -1.60560446716E-07
 -1.26877935713E-07
 -9.34222725846E-08
 -6.05722263458E-08
 -2.86911312486E-08
  1.87656579165E-09
  3.08084473488E-08
  5.78070569190E-08
  8.26024972866E-08
  1.04954807512E-07
  1.24655912259E-07
  1.41531359077E-07
  1.55441497895E-07
  1.66282546843E-07
  1.73987075414E-07
  1.78524174999E-07
  1.79899302566E-07
  1.78153726438E-07
  1.73363559952E-07
  1.65638581962E-07
  1.55120446266E-07
  1.41981018942E-07
  1.26419934077E-07
  1.08662241871E-07
  8.89556375228E-08
  6.75675764228E-08
  4.47820944771E-08
  2.08966906001E-08
 -3.78123443667E-09
 -2.89375776674E-08
 -5.42551994442E-08
 -7.94172763108E-08
 -1.04110789323E-07
 -1.28029839175E-07
 -1.50878946670E-07
 -1.72376118712E-07
 -1.92255825482E-07
 -2.10271707601E-07
 -2.26199048825E-07
 -2.39837078198E-07
 -2.51010959573E-07
 -2.59573340600E-07
 -2.65405702748E-07
 -2.68419626082E-07
 -2.68557187155E-07
 -2.65791470611E-07
 -2.60126427065E-07
 -2.51596759426E-07
 -2.40266984974E-07
 -2.26230639555E-07
 -2.09608799651E-07
 -1.90548675505E-07
 -1.69221436863E-07
 -1.45820379771E-07
 -1.20558240724E-07
 -9.36649087180E-08
 -6.53844551834E-08
 -3.59723593135E-08
 -5.69250024895E-09
  2.51859617606E-08
  5.63916273677E-08
  8.76540013905E-08
  1.18706573460E-07
  1.49289760998E-07
  1.79153857971E-07
  2.08061820217E-07
  2.35791787873E-07
  2.62139479901E-07
  2.86920425197E-07
  3.09971909473E-07
  3.31154353717E-07
  3.50353076328E-07
  3.67478918406E-07
  3.82469380611E-07
  3.95288509480E-07
  4.05927551128E-07
  4.14404041749E-07
  4.20761836040E-07
  4.25069487164E-07
  4.27419763582E-07
  4.27927375313E-07
  4.26727638114E-07
  4.23974086061E-07
  4.19836425181E-07
  4.14497549173E-07
  4.08151350939E-07
  4.00999397243E-07
  3.93248285491E-07
  3.85106289968E-07
  3.76780405986E-07
  3.68473223489E-07
  3.60379829090E-07
  3.52684907057E-07
  3.45559413972E-07
  3.39158447105E-07
  3.33618118020E-07
  3.29053619907E-07
  3.25556584357E-07
  3.23193802387E-07
  3.22005263342E-07
  3.22003131714E-07
  3.23170581851E-07
  3.25461684270E-07
  3.28800837224E-07
  3.33083221449E-07
  3.38175141223E-07
  3.43915360190E-07
  3.50115982428E-07
  3.56564612503E-07
  3.63025918659E-07
  3.69244503418E-07
  3.74947177306E-07
  3.79846255782E-07
  3.83642543511E-07
  3.86029086030E-07
  3.86694438248E-07
  3.85326956120E-07
  3.81618178835E-07
  3.75267291020E-07
  3.65984760720E-07
  3.53496687922E-07
  3.37548442531E-07
  3.17908671832E-07
  2.94372910048E-07
  2.66767074208E-07
  2.34950803701E-07
  1.98820330866E-07
  1.58311209475E-07
  1.13400609791E-07
  6.41093222953E-08
  1.05032222919E-08
 -4.73055621342E-08
 -1.09158065698E-07
 -1.74848167944E-07
 -2.44123015136E-07
 -3.16683667734E-07
 -3.92186535692E-07
 -4.70244771122E-07
 -5.50430968360E-07
 -6.32279352430E-07
 -7.15289104392E-07
 -7.98927999313E-07
 -8.82636015831E-07
 -9.65829940469E-07
 -1.04790763089E-06
 -1.12825341603E-06
 -1.20624235933E-06
 -1.28124645471E-06
 -1.35263940138E-06
 -1.41980274293E-06
 -1.48213109696E-06
 -1.53903749833E-06
 -1.58995965194E-06
 -1.63436482126E-06
 -1.67175460319E-06
 -1.70167095348E-06
 -1.72370050677E-06
