 -1.03747098024E-07
 -9.83980825708E-08
 -9.31473280730E-08
 -8.79944934695E-08
 -8.29388895340E-08
 -7.79794504524E-08
 -7.31148617206E-08
 -6.83435175119E-08
 -6.36636272588E-08
 -5.90732369687E-08
 -5.45702505406E-08
 -5.01525079244E-08
 -4.58178099905E-08
 -4.15639469509E-08
 -3.73887658611E-08
 -3.32901706201E-08
 -2.92661805901E-08
 -2.53149465834E-08
 -2.14347721794E-08
 -1.76241492511E-08
 -1.38817570772E-08
 -1.02064952046E-08
 -6.59747279030E-09
 -3.05402414469E-09
  4.24292961876E-10
  3.83770126788E-09
  7.18621384621E-09
  1.04696464831E-08
  1.36876323609E-08
  1.68396407929E-08
  1.99250003163E-08
  2.29429240051E-08
  2.58925361152E-08
  2.87729022830E-08
  3.15830668285E-08
  3.43220740717E-08
  3.69890003071E-08
  3.95830141997E-08
  4.21033696796E-08
  4.45494769963E-08
  4.69209062715E-08
  4.92174336841E-08
  5.14390592343E-08
  5.35860422701E-08
  5.56589263567E-08
  5.76585499346E-08
  5.95860605301E-08
  6.14429538359E-08
  6.32310488413E-08
  6.49525233598E-08
  6.66098856072E-08
  6.82059990709E-08
  6.97440754038E-08
  7.12276388981E-08
  7.26605193790E-08
  7.40468664162E-08
  7.53910569529E-08
  7.66977592548E-08
  7.79718121180E-08
  7.92182603959E-08
  8.04422768397E-08
  8.16491265709E-08
  8.28441670819E-08
  8.40327416540E-08
  8.52201722523E-08
  8.64117382093E-08
  8.76125696436E-08
  8.88276403543E-08
  9.00617180832E-08
  9.13193289875E-08
  9.26046581640E-08
  9.39216135976E-08
  9.52736769477E-08
  9.66639461808E-08
  9.80950503049E-08
  9.95691635808E-08
  1.01087941573E-07
  1.02652514045E-07
  1.04263470746E-07
  1.05920840099E-07
  1.07624110512E-07
  1.09372159329E-07
  1.11163316774E-07
  1.12995365953E-07
  1.14865507328E-07
  1.16770436875E-07
  1.18706310559E-07
  1.20668801173E-07
  1.22653162293E-07
  1.24654135902E-07
  1.26666137135E-07
  1.28683254275E-07
  1.30699220335E-07
  1.32707512535E-07
  1.34701494403E-07
  1.36674273676E-07
  1.38618887036E-07
  1.40528428005E-07
  1.42395833791E-07
  1.44214297393E-07
  1.45976983390E-07
  1.47677369000E-07
  1.49309073549E-07
  1.50866071635E-07
  1.52342664705E-07
  1.53733509478E-07
  1.55033774263E-07
  1.56239067906E-07
  1.57345482421E-07
  1.58349720891E-07
  1.59249054832E-07
  1.60041338404E-07
  1.60725051046E-07
  1.61299354318E-07
  1.61764049267E-07
  1.62119576430E-07
  1.62367058465E-07
  1.62508271728E-07
  1.62545589433E-07
  1.62482052701E-07
  1.62321327934E-07
  1.62067593124E-07
  1.61725608905E-07
  1.61300675927E-07
  1.60798478532E-07
  1.60225226864E-07
  1.59587443704E-07
  1.58892021318E-07
  1.58146079343E-07
  1.57357007424E-07
  1.56532308893E-07
  1.55679614977E-07
  1.54806627961E-07
  1.53920936441E-07
  1.53030157435E-07
  1.52141723220E-07
  1.51262824488E-07
  1.50400467192E-07
  1.49561287799E-07
  1.48751581719E-07
  1.47977246456E-07
  1.47243667925E-07
  1.46555734659E-07
  1.45917809391E-07
  1.45333657997E-07
  1.44806421076E-07
  1.44338599739E-07
  1.43932027186E-07
  1.43587840284E-07
  1.43306536415E-07
  1.43087845572E-07
  1.42930815628E-07
  1.42833854966E-07
  1.42794618796E-07
  1.42810108628E-07
  1.42876714904E-07
  1.42990174368E-07
  1.43145626907E-07
  1.43337686609E-07
  1.43560427546E-07
  1.43807454833E-07
  1.44071961472E-07
  1.44346770981E-07
  1.44624351606E-07
  1.44896972643E-07
  1.45156661802E-07
  1.45395276263E-07
  1.45604658996E-07
  1.45776581917E-07
  1.45902873783E-07
  1.45975505461E-07
  1.45986561506E-07
  1.45928453321E-07
  1.45793762840E-07
  1.45575512533E-07
  1.45267122775E-07
  1.44862454476E-07
  1.44355894349E-07
  1.43742397540E-07
  1.43017530263E-07
  1.42177484008E-07
  1.41219160810E-07
  1.40140159033E-07
  1.38938858640E-07
  1.37614335927E-07
  1.36166519837E-07
  1.34596092494E-07
  1.32904574457E-07
  1.31094267886E-07
  1.29168270746E-07
  1.27130533656E-07
  1.24985717775E-07
  1.22739294284E-07
  1.20397501746E-07
  1.17967211111E-07
  1.15456060712E-07
  1.12872292846E-07
  1.10224782190E-07
  1.07522929227E-07
  1.04776695764E-07
  1.01996441515E-07
  9.91930022565E-08
  9.63775121932E-08
  9.35614039577E-08
  9.07563446617E-08
  8.79741435256E-08
  8.52267234563E-08
  8.25260002557E-08
  7.98838541982E-08
  7.73120731878E-08
  7.48222319658E-08
  7.24256636886E-08
  7.01333817688E-08
  6.79560017147E-08
  6.59036842876E-08
  6.39860502361E-08
  6.22121731908E-08
  6.05904517670E-08
  5.91285882479E-08
  5.78335317414E-08
  5.67114248895E-08
  5.57675505775E-08
  5.50062999594E-08
  5.44311369310E-08
  5.40445519448E-08
  5.38480371404E-08
  5.38420827922E-08
  5.40261382298E-08
  5.43986118373E-08
  5.49568781594E-08
  5.56972530319E-08
  5.66150291093E-08
  5.77044758643E-08
  5.89588644573E-08
  6.03705103686E-08
  6.19307840566E-08
  6.36301749068E-08
  6.54583445225E-08
  6.74041444881E-08
  6.94557300562E-08
  7.16006098855E-08
  7.38256744626E-08
  7.61173453157E-08
  7.84616460692E-08
  8.08442166544E-08
  8.32505122617E-08
  8.56658388670E-08
  8.80754669197E-08
  9.04647166067E-08
  9.28190857508E-08
  9.51243492864E-08
  9.73666303139E-08
  9.95325564190E-08
  1.01609344938E-07
  1.03584845590E-07
  1.05447718113E-07
  1.07187489107E-07
  1.08794615983E-07
  1.10260607755E-07
  1.11578081885E-07
  1.12740806912E-07
  1.13743809038E-07
  1.14583379229E-07
  1.15257151379E-07
  1.15764073882E-07
  1.16104502013E-07
  1.16280148177E-07
  1.16294089025E-07
  1.16150765450E-07
  1.15855975480E-07
  1.15416746382E-07
  1.14841377297E-07
  1.14139332652E-07
  1.13321171114E-07
  1.12398467422E-07
  1.11383684498E-07
  1.10290116595E-07
  1.09131732984E-07
  1.07923050052E-07
  1.06679031830E-07
  1.05414926566E-07
  1.04146145929E-07
  1.02888073172E-07
  1.01655963647E-07
  1.00464767172E-07
  9.93289859252E-08
  9.82625110169E-08
  9.72785230147E-08
  9.63892787809E-08
  9.56060688395E-08
  9.49389971083E-08
  9.43969453715E-08
  9.39874311712E-08
  9.37165012260E-08
  9.35887314313E-08
  9.36070350122E-08
  9.37727406836E-08
  9.40854789633E-08
  9.45432034882E-08
  9.51422123308E-08
  9.58770911552E-08
  9.67408553265E-08
  9.77249570155E-08
  9.88193420426E-08
  1.00012584880E-07
  1.01291981025E-07
  1.02643653577E-07
  1.04052752192E-07
  1.05503566772E-07
  1.06979669567E-07
  1.08464178084E-07
  1.09939854553E-07
  1.11389368840E-07
  1.12795461860E-07
  1.14141165852E-07
  1.15409982016E-07
  1.16586143406E-07
  1.17654757048E-07
  1.18602017096E-07
  1.19415403788E-07
  1.20083825550E-07
  1.20597832165E-07
  1.20949692928E-07
  1.21133567177E-07
  1.21145660614E-07
  1.20984196883E-07
  1.20649588098E-07
  1.20144420634E-07
  1.19473526183E-07
  1.18643903591E-07
  1.17664754384E-07
  1.16547390405E-07
  1.15305141435E-07
  1.13953255720E-07
  1.12508786287E-07
  1.10990370672E-07
  1.09418110128E-07
  1.07813313832E-07
  1.06198321248E-07
  1.04596225015E-07
  1.03030615151E-07
  1.01525316154E-07
  1.00104131207E-07
  9.87905082184E-08
  9.76072769276E-08
  9.65763504723E-08
  9.57184838057E-08
  9.50528900034E-08
  9.45970839439E-08
  9.43665412478E-08
  9.43745064319E-08
  9.46317584294E-08
  9.51463974275E-08
  9.59236956533E-08
  9.69659339489E-08
  9.82723165066E-08
  9.98388642870E-08
  1.01658386598E-07
  1.03720452671E-07
  1.06011476930E-07
  1.08514690567E-07
  1.11210347598E-07
  1.14075788815E-07
  1.17085676266E-07
  1.20212163779E-07
  1.23425195397E-07
  1.26692725644E-07
  1.29981117425E-07
  1.33255412038E-07
  1.36479656021E-07
  1.39617441164E-07
  1.42632117672E-07
  1.45487376813E-07
  1.48147520918E-07
  1.50577932345E-07
  1.52745613491E-07
  1.54619428372E-07
  1.56170600007E-07
  1.57373051479E-07
  1.58203846468E-07
  1.58643459258E-07
  1.58676073170E-07
  1.58289878982E-07
  1.57477373364E-07
  1.56235401505E-07
  1.54565469757E-07
  1.52473688786E-07
  1.49970929897E-07
  1.47072725554E-07
  1.43799269381E-07
  1.40175302477E-07
  1.36229871828E-07
  1.31996117148E-07
  1.27511071923E-07
  1.22815166037E-07
  1.17951998391E-07
  1.12967789789E-07
  1.07910956615E-07
  1.02831549498E-07
  9.77807772529E-08
  9.28103176534E-08
  8.79717987345E-08
  8.33161521996E-08
  7.88929312989E-08
  7.47497495013E-08
  7.09315628455E-08
  6.74800801903E-08
  6.44331734634E-08
  6.18242239625E-08
  5.96816533971E-08
  5.80282986107E-08
  5.68810385460E-08
  5.62502897594E-08
  5.61396653609E-08
  5.65456872437E-08
  5.74575231838E-08
  5.88568163096E-08
  6.07176104950E-08
  6.30063041740E-08
  6.56817604749E-08
  6.86954066964E-08
  7.19915078662E-08
  7.55074367476E-08
  7.91741072703E-08
  8.29164079619E-08
  8.66537916977E-08
  9.03008725572E-08
  9.37681079449E-08
  9.69626157143E-08
  9.97888918164E-08
  1.02149748216E-07
  1.03947165542E-07
  1.05083302060E-07
  1.05461381850E-07
  1.04986739302E-07
  1.03567799670E-07
  1.01117024087E-07
  9.75519824920E-08
  9.27962133801E-08
  8.67802611992E-08
  7.94424508399E-08
  7.07298326574E-08
  6.05989001201E-08
  4.90163145628E-08
  3.59595802024E-08
  2.14175415181E-08
  5.39089395346E-09
 -1.21074670290E-08
 -3.10521812708E-08
 -5.14052516110E-08
 -7.31160127998E-08
 -9.61211767958E-08
 -1.20345006849E-07
 -1.45699644349E-07
 -1.72085449890E-07
 -1.99391564593E-07
 -2.27496528282E-07
 -2.56269004240E-07
 -2.85568603431E-07
 -3.15246779792E-07
 -3.45147867620E-07
 -3.75110261075E-07
 -4.04967323675E-07
 -4.34548951489E-07
 -4.63682425789E-07
 -4.92194089929E-07
 -5.19910543062E-07
 -5.46659975953E-07
 -5.72273563648E-07
 -5.96586687607E-07
 -6.19440584160E-07
 -6.40683254005E-07
 -6.60170940137E-07
 -6.77769548929E-07
 -6.93355275416E-07
 -7.06815967533E-07
 -7.18052206139E-07
 -7.26977987142E-07
 -7.33521574148E-07
 -7.37626237424E-07
 -7.39250708648E-07
 -7.38369521969E-07
 -7.34973752969E-07
 -7.29070393390E-07
 -7.20683431155E-07
 -7.09852884029E-07
 -6.96634799624E-07
 -6.81101369082E-07
 -6.63339676521E-07
 -6.43451812721E-07
 -6.21553624569E-07
 -5.97774146627E-07
 -5.72254464259E-07
 -5.45146860986E-07
 -5.16613624768E-07
 -4.86825797452E-07
 -4.55961924217E-07
 -4.24206575644E-07
 -3.91749125583E-07
 -3.58782330068E-07
 -3.25500849385E-07
 -2.92099656463E-07
 -2.58772814732E-07
 -2.25711886515E-07
 -1.93104611412E-07
 -1.61133442589E-07
 -1.29974367269E-07
 -9.97955069693E-08
 -7.07560232627E-08
 -4.30050270950E-08
 -1.66804738910E-08
  8.09162958859E-09
  3.11981338541E-08
  5.25393666351E-08
  7.20297705925E-08
  8.95983021110E-08
  1.05188831867E-07
  1.18760304701E-07
  1.30286849753E-07
  1.39757730722E-07
  1.47177175336E-07
  1.52564183509E-07
  1.55951980219E-07
  1.57387589184E-07
  1.56931250217E-07
  1.54655694473E-07
  1.50645263375E-07
  1.44995141227E-07
  1.37810332035E-07
  1.29204636323E-07
  1.19299599532E-07
  1.08223396467E-07
  9.61096517926E-08
  8.30963031717E-08
  6.93243791261E-08
  5.49368230907E-08
  4.00773458864E-08
  2.48892071397E-08
  9.51413525740E-09
 -5.90879523088E-09
 -2.12441957359E-08
 -3.63613423815E-08
 -5.11351281318E-08
 -6.54468905736E-08
 -7.91852130533E-08
 -9.22466085740E-08
 -1.04536134415E-07
 -1.15967921488E-07
 -1.26465607764E-07
 -1.35962622494E-07
 -1.44402548585E-07
 -1.51739143917E-07
 -1.57936455025E-07
 -1.62968788686E-07
 -1.66820555592E-07
 -1.69486085611E-07
 -1.70969315150E-07
 -1.71283446093E-07
 -1.70450505266E-07
 -1.68500790210E-07
 -1.65472357594E-07
 -1.61410412147E-07
 -1.56366624537E-07
 -1.50398435039E-07
 -1.43568371413E-07
 -1.35943253099E-07
 -1.27593466459E-07
 -1.18592176079E-07
 -1.09014600014E-07
 -9.89372139770E-08
 -8.84370336962E-08
 -7.75908972628E-08
 -6.64747688006E-08
 -5.51630883194E-08
 -4.37281642007E-08
 -3.22395976582E-08
 -2.07637569360E-08
 -9.36331989720E-09
  1.90315541104E-09
  1.29815900252E-08
  2.38226594007E-08
  3.43820545368E-08
  4.46206698257E-08
  5.45046781042E-08
  6.40056470047E-08
  7.31004945465E-08
  8.17714607138E-08
  9.00059973219E-08
  9.77966010396E-08
  1.05140614437E-07
  1.12039984401E-07
  1.18500956603E-07
  1.24533798385E-07
  1.30152372435E-07
  1.35373824151E-07
  1.40218162414E-07
  1.44707854588E-07
  1.48867357552E-07
  1.52722734015E-07
  1.56301254606E-07
  1.59630886287E-07
  1.62739908660E-07
  1.65656516060E-07
  1.68408448076E-07
  1.71022563222E-07
  1.73524554725E-07
  1.75938609459E-07
  1.78287052677E-07
  1.80590234322E-07
  1.82866159548E-07
  1.85130403452E-07
  1.87395883700E-07
  1.89672832107E-07
  1.91968609897E-07
  1.94287764543E-07
  1.96631972926E-07
  1.99000069756E-07
  2.01388175469E-07
  2.03789724651E-07
  2.06195593933E-07
  2.08594371998E-07
  2.10972373793E-07
  2.13313995800E-07
  2.15601872355E-07
  2.17817188286E-07
  2.19939849444E-07
  2.21948852186E-07
  2.23822482326E-07
  2.25538698828E-07
  2.27075403814E-07
  2.28410627301E-07
  2.29522953532E-07
  2.30391776768E-07
  2.30997514450E-07
  2.31321905630E-07
  2.31348280977E-07
  2.31061719091E-07
  2.30449330729E-07
  2.29500457749E-07
  2.28206701536E-07
  2.26562278272E-07
  2.24563919460E-07
  2.22211127721E-07
  2.19506148369E-07
  2.16454012048E-07
  2.13062634202E-07
  2.09342644553E-07
  2.05307472356E-07
  2.00973218512E-07
  1.96358541871E-07
  1.91484616607E-07
  1.86374876421E-07
  1.81054971904E-07
  1.75552457904E-07
  1.69896708258E-07
  1.64118603152E-07
  1.58250344384E-07
  1.52325227987E-07
  1.46377317378E-07
  1.40441230201E-07
  1.34551854103E-07
  1.28744119365E-07
  1.23052615209E-07
  1.17511426367E-07
  1.12153792031E-07
  1.07011892680E-07
  1.02116558764E-07
  9.74970291168E-08
  9.31807377924E-08
  8.91930653779E-08
  8.55571471448E-08
  8.22936883083E-08
  7.94207863919E-08
  7.69537962242E-08
  7.49051380922E-08
  7.32842977413E-08
  7.20976629509E-08
  7.13484453740E-08
  7.10367515921E-08
  7.11594196900E-08
  7.17101613645E-08
  7.26795192918E-08
  7.40549523925E-08
  7.58209068863E-08
  7.79589370836E-08
  8.04478261784E-08
  8.32637070403E-08
  8.63802824824E-08
  8.97689673707E-08
  9.33991088914E-08
  9.72382139253E-08
  1.01252169316E-07
  1.05405490558E-07
  1.09661591807E-07
  1.13983041672E-07
  1.18331840326E-07
  1.22669661096E-07
  1.26958227042E-07
  1.31159481498E-07
  1.35235936227E-07
  1.39150898804E-07
  1.42868813668E-07
  1.46355432662E-07
  1.49578141873E-07
  1.52506160589E-07
  1.55110825517E-07
  1.57365676046E-07
  1.59246795306E-07
  1.60732909649E-07
  1.61805559173E-07
  1.62449197205E-07
  1.62651403457E-07
  1.62402841397E-07
  1.61697414569E-07
  1.60532280802E-07
  1.58907894843E-07
  1.56827923092E-07
  1.54299314659E-07
  1.51332173459E-07
  1.47939687167E-07
  1.44138056157E-07
  1.39946294553E-07
  1.35386216016E-07
  1.30482050054E-07
  1.25260484651E-07
  1.19750311001E-07
  1.13982238759E-07
  1.07988661568E-07
  1.01803408370E-07
  9.54615373416E-08
  8.89989379971E-08
  8.24521890763E-08
  7.58582174853E-08
  6.92540496061E-08
  6.26764844469E-08
  5.61618733741E-08
  4.97458358950E-08
  4.34629932045E-08
  3.73466981785E-08
  3.14288328696E-08
  2.57395669223E-08
  2.03071319760E-08
  1.51576440288E-08
  1.03149249142E-08
  5.80034775766E-09
  1.63269375797E-09
 -2.17194728869E-09
 -5.60026780505E-09
 -8.64182059246E-09
 -1.12890523596E-08
 -1.35373197097E-08
 -1.53848844775E-08
 -1.68328924133E-08
 -1.78853163391E-08
 -1.85488797655E-08
 -1.88329583040E-08
 -1.87494748616E-08
 -1.83127468745E-08
 -1.75393548574E-08
 -1.64479629916E-08
 -1.50591219494E-08
 -1.33950921466E-08
 -1.14796279149E-08
 -9.33776167500E-09
 -6.99558055928E-09
 -4.47999992659E-09
 -1.81853421211E-09
  9.60934665173E-10
  3.83038623042E-09
  6.76188571802E-09
  9.72781144526E-09
  1.27010535422E-08
  1.56552264485E-08
  1.85648652007E-08
  2.14055884129E-08
  2.41542874591E-08
  2.67892499295E-08
  2.92903283849E-08
  3.16390256216E-08
  3.38186154636E-08
  3.58142102641E-08
  3.76128426183E-08
  3.92034849028E-08
  4.05771061196E-08
  4.17266434738E-08
  4.26470201376E-08
  4.33351061702E-08
  4.37896758854E-08
  4.40113367972E-08
  4.40024727766E-08
  4.37671445752E-08
  4.33109796916E-08
  4.26410764476E-08
  4.17658725382E-08
  4.06950064757E-08
  3.94392074554E-08
  3.80101354835E-08
  3.64202215053E-08
  3.46825714814E-08
  3.28107567782E-08
  3.08187146913E-08
  2.87205921268E-08
  2.65306070446E-08
  2.42629223379E-08
  2.19315108296E-08
  1.95500504674E-08
  1.71318053077E-08
  1.46895393627E-08
  1.22354215648E-08
  9.78095116011E-09
  7.33689331511E-09
  4.91322627028E-09
  2.51910647897E-09
  1.62828889261E-10
 -2.14817785782E-09
 -4.40736247498E-09
 -6.60904442285E-09
 -8.74839667375E-09
 -1.08214157635E-08
 -1.28248833775E-08
 -1.47563250508E-08
 -1.66139617619E-08
 -1.83966371026E-08
 -2.01037604342E-08
 -2.17352429388E-08
 -2.32914096898E-08
 -2.47729357028E-08
 -2.61807659996E-08
 -2.75160338958E-08
 -2.87799988286E-08
 -2.99739504328E-08
 -3.10991552510E-08
 -3.21567910078E-08
 -3.31478666737E-08
 -3.40731851622E-08
 -3.49332758276E-08
 -3.57283731489E-08
 -3.64583527812E-08
 -3.71227173446E-08
 -3.77205893187E-08
 -3.82506577523E-08
 -3.87112315536E-08
 -3.91001826472E-08
 -3.94150028171E-08
 -3.96528072599E-08
 -3.98103594534E-08
 -3.98841031313E-08
 -3.98702120208E-08
 -3.97646289230E-08
 -3.95631261085E-08
 -3.92613479505E-08
 -3.88548890840E-08
 -3.83393441439E-08
 -3.77103752669E-08
 -3.69637902509E-08
 -3.60955993983E-08
 -3.51020830180E-08
 -3.39798660320E-08
 -3.27259748190E-08
 -3.13378976102E-08
 -2.98136626498E-08
 -2.81518666156E-08
 -2.63517350163E-08
 -2.44131772575E-08
 -2.23367990770E-08
 -2.01239664932E-08
 -1.77768040288E-08
 -1.52982355672E-08
 -1.26919825760E-08
 -9.96256854791E-09
 -7.11532122111E-09
 -4.15635970086E-09
 -1.09257647374E-09
  2.06838945971E-09
  5.31818056260E-09
  8.64776161791E-09
  1.20474688003E-08
  1.55070498664E-08
  1.90157294355E-08
  2.25622667216E-08
  2.61350212583E-08
  2.97220186241E-08
  3.33110321549E-08
  3.68896486691E-08
  4.04453430747E-08
  4.39655742923E-08
  4.74378332171E-08
  5.08497635110E-08
  5.41891900241E-08
  5.74442253765E-08
  6.06033481176E-08
  6.36554773337E-08
  6.65899975161E-08
  6.93968971177E-08
  7.20667472365E-08
  7.45908721456E-08
  7.69612640283E-08
  7.91707464032E-08
  8.12129528072E-08
  8.30823765341E-08
  8.47744487942E-08
  8.62854818706E-08
  8.76127472793E-08
  8.87544757688E-08
  8.97098502151E-08
  9.04790553591E-08
  9.10631783313E-08
  9.14643152328E-08
  9.16854574484E-08
  9.17305271741E-08
  9.16043276789E-08
  9.13125219881E-08
  9.08615831463E-08
  9.02587657947E-08
  8.95120280120E-08
  8.86300668412E-08
  8.76221193380E-08
  8.64980833626E-08
  8.52683115227E-08
  8.39435969624E-08
  8.25351520461E-08
  8.10545017771E-08
  7.95134127429E-08
  7.79238149562E-08
  7.62978018543E-08
  7.46474739799E-08
  7.29849318759E-08
  7.13221623982E-08
  6.96710316106E-08
  6.80431639921E-08
  6.64498926994E-08
  6.49022382504E-08
  6.34107593100E-08
  6.19856237449E-08
  6.06364238820E-08
  5.93722333520E-08
  5.82014934025E-08
  5.71320022402E-08
  5.61708617397E-08
  5.53244596802E-08
  5.45984342182E-08
  5.39976312552E-08
  5.35261150958E-08
  5.31871329201E-08
  5.29831112317E-08
  5.29156558571E-08
  5.29855341824E-08
  5.31927071279E-08
  5.35363220422E-08
  5.40147340189E-08
  5.46255130018E-08
  5.53654935231E-08
  5.62307675978E-08
  5.72167557777E-08
  5.83182213632E-08
  5.95293130345E-08
  6.08436181437E-08
  6.22541875828E-08
  6.37536246018E-08
  6.53341061252E-08
  6.69874253845E-08
  6.87050913939E-08
  7.04783431615E-08
  7.22982207435E-08
  7.41556434036E-08
  7.60414238243E-08
  7.79463533718E-08
  7.98612660446E-08
  8.17770313688E-08
  8.36846965058E-08
  8.55754649365E-08
  8.74407675155E-08
  8.92722908929E-08
  9.10620414629E-08
  9.28023453639E-08
  9.44859124274E-08
  9.61058503890E-08
  9.76556719934E-08
  9.91293447328E-08
  1.00521269530E-07
  1.01826302057E-07
  1.03039766941E-07
  1.04157450664E-07
  1.05175587350E-07
  1.06090865870E-07
  1.06900387209E-07
  1.07601707100E-07
  1.08192722337E-07
  1.08671748933E-07
  1.09037436857E-07
  1.09288720296E-07
  1.09424874495E-07
  1.09445402074E-07
  1.09350025923E-07
  1.09138667881E-07
  1.08811427424E-07
  1.08368510610E-07
  1.07810244288E-07
  1.07136990835E-07
  1.06349204998E-07
  1.05447320209E-07
  1.04431805426E-07
  1.03303086973E-07
  1.02061584073E-07
  1.00707651995E-07
  9.92416104850E-08
  9.76637579697E-08
  9.59743076123E-08
  9.41734654702E-08
  9.22614233900E-08
  9.02383376911E-08
  8.81044073253E-08
  8.58598454556E-08
  8.35049718262E-08
  8.10402056572E-08
  7.84660656450E-08
  7.57832694376E-08
  7.29928046894E-08
  7.00958437960E-08
  6.70939073188E-08
  6.39888710907E-08
  6.07829875321E-08
  5.74789567054E-08
  5.40799582893E-08
  5.05897048697E-08
  4.70124597030E-08
  4.33530864541E-08
  3.96170705130E-08
  3.58105545217E-08
  3.19403490323E-08
  2.80139698106E-08
  2.40396129669E-08
  2.00261833783E-08
  1.59832893587E-08
  1.19212284488E-08
  7.85096165856E-09
  3.78408948620E-09
 -2.67168898116E-10
 -4.29002255942E-09
 -8.27116597435E-09
 -1.21968293243E-08
 -1.60528408344E-08
 -1.98246965510E-08
 -2.34976322844E-08
 -2.70567159788E-08
 -3.04869267609E-08
 -3.37732544153E-08
 -3.69007828738E-08
 -3.98547932434E-08
 -4.26208863757E-08
 -4.51850539207E-08
 -4.75338062245E-08
 -4.96542504891E-08
 -5.15342435392E-08
 -5.31624273492E-08
 -5.45283782571E-08
 -5.56226815718E-08
 -5.64370061795E-08
 -5.69642182313E-08
 -5.71984237752E-08
 -5.71350895484E-08
 -5.67710394250E-08
 -5.61045716552E-08
 -5.51354339962E-08
 -5.38649338466E-08
 -5.22958991667E-08
 -5.04327175577E-08
 -4.82813433678E-08
 -4.58492763755E-08
 -4.31455404737E-08
 -4.01806659056E-08
 -3.69666288691E-08
 -3.35168053311E-08
 -2.98459283954E-08
 -2.59699621807E-08
 -2.19060591888E-08
 -1.76724519463E-08
 -1.32883588577E-08
 -8.77385453180E-09
 -4.14977519014E-09
  5.62422497463E-10
  5.34078647974E-09
  1.01629877847E-08
  1.50064867199E-08
  1.98486489467E-08
  2.46668960813E-08
  2.94388389221E-08
  3.41424204464E-08
  3.87560703530E-08
  4.32588258548E-08
  4.76304471420E-08
  5.18515754777E-08
  5.59038362269E-08
  5.97699596483E-08
  6.34338732652E-08
  6.68808226578E-08
  7.00974283063E-08
  7.30718028308E-08
  7.57935936235E-08
  7.82540396926E-08
  8.04460213999E-08
  8.23641244097E-08
  8.40046041617E-08
  8.53654498201E-08
  8.64463629568E-08
  8.72487220249E-08
  8.77756178852E-08
  8.80317614360E-08
  8.80234409806E-08
  8.77585364378E-08
  8.72463132850E-08
  8.64975007175E-08
  8.55241069075E-08
  8.43393195282E-08
  8.29574702266E-08
  8.13938854094E-08
  7.96647441348E-08
  7.77870141633E-08
  7.57782814276E-08
  7.36566647674E-08
  7.14406382940E-08
  6.91489390192E-08
  6.68004176418E-08
  6.44139035444E-08
  6.20080911062E-08
  5.96013975951E-08
  5.72118530329E-08
  5.48569580872E-08
  5.25536094642E-08
  5.03179400368E-08
  4.81652477902E-08
  4.61099070037E-08
  4.41652616701E-08
  4.23435473351E-08
  4.06558307020E-08
  3.91119421295E-08
  3.77204223412E-08
  3.64884904513E-08
  3.54219906740E-08
  3.45253923228E-08
  3.38017613899E-08
  3.32527569924E-08
  3.28786491366E-08
  3.26783400340E-08
  3.26493569958E-08
  3.27879376982E-08
  3.30890337352E-08
  3.35463852252E-08
  3.41525705494E-08
  3.48990845112E-08
  3.57763951797E-08
  3.67740504714E-08
  3.78807314405E-08
  3.90843908349E-08
  4.03722957287E-08
  4.17311518675E-08
  4.31472280127E-08
  4.46064163384E-08
  4.60943603287E-08
  4.75965578062E-08
  4.90984639612E-08
  5.05856085908E-08
  5.20436600482E-08
  5.34585780088E-08
  5.48166703140E-08
  5.61046995529E-08
  5.73099612211E-08
  5.84203938558E-08
  5.94246287733E-08
  6.03120753340E-08
  6.10729884443E-08
  6.16985289525E-08
  6.21808027290E-08
  6.25129104037E-08
  6.26890042099E-08
  6.27042808787E-08
  6.25550526934E-08
  6.22387261728E-08
  6.17538091774E-08
  6.10999180140E-08
  6.02777703307E-08
  5.92891709061E-08
  5.81369725694E-08
  5.68250797528E-08
  5.53583738849E-08
  5.37426885217E-08
  5.19847596081E-08
  5.00921721880E-08
  4.80732964547E-08
  4.59372309081E-08
  4.36937277470E-08
  4.13531289212E-08
  3.89262950762E-08
  3.64245096307E-08
  3.38594396965E-08
  3.12430188387E-08
  2.85873920092E-08
  2.59048302809E-08
  2.32076580176E-08
  2.05081658322E-08
  1.78185484145E-08
  1.51508174895E-08
  1.25167467502E-08
  9.92779991549E-09
  7.39506011982E-09
  4.92918594830E-09
  2.54033016844E-09
  2.38121716789E-10
 -1.96839788913E-09
 -4.07082012543E-09
 -6.06139360926E-09
 -7.93306043079E-09
 -9.67948565744E-09
 -1.12950653275E-08
 -1.27749446577E-08
 -1.41150477972E-08
 -1.53120414126E-08
 -1.63633728789E-08
 -1.72672400822E-08
 -1.80225878665E-08
 -1.86290982640E-08
 -1.90871638495E-08
 -1.93978664242E-08
 -1.95629432653E-08
 -1.95847693618E-08
 -1.94663023478E-08
 -1.92110718444E-08
 -1.88231226161E-08
 -1.83069719384E-08
 -1.76675793995E-08
 -1.69103007153E-08
 -1.60408166749E-08
 -1.50651207065E-08
 -1.39894540396E-08
 -1.28202595207E-08
 -1.15641354270E-08
 -1.02277990521E-08
 -8.81802453279E-09
 -7.34160465754E-09
 -5.80531978045E-09
 -4.21587786903E-09
 -2.57988919117E-09
 -9.03815300379E-10
  8.06053612745E-10
  2.54365839503E-09
  4.30316449140E-09
  6.07902217453E-09
  7.86598430835E-09
  9.65912327899E-09
  1.14538609708E-08
  1.32459865299E-08
  1.50316683545E-08
  1.68074780760E-08
  1.85703985522E-08
  2.03178132097E-08
  2.20475335766E-08
  2.37577939544E-08
  2.54472602990E-08
  2.71150089048E-08
  2.87605335103E-08
  3.03837381921E-08
  3.19849249308E-08
  3.35647776240E-08
  3.51243514274E-08
  3.66650425576E-08
  3.81885953971E-08
  3.96970492034E-08
  4.11927310040E-08
  4.26782236218E-08
  4.41563372533E-08
  4.56300810470E-08
  4.71026169180E-08
  4.85772702064E-08
  5.00574088846E-08
  5.15465004014E-08
  5.30480157579E-08
  5.45653975337E-08
  5.61020350176E-08
  5.76612144698E-08
  5.92460764892E-08
  6.08595769336E-08
  6.25044407343E-08
  6.41831334747E-08
  6.58977938883E-08
  6.76502267538E-08
  6.94418389457E-08
  7.12736394348E-08
  7.31461469172E-08
  7.50593898147E-08
  7.70128991689E-08
  7.90056375877E-08
  8.10360063497E-08
  8.31018098779E-08
  8.52002628449E-08
  8.73279262237E-08
  8.94807570262E-08
  9.16540798812E-08
  9.38425941399E-08
  9.60403880867E-08
  9.82409318340E-08
  1.00437098638E-07
  1.02621228848E-07
  1.04785115695E-07
  1.06920055032E-07
  1.09016887961E-07
  1.11066057684E-07
  1.13057637918E-07
  1.14981411059E-07
  1.16826932128E-07
  1.18583578512E-07
  1.20240613910E-07
  1.21787309126E-07
  1.23212970493E-07
  1.24507025134E-07
  1.25659155970E-07
  1.26659301714E-07
  1.27497841618E-07
  1.28165524416E-07
  1.28653780962E-07
  1.28954567913E-07
  1.29060609311E-07
  1.28965410795E-07
  1.28663359078E-07
  1.28149736156E-07
  1.27420832996E-07
  1.26474020590E-07
  1.25307764165E-07
  1.23921680029E-07
  1.22316521356E-07
  1.20494334510E-07
  1.18458324039E-07
  1.16212966361E-07
  1.13763974241E-07
  1.11118268364E-07
  1.08283998657E-07
  1.05270466122E-07
  1.02088115739E-07
  9.87484796156E-08
  9.52640988316E-08
  9.16484523827E-08
  8.79159216538E-08
  8.40816483105E-08
  8.01614490342E-08
  7.61717444675E-08
  7.21294100003E-08
  6.80516549778E-08
  6.39559871729E-08
  5.98599569912E-08
  5.57811254964E-08
  5.17368974329E-08
  4.77444039859E-08
  4.38203677788E-08
  3.99809714224E-08
  3.62417473809E-08
  3.26174394161E-08
  2.91218906767E-08
  2.57679424465E-08
  2.25673328913E-08
  1.95305975836E-08
  1.66669789081E-08
  1.39843550073E-08
  1.14891864911E-08
  9.18645604031E-09
  7.07962133362E-09
  5.17059861593E-09
  3.45974626725E-09
  1.94586435853E-09
  6.26199092579E-10
 -5.03526664808E-10
 -1.44907152944E-09
 -2.21762874730E-09
 -2.81775469624E-09
 -3.25929860878E-09
 -3.55331630786E-09
 -3.71196451354E-09
 -3.74838959871E-09
 -3.67662544853E-09
 -3.51145867938E-09
 -3.26828342168E-09
 -2.96298319213E-09
 -2.61177923733E-09
 -2.23108664876E-09
 -1.83736259540E-09
 -1.44695899706E-09
 -1.07598141508E-09
 -7.40147887424E-10
 -4.54634080382E-10
 -2.33936592320E-10
 -9.17587672511E-11
 -4.08778740024E-11
 -9.30290081080E-11
 -2.58801702291E-10
 -5.47554834807E-10
 -9.67322555390E-10
 -1.52474899373E-09
 -2.22501883584E-09
 -3.07183456449E-09
 -4.06736733183E-09
 -5.21224441385E-09
 -6.50555165294E-09
 -7.94483234756E-09
 -9.52612744243E-09
 -1.12439968447E-08
 -1.30915838170E-08
 -1.50606691562E-08
 -1.71417617878E-08
 -1.93241636026E-08
 -2.15960689331E-08
 -2.39446915629E-08
 -2.63563695313E-08
 -2.88166734919E-08
 -3.13105381622E-08
 -3.38224097618E-08
 -3.63363739098E-08
 -3.88362764170E-08
 -4.13058742765E-08
 -4.37289848776E-08
 -4.60895996923E-08
 -4.83720228317E-08
 -5.05610131540E-08
 -5.26418872937E-08
 -5.46006440061E-08
 -5.64240814072E-08
 -5.80998751332E-08
 -5.96166884748E-08
 -6.09642540894E-08
 -6.21334237394E-08
 -6.31162535569E-08
 -6.39060147023E-08
 -6.44972786290E-08
 -6.48859028729E-08
 -6.50690452630E-08
 -6.50451781326E-08
 -6.48140741077E-08
 -6.43767918973E-08
 -6.37355981326E-08
 -6.28939744729E-08
 -6.18565394461E-08
 -6.06290058158E-08
 -5.92180704473E-08
 -5.76313645695E-08
 -5.58773791681E-08
 -5.39653512988E-08
 -5.19051610581E-08
 -4.97072889516E-08
 -4.73826453629E-08
 -4.49425385796E-08
 -4.23984900522E-08
 -3.97622237358E-08
 -3.70455168763E-08
 -3.42601111925E-08
 -3.14176276106E-08
 -2.85294721181E-08
 -2.56067522741E-08
 -2.26602185904E-08
 -1.97001757130E-08
 -1.67364255788E-08
 -1.37782141252E-08
 -1.08341797755E-08
 -7.91234100461E-09
 -5.02001062941E-09
 -2.16382156637E-09
  6.50303699778E-10
  3.41716144270E-09
  6.13226447399E-09
  8.79183836844E-09
  1.13927907108E-08
  1.39326958859E-08
  1.64097677668E-08
  1.88228366227E-08
  2.11712780640E-08
  2.34549961675E-08
  2.56743728499E-08
  2.78302039192E-08
  2.99236653234E-08
  3.19562296625E-08
  3.39296484242E-08
  3.58458720484E-08
  3.77069966362E-08
  3.95152142119E-08
  4.12727843013E-08
  4.29819415615E-08
  4.46448815694E-08
  4.62637146370E-08
  4.78404160731E-08
  4.93768119725E-08
  5.08745259253E-08
  5.23349790171E-08
  5.37593471961E-08
  5.51485648259E-08
  5.65033033695E-08
  5.78239678362E-08
  5.91107145453E-08
  6.03634404683E-08
  6.15817796756E-08
  6.27651459695E-08
  6.39127435420E-08
  6.50235421062E-08
  6.60963976884E-08
  6.71299744681E-08
  6.81228300436E-08
  6.90734722752E-08
  6.99802740201E-08
  7.08416649786E-08
  7.16560464298E-08
  7.24218764958E-08
  7.31376488261E-08
  7.38020204949E-08
  7.44137338415E-08
  7.49716733139E-08
  7.54749578391E-08
  7.59228768743E-08
  7.63149472505E-08
  7.66509131722E-08
  7.69307817450E-08
  7.71548158696E-08
  7.73235129259E-08
  7.74376829327E-08
  7.74983632823E-08
  7.75068684788E-08
  7.74647617163E-08
  7.73738335624E-08
  7.72361090640E-08
  7.70538406414E-08
  7.68294370346E-08
  7.65654988300E-08
  7.62647687225E-08
  7.59301386211E-08
  7.55645572781E-08
  7.51710729219E-08
  7.47527977296E-08
  7.43128367731E-08
  7.38543235457E-08
  7.33803204866E-08
  7.28939042460E-08
  7.23980377870E-08
  7.18955988077E-08
  7.13893726356E-08
  7.08820167006E-08
  7.03760250076E-08
  6.98737778748E-08
  6.93774708793E-08
  6.88891503842E-08
  6.84106780113E-08
  6.79437448525E-08
  6.74898856801E-08
  6.70504576306E-08
  6.66266544158E-08
  6.62195205337E-08
  6.58299370571E-08
  6.54586784776E-08
  6.51063700730E-08
  6.47735589610E-08
  6.44606714673E-08
  6.41680486524E-08
  6.38960102606E-08
  6.36447836655E-08
  6.34145678191E-08
  6.32055545680E-08
  6.30179215477E-08
  6.28518606050E-08
  6.27075564807E-08
  6.25852507596E-08
  6.24851850262E-08
  6.24076577083E-08
  6.23530169719E-08
  6.23216251938E-08
  6.23139229106E-08
  6.23303648695E-08
  6.23714413450E-08
  6.24376781388E-08
  6.25296081580E-08
  6.26477856258E-08
  6.27927363439E-08
  6.29649861139E-08
  6.31649896832E-08
  6.33931662719E-08
  6.36498640461E-08
  6.39353174847E-08
  6.42496473802E-08
  6.45928537324E-08
  6.49647660111E-08
  6.53650360505E-08
  6.57931380488E-08
  6.62483117253E-08
  6.67295978474E-08
  6.72357600706E-08
  6.77653488879E-08
  6.83166092585E-08
  6.88875516630E-08
  6.94758668374E-08
  7.00790181440E-08
  7.06941563067E-08
  7.13181620426E-08
  7.19476460631E-08
  7.25789632838E-08
  7.32082341415E-08
  7.38313445936E-08
  7.44439674349E-08
  7.50415765083E-08
  7.56195177587E-08
  7.61729808119E-08
  7.66970416066E-08
  7.71867334493E-08
  7.76370399080E-08
  7.80429161296E-08
  7.83993812092E-08
  7.87015324022E-08
  7.89445522287E-08
  7.91237866338E-08
  7.92347591982E-08
  7.92732279820E-08
  7.92352210510E-08
  7.91170435832E-08
  7.89153276060E-08
  7.86271030506E-08
  7.82497693308E-08
  7.77811592911E-08
  7.72195178911E-08
  7.65635945754E-08
  7.58126148526E-08
  7.49662945054E-08
  7.40248609077E-08
  7.29890601292E-08
  7.18601782523E-08
  7.06400058448E-08
  6.93308379596E-08
  6.79355096622E-08
  6.64573320819E-08
  6.49001066222E-08
  6.32681036450E-08
  6.15660198378E-08
  5.97989711082E-08
  5.79724712679E-08
  5.60923751891E-08
  5.41648645935E-08
  5.21964089728E-08
  5.01937229558E-08
  4.81637343341E-08
  4.61135201135E-08
  4.40502994081E-08
  4.19813623864E-08
  3.99140489549E-08
  3.78556883618E-08
  3.58135707756E-08
  3.37948868889E-08
  3.18067101546E-08
  2.98559470480E-08
  2.79492962107E-08
  2.60932218055E-08
  2.42939037776E-08
  2.25572254209E-08
  2.08887307451E-08
  1.92935978305E-08
  1.77766317222E-08
  1.63422271271E-08
  1.49943524264E-08
  1.37365390174E-08
  1.25718706556E-08
  1.15029710201E-08
  1.05320081545E-08
  9.66067759123E-09
  8.89020768113E-09
  8.22137646850E-09
  7.65449659212E-09
  7.18944237477E-09
  6.82565426402E-09
  6.56215348727E-09
  6.39755182164E-09
  6.33008578887E-09
  6.35762198442E-09
  6.47768416684E-09
  6.68747635046E-09
  6.98391122711E-09
  7.36363947595E-09
  7.82306130986E-09
  8.35836821977E-09
  8.96556340280E-09
  9.64050173025E-09
  1.03789021821E-08
  1.11763815980E-08
  1.20284839866E-08
  1.29307116126E-08
  1.38785507531E-08
  1.48674939027E-08
  1.58930681948E-08
  1.69508567183E-08
  1.80365180569E-08
  1.91458244814E-08
  2.02746655020E-08
  2.14190674086E-08
  2.25752234684E-08
  2.37395028080E-08
  2.49084575188E-08
  2.60788333151E-08
  2.72476050611E-08
  2.84119554550E-08
  2.95692981211E-08
  3.07172740577E-08
  3.18537516364E-08
  3.29768425900E-08
  3.40848984592E-08
  3.51764946060E-08
  3.62504373186E-08
  3.73057496006E-08
  3.83416747241E-08
  3.93576371494E-08
  4.03532993687E-08
  4.13284695355E-08
  4.22831192282E-08
  4.32173976606E-08
  4.41315712862E-08
  4.50260380092E-08
  4.59012703402E-08
  4.67578544772E-08
  4.75964156976E-08
  4.84176325699E-08
  4.92222049786E-08
  5.00108257029E-08
  5.07841733111E-08
  5.15428943970E-08
  5.22875680531E-08
  5.30186952119E-08
  5.37366773301E-08
  5.44418199411E-08
  5.51342722588E-08
  5.58140555995E-08
  5.64810207493E-08
  5.71348550693E-08
  5.77750647324E-08
  5.84009640647E-08
  5.90116790988E-08
  5.96061227043E-08
  6.01830194569E-08
  6.07408878750E-08
  6.12780510778E-08
  6.17926474433E-08
  6.22826377139E-08
  6.27458049962E-08
  6.31797760775E-08
  6.35820427419E-08
  6.39499972976E-08
  6.42808899443E-08
  6.45719424597E-08
  6.48202842513E-08
  6.50230802535E-08
  6.51774598737E-08
  6.52806093626E-08
  6.53297860254E-08
  6.53223608538E-08
  6.52558469483E-08
  6.51279279396E-08
  6.49365077265E-08
  6.46797246873E-08
  6.43560014169E-08
  6.39640731492E-08
  6.35030303897E-08
  6.29723260204E-08
  6.23718037218E-08
  6.17017477111E-08
  6.09628969528E-08
  6.01564380531E-08
  5.92840621039E-08
  5.83479291549E-08
  5.73507143997E-08
  5.62955939643E-08
  5.51862484599E-08
  5.40268416671E-08
  5.28220347462E-08
  5.15769471576E-08
  5.02971495564E-08
  4.89886282651E-08
  4.76577532993E-08
  4.63112534987E-08
  4.49561632365E-08
  4.35997797865E-08
  4.22496135855E-08
  4.09133456003E-08
  3.95987420632E-08
  3.83136296023E-08
  3.70658064242E-08
  3.58629712593E-08
  3.47126949407E-08
  3.36223102693E-08
  3.25988622762E-08
  3.16490371688E-08
  3.07790983811E-08
  2.99948155202E-08
  2.93014039698E-08
  2.87034485069E-08
  2.82048748801E-08
  2.78088769790E-08
  2.75178546616E-08
  2.73334030965E-08
  2.72562576953E-08
  2.72862479278E-08
  2.74223008745E-08
  2.76624181339E-08
  2.80036456246E-08
  2.84421002306E-08
  2.89729573666E-08
  2.95904811765E-08
  3.02880351910E-08
  3.10581320662E-08
  3.18924548992E-08
  3.27819265067E-08
  3.37167662678E-08
  3.46865398626E-08
  3.56802516421E-08
  3.66864192358E-08
  3.76931481583E-08
  3.86882526016E-08
  3.96593300422E-08
  4.05938784809E-08
  4.14793923653E-08
  4.23034762775E-08
  4.30539692786E-08
  4.37190301739E-08
  4.42872725159E-08
  4.47478676335E-08
  4.50906405547E-08
  4.53062121153E-08
  4.53860522498E-08
  4.53226114416E-08
  4.51094059883E-08
  4.47410783977E-08
  4.42135110745E-08
  4.35238405316E-08
  4.26705781820E-08
  4.16535854697E-08
  4.04741768989E-08
  3.91350987172E-08
  3.76405573377E-08
  3.59962264440E-08
  3.42092008054E-08
  3.22880282511E-08
  3.02426244048E-08
  2.80842407108E-08
  2.58254075902E-08
  2.34798473997E-08
  2.10623944952E-08
  1.85889046378E-08
  1.60761430834E-08
  1.35416700076E-08
  1.10037152723E-08
  8.48104875217E-09
  5.99283112024E-09
  3.55849794076E-09
  1.19757959105E-09
 -1.07044328956E-09
 -3.22627702332E-09
 -5.25098498017E-09
 -7.12612990839E-09
 -8.83393536100E-09
 -1.03574251398E-08
 -1.16805711770E-08
 -1.27884192125E-08
 -1.36672353435E-08
 -1.43046117174E-08
 -1.46895908770E-08
 -1.48127536903E-08
 -1.46663117206E-08
 -1.42441924922E-08
 -1.35420954450E-08
 -1.25575434495E-08
 -1.12899112281E-08
 -9.74044755964E-09
 -7.91229304298E-09
 -5.81045966896E-09
 -3.44180151046E-09
 -8.14980971597E-10
  2.05959205246E-09
  5.16982012755E-09
  8.50201686831E-09
  1.20409859861E-08
  1.57701460779E-08
  1.96716509748E-08
  2.37265034286E-08
  2.79147158722E-08
  3.22154534160E-08
  3.66071972735E-08
  4.10678815399E-08
  4.55750921446E-08
  5.01062089597E-08
  5.46385940936E-08
  5.91497553160E-08
  6.36175130353E-08
  6.80201637238E-08
  7.23366468947E-08
  7.65466978692E-08
  8.06310040957E-08
  8.45713188369E-08
  8.83506245941E-08
  9.19532183730E-08
  9.53648466862E-08
  9.85727837133E-08
  1.01565902355E-07
  1.04334773710E-07
  1.06871681282E-07
  1.09170684937E-07
  1.11227613786E-07
  1.13040094618E-07
  1.14607544788E-07
  1.15931115374E-07
  1.17013698286E-07
  1.17859798365E-07
  1.18475568911E-07
  1.18868605625E-07
  1.19047960823E-07
  1.19023994216E-07
  1.18808202387E-07
  1.18413204575E-07
  1.17852515302E-07
  1.17140437794E-07
  1.16291936081E-07
  1.15322443150E-07
  1.14247754368E-07
  1.13083814313E-07
  1.11846624407E-07
  1.10552051069E-07
  1.09215719135E-07
  1.07852805797E-07
  1.06477955342E-07
  1.05105108616E-07
  1.03747424873E-07
  1.02417118342E-07
  1.01125401386E-07
  9.98823566078E-08
  9.86968586858E-08
  9.75765388489E-08
  9.65276854004E-08
  9.55552437176E-08
  9.46627736198E-08
  9.38523996297E-08
  9.31248749225E-08
  9.24795600099E-08
  9.19144369504E-08
  9.14261804041E-08
  9.10101931595E-08
  9.06606629769E-08
  9.03706762756E-08
  9.01322465552E-08
  8.99364422935E-08
  8.97735290550E-08
  8.96329765965E-08
  8.95036933457E-08
  8.93740406127E-08
  8.92320812795E-08
  8.90655584840E-08
  8.88621514150E-08
  8.86095321562E-08
  8.82955362158E-08
  8.79082406868E-08
  8.74361134606E-08
  8.68681482302E-08
  8.61939142283E-08
  8.54037125464E-08
  8.44886685059E-08
  8.34407813954E-08
  8.22530097366E-08
  8.09193991813E-08
  7.94350256683E-08
  7.77961588483E-08
  7.60002265565E-08
  7.40458148130E-08
  7.19327744036E-08
  6.96621356155E-08
  6.72361224474E-08
  6.46581312935E-08
  6.19327025220E-08
  5.90654885002E-08
  5.60631683300E-08
  5.29334123200E-08
  4.96848180376E-08
  4.63268143847E-08
  4.28695976495E-08
  3.93240178198E-08
  3.57015395025E-08
  3.20140713939E-08
  2.82739271995E-08
  2.44937137239E-08
  2.06862260654E-08
  1.68643428111E-08
  1.30409318899E-08
  9.22876441933E-09
  5.44041789396E-09
  1.68818592439E-09
 -2.01600425243E-09
 -5.66065905261E-09
 -9.23479426262E-09
 -1.27280070927E-08
 -1.61305262480E-08
 -1.94332443471E-08
 -2.26277805382E-08
 -2.57065000397E-08
 -2.86625549961E-08
 -3.14898791487E-08
 -3.41831984940E-08
 -3.67380472710E-08
 -3.91507413156E-08
 -4.14183638497E-08
 -4.35387583764E-08
 -4.55104824937E-08
 -4.73327759209E-08
 -4.90055285240E-08
 -5.05292234720E-08
 -5.19048946046E-08
 -5.31340695886E-08
 -5.42187059693E-08
 -5.51611556432E-08
 -5.59640831455E-08
 -5.66304265703E-08
 -5.71633087532E-08
 -5.75660159541E-08
 -5.78419090402E-08
 -5.79943986168E-08
 -5.80268668671E-08
 -5.79426391312E-08
 -5.77449270622E-08
 -5.74368073103E-08
 -5.70211611262E-08
 -5.65006743614E-08
 -5.58777948356E-08
 -5.51547216787E-08
 -5.43333875669E-08
 -5.34154658283E-08
 -5.24023562321E-08
 -5.12951956466E-08
 -5.00948686977E-08
 -4.88020219791E-08
 -4.74170818165E-08
 -4.59402933473E-08
 -4.43717240728E-08
 -4.27113384660E-08
 -4.09589731021E-08
 -3.91144396872E-08
 -3.71775357166E-08
 -3.51480657912E-08
 -3.30259375403E-08
 -3.08111616221E-08
 -2.85039014614E-08
 -2.61045425276E-08
 -2.36137118748E-08
 -2.10323172212E-08
 -1.83615913585E-08
 -1.56031259024E-08
 -1.27589032672E-08
 -9.83131975829E-09
 -6.82320955292E-09
 -3.73786512853E-09
 -5.79048753391E-10
  2.64899591151E-09
  5.94153881650E-09
  9.29337051758E-09
  1.26988126681E-08
  1.61517057506E-08
  1.96454603696E-08
  2.31730510336E-08
  2.67270543475E-08
  3.02996916446E-08
  3.38828307633E-08
  3.74680695359E-08
  4.10467428935E-08
  4.46099868157E-08
  4.81487809623E-08
  5.16540019646E-08
  5.51164838214E-08
  5.85270534259E-08
  6.18765980676E-08
  6.51561364862E-08
  6.83568188720E-08
  7.14700547633E-08
  7.44875165992E-08
  7.74011965632E-08
  8.02034705316E-08
  8.28871620229E-08
  8.54454995647E-08
  8.78722872244E-08
  9.01618335547E-08
  9.23090155425E-08
  9.43093496630E-08
  9.61589492476E-08
  9.78545884323E-08
  9.93937092630E-08
  1.00774421696E-07
  1.01995503599E-07
  1.03056414957E-07
  1.03957312092E-07
  1.04698976600E-07
  1.05282879304E-07
  1.05711094989E-07
  1.05986309507E-07
  1.06111812670E-07
  1.06091455621E-07
  1.05929579775E-07
  1.05631045244E-07
  1.05201145573E-07
  1.04645572208E-07
  1.03970414500E-07
  1.03182053124E-07
  1.02287160075E-07
  1.01292620514E-07
  1.00205546971E-07
  9.90331230355E-08
  9.77826815074E-08
  9.64615622934E-08
  9.50771124053E-08
  9.36366504334E-08
  9.21473954918E-08
  9.06164316916E-08
  8.90506939299E-08
  8.74569252574E-08
  8.58415987182E-08
  8.42109528776E-08
  8.25709207675E-08
  8.09271440971E-08
  7.92848808828E-08
  7.76490693966E-08
  7.60242429010E-08
  7.44145793874E-08
  7.28238376269E-08
  7.12553784865E-08
  6.97121649296E-08
  6.81967549099E-08
  6.67112871611E-08
  6.52575238291E-08
  6.38368291561E-08
  6.24501907964E-08
  6.10982340277E-08
  5.97812288561E-08
  5.84991042274E-08
  5.72515084230E-08
  5.60377664272E-08
  5.48569545344E-08
  5.37078967966E-08
  5.25891934444E-08
  5.14992635203E-08
  5.04363448783E-08
  4.93985616856E-08
  4.83839066590E-08
  4.73902801446E-08
  4.64155611724E-08
  4.54575754816E-08
  4.45141523642E-08
  4.35831601919E-08
  4.26625135219E-08
  4.17502015182E-08
  4.08443234790E-08
  3.99431101528E-08
  3.90449272913E-08
  3.81483218348E-08
  3.72520219116E-08
  3.63549723659E-08
  3.54563205462E-08
  3.45554767023E-08
  3.36520784572E-08
  3.27460263350E-08
  3.18374873132E-08
  3.09268983756E-08
  3.00149771704E-08
  2.91027131283E-08
  2.81913781208E-08
  2.72825140257E-08
  2.63779398324E-08
  2.54797249966E-08
  2.45902036511E-08
  2.37119461843E-08
  2.28477521347E-08
  2.20006501905E-08
  2.11738395706E-08
  2.03707255508E-08
  1.95948572923E-08
  1.88499189591E-08
  1.81397155075E-08
  1.74681389353E-08
  1.68391398603E-08
  1.62567079798E-08
  1.57248436494E-08
  1.52475241322E-08
  1.48286867230E-08
  1.44721807871E-08
  1.41817606547E-08
  1.39610421002E-08
  1.38134801375E-08
  1.37423388225E-08
  1.37506610542E-08
  1.38412596939E-08
  1.40166624973E-08
  1.42791174440E-08
  1.46305554338E-08
  1.50725814052E-08
  1.56064299262E-08
  1.62329829578E-08
  1.69527378802E-08
  1.77657817346E-08
  1.86718143169E-08
  1.96701108734E-08
  2.07595380886E-08
  2.19385274391E-08
  2.32051107218E-08
  2.45568934076E-08
  2.59910617473E-08
  2.75044058640E-08
  2.90933250824E-08
  3.07538421396E-08
  3.24816049613E-08
  3.42719097546E-08
  3.61197436405E-08
  3.80197668903E-08
  3.99663768746E-08
  4.19536974050E-08
  4.39756355775E-08
  4.60258817725E-08
  4.80979629458E-08
  5.01852639445E-08
  5.22810452708E-08
  5.43785034779E-08
  5.64707711703E-08
  5.85509702944E-08
  6.06122370073E-08
  6.26477429932E-08
  6.46507487545E-08
  6.66146320327E-08
  6.85328700456E-08
  7.03991460682E-08
  7.22073068005E-08
  7.39514192105E-08
  7.56258202728E-08
  7.72250814407E-08
  7.87440868066E-08
  8.01779904691E-08
  8.15223089035E-08
  8.27728854347E-08
  8.39259399754E-08
  8.49780263934E-08
  8.59260964603E-08
  8.67675140626E-08
  8.75000054634E-08
  8.81217090409E-08
  8.86311894988E-08
  8.90274094445E-08
  8.93097222843E-08
  8.94779361715E-08
  8.95322287420E-08
  8.94731968515E-08
  8.93018139436E-08
  8.90194939984E-08
  8.86279849510E-08
  8.81294610622E-08
  8.75264092315E-08
  8.68217142624E-08
  8.60185878082E-08
  8.51205896879E-08
  8.41315710431E-08
  8.30557240761E-08
  8.18974825734E-08
  8.06616000659E-08
  7.93530645637E-08
  7.79770772397E-08
  7.65391092727E-08
  7.50447810560E-08
  7.34999474616E-08
  7.19105557323E-08
  7.02827307464E-08
  6.86226897528E-08
  6.69367565820E-08
  6.52313048022E-08
  6.35127292981E-08
  6.17874604814E-08
  6.00619216584E-08
  5.83424437650E-08
  5.66353257625E-08
  5.49467493727E-08
  5.32827613142E-08
  5.16492377756E-08
  5.00518702040E-08
  4.84961226732E-08
  4.69872070141E-08
  4.55300366298E-08
  4.41292122844E-08
  4.27890078925E-08
  4.15132959120E-08
  4.03055508968E-08
  3.91688388390E-08
  3.81057496668E-08
  3.71184150083E-08
  3.62084584538E-08
  3.53769955552E-08
  3.46246054050E-08
  3.39513412939E-08
  3.33566916311E-08
  3.28395870497E-08
  3.23983968542E-08
  3.20309432311E-08
  3.17344799328E-08
  3.15057242517E-08
  3.13408641262E-08
  3.12355759036E-08
  3.11850421042E-08
  3.11839976064E-08
  3.12267225411E-08
  3.13071240043E-08
  3.14187325046E-08
  3.15547872276E-08
  3.17082502477E-08
  3.18718633707E-08
  3.20382191887E-08
  3.21998143704E-08
  3.23490816356E-08
  3.24784927841E-08
  3.25805835644E-08
  3.26480460444E-08
  3.26737783496E-08
  3.26509521642E-08
  3.25730766804E-08
  3.24340767577E-08
  3.22283284504E-08
  3.19507194035E-08
  3.15967412234E-08
  3.11624965832E-08
  3.06447773823E-08
  3.00411002740E-08
  2.93497297577E-08
  2.85697421276E-08
  2.77010254734E-08
  2.67443187596E-08
  2.57012011673E-08
  2.45741329508E-08
  2.33664287919E-08
  2.20822560237E-08
  2.07266150909E-08
  1.93053359965E-08
  1.78250090244E-08
  1.62929865155E-08
  1.47173118137E-08
  1.31066748565E-08
  1.14703491150E-08
  9.81813919054E-09
  8.16028311590E-09
  6.50739551133E-09
  4.87039208963E-09
  3.26038240850E-09
  1.68859726202E-09
  1.66289704229E-10
 -1.29535171478E-09
 -2.68529465330E-09
 -3.99276611773E-09
 -5.20733900444E-09
 -6.31902308257E-09
 -7.31835037016E-09
 -8.19646306383E-09
 -8.94520013617E-09
 -9.55716217277E-09
 -1.00257846469E-08
 -1.03454036449E-08
 -1.05113073801E-08
 -1.05197912603E-08
 -1.03681925268E-08
 -1.00549240045E-08
 -9.57949009006E-09
 -8.94250629102E-09
 -8.14570189078E-09
 -7.19191062259E-09
 -6.08506001143E-09
 -4.83013096186E-09
 -3.43314310314E-09
 -1.90109505915E-09
 -2.41914710486E-10
  1.53558998850E-09
  3.42181949442E-09
  5.40644684577E-09
  7.47849338012E-09
  9.62642854319E-09
  1.18382690317E-08
  1.41016522903E-08
  1.64039590800E-08
  1.87323951906E-08
  2.10741113449E-08
  2.34162964574E-08
  2.57462762221E-08
  2.80516232465E-08
  3.03202476459E-08
  3.25404840851E-08
  3.47011983592E-08
  3.67918460142E-08
  3.88025753750E-08
  4.07242808365E-08
  4.25486561539E-08
  4.42682690505E-08
  4.58765860856E-08
  4.73680330515E-08
  4.87379914205E-08
  4.99828338718E-08
  5.10999242920E-08
  5.20876142218E-08
  5.29452393039E-08
  5.36730802025E-08
  5.42723448405E-08
  5.47451364241E-08
  5.50943610733E-08
  5.53237455847E-08
  5.54377059814E-08
  5.54413119858E-08
  5.53402159653E-08
  5.51405534566E-08
  5.48488827690E-08
  5.44720890616E-08
  5.40172990782E-08
  5.34917816708E-08
  5.29028980623E-08
  5.22579810536E-08
  5.15642604171E-08
  5.08287776313E-08
  5.00583361429E-08
  4.92593947854E-08
  4.84380322519E-08
  4.75998582772E-08
  4.67499923218E-08
  4.58929925173E-08
  4.50328343504E-08
  4.41728893463E-08
  4.33158788837E-08
  4.24638848529E-08
  4.16183532082E-08
  4.07800868629E-08
  3.99492492420E-08
  3.91254353360E-08
  3.83076574906E-08
  3.74943986969E-08
  3.66836907517E-08
  3.58731213623E-08
  3.50599265175E-08
  3.42410473309E-08
  3.34131797786E-08
  3.25729097028E-08
  3.17167199171E-08
  3.08411038930E-08
  2.99426297090E-08
  2.90180377505E-08
  2.80642975525E-08
  2.70787037238E-08
  2.60589256840E-08
  2.50030858240E-08
  2.39098341126E-08
  2.27783942819E-08
  2.16086082361E-08
  2.04009946714E-08
  1.91567846031E-08
  1.78779409055E-08
  1.65671796282E-08
  1.52279966414E-08
  1.38646507608E-08
  1.24821601943E-08
  1.10863016545E-08
  9.68356683728E-09
  8.28113844165E-09
  6.88684131944E-09
  5.50909984298E-09
  4.15686818300E-09
  2.83956325120E-09
  1.56700896703E-09
  3.49336809480E-10
 -8.03086264156E-10
 -1.87974324994E-09
 -2.87007662081E-09
 -3.76356545928E-09
 -4.54982496123E-09
 -5.21870857639E-09
 -5.76039305145E-09
 -6.16549389321E-09
 -6.42513775517E-09
 -6.53104947901E-09
 -6.47566356093E-09
 -6.25217255745E-09
 -5.85462212044E-09
 -5.27797983096E-09
 -4.51817605551E-09
 -3.57216811686E-09
 -2.43799269661E-09
 -1.11478848375E-09
  3.97173238742E-10
  2.09646389138E-09
  3.98050259420E-09
  6.04555294714E-09
  8.28674195930E-09
  1.06980611037E-08
  1.32724169433E-08
  1.60016817574E-08
  1.88767064202E-08
  2.18874092184E-08
  2.50228264775E-08
  2.82711827282E-08
  3.16199724182E-08
  3.50560434015E-08
  3.85656910851E-08
  4.21347436941E-08
  4.57486564187E-08
  4.93926037848E-08
  5.30516075514E-08
  5.67105971072E-08
  6.03545515787E-08
  6.39685566739E-08
  6.75379254744E-08
  7.10482908062E-08
  7.44856976098E-08
  7.78366811005E-08
  8.10883449276E-08
  8.42284535452E-08
  8.72454748446E-08
  9.01286796307E-08
  9.28681771484E-08
  9.54549435050E-08
  9.78808998298E-08
  1.00138933590E-07
  1.02222912801E-07
  1.04127700240E-07
  1.05849174759E-07
  1.07384252601E-07
  1.08730837667E-07
  1.09887842825E-07
  1.10855154389E-07
  1.11633596589E-07
  1.12224917359E-07
  1.12631731497E-07
  1.12857485135E-07
  1.12906413108E-07
  1.12783467898E-07
  1.12494241478E-07
  1.12044993728E-07
  1.11442453488E-07
  1.10693868294E-07
  1.09806876480E-07
  1.08789457443E-07
  1.07649853476E-07
  1.06396520039E-07
  1.05038026277E-07
  1.03583033706E-07
  1.02040203842E-07
  1.00418105831E-07
  9.87252306572E-08
  9.69698845665E-08
  9.51601322186E-08
  9.33037753725E-08
  9.14083102543E-08
  8.94808422913E-08
  8.75281074286E-08
  8.55563797586E-08
  8.35715070480E-08
  8.15788609998E-08
  7.95832946210E-08
  7.75891493277E-08
  7.56002549451E-08
  7.36199368134E-08
  7.16509518384E-08
  6.96955666513E-08
  6.77555362927E-08
  6.58320757907E-08
  6.39259525315E-08
  6.20374365212E-08
  6.01663714406E-08
  5.83121462228E-08
  5.64737803188E-08
  5.46499094867E-08
  5.28388284238E-08
  5.10385369523E-08
  4.92467577828E-08
  4.74609720413E-08
  4.56784690073E-08
  4.38963780880E-08
  4.21117043459E-08
  4.03213675781E-08
  3.85222485022E-08
  3.67112242827E-08
  3.48851969534E-08
  3.30411396021E-08
  3.11761567673E-08
  2.92874702268E-08
  2.73724971578E-08
  2.54288750057E-08
  2.34544721422E-08
  2.14474678017E-08
  1.94063183301E-08
  1.73298406736E-08
  1.52172194845E-08
  1.30680160026E-08
  1.08822018063E-08
  8.66017924039E-09
  6.40279695929E-09
  4.11135703260E-09
  1.78762926684E-09
 -5.66145963443E-10
 -2.94724422645E-09
 -5.35246602595E-09
 -7.77813369268E-09
 -1.02201020979E-08
 -1.26737642603E-08
 -1.51340682208E-08
 -1.75955392478E-08
 -2.00522798366E-08
 -2.24980158947E-08
 -2.49261180585E-08
 -2.73296407727E-08
 -2.97013293959E-08
 -3.20336823734E-08
 -3.43189867635E-08
 -3.65493662002E-08
 -3.87168057614E-08
 -4.08132372343E-08
 -4.28305533262E-08
 -4.47606751663E-08
 -4.65956233597E-08
 -4.83275393037E-08
 -4.99487597949E-08
 -5.14518667671E-08
 -5.28297654512E-08
 -5.40757021383E-08
 -5.51833494455E-08
 -5.61468311844E-08
 -5.69608040735E-08
 -5.76204826075E-08
 -5.81216816897E-08
 -5.84608912391E-08
 -5.86352513210E-08
 -5.86426551763E-08
 -5.84817421156E-08
 -5.81519117304E-08
 -5.76533629726E-08
 -5.69871012601E-08
 -5.61549349243E-08
 -5.51594894205E-08
 -5.40041895647E-08
 -5.26932524281E-08
 -5.12316766788E-08
 -4.96251999493E-08
 -4.78802775206E-08
 -4.60040432415E-08
 -4.40042597916E-08
 -4.18892796006E-08
 -3.96679844528E-08
 -3.73497108797E-08
 -3.49442181857E-08
 -3.24615783143E-08
 -2.99121438729E-08
 -2.73064415524E-08
 -2.46551099536E-08
 -2.19688160996E-08
 -1.92581648406E-08
 -1.65336331293E-08
 -1.38054971899E-08
 -1.10837179434E-08
 -8.37790281594E-09
 -5.69720315369E-09
 -3.05026359726E-09
 -4.45140008187E-10
  2.11075357193E-09
  4.61070470692E-09
  7.04875180446E-09
  9.41971922686E-09
  1.17192762161E-08
  1.39439375602E-08
  1.60911071134E-08
  1.81590813497E-08
  2.01470431449E-08
  2.20550848695E-08
  2.38841604272E-08
  2.56360870310E-08
  2.73135150053E-08
  2.89198851533E-08
  3.04593648082E-08
  3.19368211876E-08
  3.33577574452E-08
  3.47282167468E-08
  3.60547502964E-08
  3.73443036494E-08
  3.86041492106E-08
  3.98418045222E-08
  4.10649221294E-08
  4.22812256318E-08
  4.34983959963E-08
  4.47239756340E-08
  4.59652973461E-08
  4.72293812948E-08
  4.85228319747E-08
  4.98517849223E-08
  5.12218001347E-08
  5.26377981203E-08
  5.41039781865E-08
  5.56237971239E-08
  5.71998590715E-08
  5.88338942009E-08
  6.05267373999E-08
  6.22782678761E-08
  6.40874020519E-08
  6.59520935642E-08
  6.78693297118E-08
  6.98351172446E-08
  7.18445249959E-08
  7.38917265153E-08
  7.59699929631E-08
  7.80717925863E-08
  8.01887836133E-08
  8.23119776783E-08
  8.44316971893E-08
  8.65377387527E-08
  8.86194229111E-08
  9.06656865141E-08
  9.26651892996E-08
  9.46064133700E-08
  9.64777413515E-08
  9.82675985028E-08
  9.99645379807E-08
  1.01557290577E-07
  1.03035006305E-07
  1.04387225974E-07
  1.05604016198E-07
  1.06676068867E-07
  1.07594807730E-07
  1.08352438133E-07
  1.08942039390E-07
  1.09357642941E-07
  1.09594260778E-07
  1.09647949387E-07
  1.09515895019E-07
  1.09196392373E-07
  1.08688865907E-07
  1.07993926690E-07
  1.07113336867E-07
  1.06050052295E-07
  1.04808130175E-07
  1.03392757467E-07
  1.01810215369E-07
  1.00067786946E-07
  9.81737784400E-08
  9.61374055919E-08
  9.39687012647E-08
  9.16785083405E-08
  8.92783376116E-08
  8.67803251481E-08
  8.41971328214E-08
  8.15417990907E-08
  7.88277390029E-08
  7.60685452406E-08
  7.32779668056E-08
  7.04697384890E-08
  6.76575666603E-08
  6.48549871585E-08
  6.20752231839E-08
  5.93311746400E-08
  5.66353079989E-08
  5.39995674842E-08
  5.14352862524E-08
  4.89531508663E-08
  4.65631195823E-08
  4.42743619544E-08
  4.20952268598E-08
  4.00331998662E-08
  3.80948854684E-08
  3.62859360337E-08
  3.46110837768E-08
  3.30741265486E-08
  3.16779029674E-08
  3.04243243932E-08
  2.93143891383E-08
  2.83481966790E-08
  2.75249831816E-08
  2.68431445960E-08
  2.63002810641E-08
  2.58932750796E-08
  2.56182861591E-08
  2.54708325542E-08
  2.54458516480E-08
  2.55377603509E-08
  2.57405119442E-08
  2.60476316072E-08
  2.64523229987E-08
  2.69475002312E-08
  2.75258713600E-08
  2.81799792390E-08
  2.89022530353E-08
  2.96850881654E-08
  3.05208835982E-08
  3.14021058045E-08
  3.23213029674E-08
  3.32711920237E-08
  3.42446782042E-08
  3.52348550337E-08
  3.62351038063E-08
  3.72390651648E-08
  3.82406746269E-08
  3.92341839017E-08
  4.02141857592E-08
  4.11755998186E-08
  4.21136974182E-08
  4.30240909566E-08
  4.39027623145E-08
  4.47460202224E-08
  4.55505215768E-08
  4.63132430184E-08
  4.70315058010E-08
  4.77029331591E-08
  4.83254538608E-08
  4.88972951018E-08
  4.94169398735E-08
  4.98831482787E-08
  5.02949397685E-08
  5.06515611676E-08
  5.09524973324E-08
  5.11974604933E-08
  5.13863689378E-08
  5.15193505635E-08
  5.15967251147E-08
  5.16190290512E-08
  5.15869729156E-08
  5.15014733082E-08
  5.13636386756E-08
  5.11747693110E-08
  5.09363609069E-08
  5.06501187658E-08
  5.03179542477E-08
  4.99419776645E-08
  4.95245267018E-08
  4.90681557608E-08
  4.85756181945E-08
  4.80499338096E-08
  4.74943355755E-08
  4.69122767299E-08
  4.63074592005E-08
  4.56837945251E-08
  4.50454322731E-08
  4.43967174135E-08
  4.37422151833E-08
  4.30866862189E-08
  4.24350545813E-08
  4.17924006513E-08
  4.11639433651E-08
  4.05550331095E-08
  3.99710913257E-08
  3.94175785345E-08
  3.88999872314E-08
  3.84237957007E-08
  3.79944324891E-08
  3.76172160088E-08
  3.72973403273E-08
  3.70398218763E-08
  3.68494390557E-08
  3.67307286808E-08
  3.66878758484E-08
  3.67247494637E-08
  3.68448063170E-08
  3.70510484515E-08
  3.73460089520E-08
  3.77316951017E-08
  3.82096061458E-08
  3.87805840774E-08
  3.94449273244E-08
  4.02022841683E-08
  4.10516456384E-08
  4.19913774863E-08
  4.30191278156E-08
  4.41319158995E-08
  4.53260859956E-08
  4.65973322150E-08
  4.79407127330E-08
  4.93506746579E-08
  5.08210931116E-08
  5.23452641232E-08
  5.39159863422E-08
  5.55256001178E-08
  5.71660230264E-08
  5.88288138204E-08
  6.05052221658E-08
  6.21862739081E-08
  6.38627923877E-08
  6.55255192328E-08
  6.71651392281E-08
  6.87723726855E-08
  7.03380820255E-08
  7.18532291444E-08
  7.33091027882E-08
  7.46972546040E-08
  7.60096341423E-08
  7.72386243852E-08
  7.83771127999E-08
  7.94185623931E-08
  8.03570401331E-08
  8.11872453710E-08
  8.19045737899E-08
  8.25051884590E-08
  8.29859416740E-08
  8.33444957493E-08
  8.35792945963E-08
  8.36895566181E-08
  8.36752676037E-08
  8.35372162555E-08
  8.32769373460E-08
  8.28966904010E-08
  8.23994312782E-08
  8.17887837457E-08
  8.10689968489E-08
  8.02448596460E-08
  7.93216941020E-08
  7.83052485076E-08
  7.72016903738E-08
  7.60174572179E-08
  7.47592778794E-08
  7.34340588338E-08
  7.20487776107E-08
  7.06105041104E-08
  6.91261945462E-08
  6.76027553936E-08
  6.60468941760E-08
  6.44650697268E-08
  6.28634495570E-08
  6.12478388007E-08
  5.96236304773E-08
  5.79957593061E-08
  5.63686555211E-08
  5.47462128964E-08
  5.31317780883E-08
  5.15281080027E-08
  4.99373733476E-08
  4.83611373170E-08
  4.68003911180E-08
  4.52555291020E-08
  4.37263878439E-08
  4.22122639065E-08
  4.07119351564E-08
  3.92237353708E-08
  3.77455684486E-08
  3.62749617011E-08
  3.48091298008E-08
  3.33450422829E-08
  3.18794448617E-08
  3.04089908809E-08
  2.89302626300E-08
  2.74398619382E-08
  2.59344705711E-08
  2.44109230607E-08
  2.28662901947E-08
  2.12979074377E-08
  1.97034637495E-08
  1.80810850736E-08
  1.64293467719E-08
  1.47473482315E-08
  1.30347519445E-08
  1.12918234763E-08
  9.51945455796E-09
  7.71921193632E-09
  5.89332982415E-09
  4.04471700577E-09
  2.17697304628E-09
  2.94379076671E-10
 -1.59812152400E-09
 -3.49495543617E-09
 -5.38993427668E-09
 -7.27631466191E-09
 -9.14682996012E-09
 -1.09937410286E-08
 -1.28088881723E-08
 -1.45837919518E-08
 -1.63096931516E-08
 -1.79776353804E-08
 -1.95785574419E-08
 -2.11033466258E-08
 -2.25429346301E-08
 -2.38883863801E-08
 -2.51310137145E-08
 -2.62623984781E-08
 -2.72745097618E-08
 -2.81597838381E-08
 -2.89111969920E-08
 -2.95223490099E-08
 -2.99875217991E-08
 -3.03017309022E-08
 -3.04608072099E-08
 -3.04614289348E-08
 -3.03011589153E-08
 -2.99784943536E-08
 -2.94928899081E-08
 -2.88447790098E-08
 -2.80355845206E-08
 -2.70676903114E-08
 -2.59444732364E-08
 -2.46702622775E-08
 -2.32503225561E-08
 -2.16908233597E-08
 -1.99987866267E-08
 -1.81820460909E-08
 -1.62491833322E-08
 -1.42094824795E-08
 -1.20728502750E-08
 -9.84972725604E-09
 -7.55103890526E-09
 -5.18809439853E-09
 -2.77251133163E-09
 -3.16115161825E-10
  2.16911888451E-09
  4.67118610459E-09
  7.17812964623E-09
  9.67812496810E-09
  1.21595666869E-08
  1.46111345245E-08
  1.70218878992E-08
  1.93813569638E-08
  2.16795683627E-08
  2.39071322738E-08
  2.60553072451E-08
  2.81160339455E-08
  3.00819955612E-08
  3.19466302301E-08
  3.37041967668E-08
  3.53497426886E-08
  3.68791788219E-08
  3.82892402229E-08
  3.95775145989E-08
  4.07424103344E-08
  4.17831671484E-08
  4.26998028047E-08
  4.34931202165E-08
  4.41646470506E-08
  4.47165930950E-08
  4.51518253897E-08
  4.54738220412E-08
  4.56866082743E-08
  4.57946995880E-08
  4.58030378070E-08
  4.57169484491E-08
  4.55420909873E-08
  4.52843700316E-08
  4.49498926969E-08
  4.45448939956E-08
  4.40757155218E-08
  4.35487095274E-08
  4.29702069482E-08
  4.23464676658E-08
  4.16836307693E-08
  4.09876825813E-08
  4.02643927089E-08
  3.95193211489E-08
  3.87577614447E-08
  3.79847300280E-08
  3.72049271391E-08
  3.64227545901E-08
  3.56422908965E-08
  3.48672806183E-08
  3.41011414662E-08
  3.33469785119E-08
  3.26075877410E-08
  3.18854525005E-08
  3.11827790256E-08
  3.05015106505E-08
  2.98433278090E-08
  2.92097119825E-08
  2.86019350426E-08
  2.80210912251E-08
  2.74681237755E-08
  2.69438622524E-08
  2.64490420676E-08
  2.59843311312E-08
  2.55503280755E-08
  2.51476119928E-08
  2.47767619754E-08
  2.44383571157E-08
  2.41330067041E-08
  2.38613324655E-08
  2.36240325080E-08
  2.34218120454E-08
  2.32554526747E-08
  2.31257821781E-08
  2.30336638651E-08
  2.29800090068E-08
  2.29657235451E-08
  2.29917560546E-08
  2.30590373462E-08
  2.31684662566E-08
  2.33209132006E-08
  2.35171651042E-08
  2.37579147466E-08
  2.40437589838E-08
  2.43751401285E-08
  2.47523370689E-08
  2.51754563863E-08
  2.56443506430E-08
  2.61586752259E-08
  2.67178208446E-08
  2.73208815571E-08
  2.79666814151E-08
  2.86537336081E-08
  2.93802493445E-08
  3.01440863382E-08
  3.09428145329E-08
  3.17736628119E-08
  3.26335367618E-08
  3.35190577516E-08
  3.44265380647E-08
  3.53520164253E-08
  3.62912508933E-08
  3.72398076820E-08
  3.81930327364E-08
  3.91461085769E-08
  4.00940791678E-08
  4.10319138666E-08
  4.19544967656E-08
  4.28567261679E-08
  4.37335181402E-08
  4.45799024362E-08
  4.53910153908E-08
  4.61621638692E-08
  4.68889105321E-08
  4.75670525191E-08
  4.81927173723E-08
  4.87623843526E-08
  4.92729235191E-08
  4.97216667839E-08
  5.01063830427E-08
  5.04253527822E-08
  5.06773716324E-08
  5.08617858941E-08
  5.09785103020E-08
  5.10280244725E-08
  5.10113871144E-08
  5.09302324758E-08
  5.07867987665E-08
  5.05838499976E-08
  5.03247292727E-08
  5.00133019443E-08
  4.96539307449E-08
  4.92514473649E-08
  4.88111275843E-08
  4.83386592975E-08
  4.78400394854E-08
  4.73216097419E-08
  4.67899354817E-08
  4.62517952826E-08
  4.57141098309E-08
  4.51838708670E-08
  4.46681163169E-08
  4.41738343682E-08
  4.37079279436E-08
  4.32771507519E-08
  4.28880433390E-08
  4.25468869025E-08
  4.22596357907E-08
  4.20318890804E-08
  4.18688408388E-08
  4.17751948589E-08
  4.17551824228E-08
  4.18125019053E-08
  4.19502725890E-08
  4.21710453224E-08
  4.24767456764E-08
  4.28686774967E-08
  4.33475300099E-08
  4.39133316377E-08
  4.45655174985E-08
  4.53028476954E-08
  4.61234854754E-08
  4.70250043350E-08
  4.80043844675E-08
  4.90580767121E-08
  5.01819990006E-08
  5.13715718853E-08
  5.26217860397E-08
  5.39271987066E-08
  5.52820189625E-08
  5.66801325874E-08
  5.81151446966E-08
  5.95804259262E-08
  6.10691728298E-08
  6.25744220883E-08
  6.40891357762E-08
  6.56062297821E-08
  6.71186271006E-08
  6.86192933586E-08
  7.01012510262E-08
  7.15576504717E-08
  7.29818410150E-08
  7.43672785575E-08
  7.57076961122E-08
  7.69970256442E-08
  7.82294833357E-08
  7.93995624804E-08
  8.05020192729E-08
  8.15319367575E-08
  8.24847106173E-08
  8.33560278579E-08
  8.41419165454E-08
  8.48386889629E-08
  8.54429558217E-08
  8.59516262608E-08
  8.63619220581E-08
  8.66712923653E-08
  8.68774918672E-08
  8.69785026225E-08
  8.69725198527E-08
  8.68579590474E-08
  8.66334772809E-08
  8.62978382088E-08
  8.58500257550E-08
  8.52891659520E-08
  8.46145198352E-08
  8.38255047597E-08
  8.29216446618E-08
  8.19025629539E-08
  8.07680180515E-08
  7.95178820567E-08
  7.81521194426E-08
  7.66708510014E-08
  7.50742685796E-08
  7.33627416594E-08
  7.15367747262E-08
  6.95970072684E-08
  6.75442777265E-08
  6.53796092820E-08
  6.31042311738E-08
  6.07196142255E-08
  5.82274886085E-08
  5.56298616061E-08
  5.29290531404E-08
  5.01277064302E-08
  4.72288057551E-08
  4.42357119823E-08
  4.11521980936E-08
  3.79824349750E-08
  3.47310340487E-08
  3.14030401682E-08
  2.80039813561E-08
  2.45398350529E-08
  2.10170565396E-08
  1.74425753841E-08
  1.38237874481E-08
  1.01685575515E-08
  6.48519549173E-09
  2.78245737562E-09
 -9.30501620200E-10
 -4.64413618673E-09
 -8.34853253195E-09
 -1.20334728848E-08
 -1.56884478741E-08
 -1.93027194229E-08
 -2.28653576073E-08
 -2.63652921717E-08
 -2.97913871350E-08
 -3.31324727654E-08
 -3.63774219636E-08
 -3.95152284227E-08
 -4.25350350497E-08
 -4.54262227834E-08
 -4.81784780959E-08
 -5.07818604945E-08
 -5.32268522591E-08
 -5.55044401551E-08
 -5.76061722768E-08
 -5.95242255486E-08
 -6.12514270415E-08
 -6.27813605547E-08
 -6.41084056952E-08
 -6.52277307722E-08
 -6.61353922737E-08
 -6.68283277605E-08
 -6.73044269206E-08
 -6.75625244639E-08
 -6.76024285440E-08
 -6.74248994414E-08
 -6.70317064078E-08
 -6.64255708216E-08
 -6.56102017160E-08
 -6.45902247243E-08
 -6.33712033959E-08
 -6.19596036699E-08
 -6.03627086093E-08
 -5.85886468230E-08
 -5.66462858842E-08
 -5.45451896983E-08
 -5.22955794224E-08
 -4.99082517535E-08
 -4.73945185320E-08
 -4.47661179237E-08
 -4.20351717878E-08
 -3.92140684369E-08
 -3.63154128991E-08
 -3.33519523110E-08
 -3.03364728893E-08
 -2.72817555214E-08
 -2.42004443152E-08
 -2.11050377175E-08
 -1.80077517342E-08
 -1.49204915090E-08
 -1.18547669459E-08
 -8.82164563620E-09
 -5.83165471468E-09
 -2.89477108950E-09
 -2.03621459971E-11
  2.78289769007E-09
  5.50699752466E-09
  8.14466449839E-09
  1.06894004759E-08
  1.31354642718E-08
  1.54779051798E-08
  1.77125674128E-08
  1.98360776693E-08
  2.18458495738E-08
  2.37400765712E-08
  2.55177070585E-08
  2.71784212913E-08
  2.87225958573E-08
  3.01512699252E-08
  3.14661470213E-08
  3.26694795660E-08
  3.37640919668E-08
  3.47532953526E-08
  3.56408307312E-08
  3.64308547773E-08
  3.71278474631E-08
  3.77365942938E-08
  3.82620726214E-08
  3.87094694076E-08
  3.90840710907E-08
  3.93912387153E-08
  3.96363404320E-08
  3.98247017586E-08
  3.99615807112E-08
  4.00521074084E-08
  4.01012343332E-08
  4.01137079109E-08
  4.00940400880E-08
  4.00464763572E-08
  3.99749673363E-08
  3.98831367932E-08
  3.97742674352E-08
  3.96513151202E-08
  3.95168626710E-08
  3.93731376391E-08
  3.92220016465E-08
  3.90649503856E-08
  3.89031420411E-08
  3.87373759736E-08
  3.85681282467E-08
  3.83955764960E-08
  3.82195892712E-08
  3.80397757738E-08
  3.78554929625E-08
  3.76658917389E-08
  3.74699311578E-08
  3.72663890857E-08
  3.70539332550E-08
  3.68311212640E-08
  3.65964361038E-08
  3.63483216859E-08
  3.60851970527E-08
  3.58055061156E-08
  3.55077354186E-08
  3.51904461127E-08
  3.48522810611E-08
  3.44920039197E-08
  3.41084955835E-08
  3.37008074780E-08
  3.32681651116E-08
  3.28099467595E-08
  3.23257509649E-08
  3.18153752232E-08
  3.12788017709E-08
  3.07162473234E-08
  3.01281417592E-08
  2.95151032503E-08
  2.88779666846E-08
  2.82177801125E-08
  2.75357656676E-08
  2.68333444353E-08
  2.61121009260E-08
  2.53737919564E-08
  2.46203022414E-08
  2.38536514985E-08
  2.30759855668E-08
  2.22895444324E-08
  2.14966391354E-08
  2.06996375596E-08
  1.99009715374E-08
  1.91030924412E-08
  1.83084569727E-08
  1.75195093988E-08
  1.67386797756E-08
  1.59683430923E-08
  1.52108334817E-08
  1.44684104697E-08
  1.37432323299E-08
  1.30373800644E-08
  1.23528316465E-08
  1.16914309345E-08
  1.10548965537E-08
  1.04448245608E-08
  9.86267334468E-09
  9.30975119218E-09
  8.78722161701E-09
  8.29610247166E-09
  7.83724463105E-09
  7.41137151650E-09
  7.01904667721E-09
  6.66067512256E-09
  6.33653485238E-09
  6.04676353433E-09
  5.79133541123E-09
  5.57012125313E-09
  5.38285682694E-09
  5.22916909773E-09
  5.10856512648E-09
  5.02044139594E-09
  4.96410956785E-09
  4.93879293018E-09
  4.94363394665E-09
  4.97769914176E-09
  5.03999908474E-09
  5.12948128417E-09
  5.24505727739E-09
  5.38560485097E-09
  5.54996493207E-09
  5.73697311879E-09
  5.94544058430E-09
  6.17418471904E-09
  6.42203845658E-09
  6.68782718094E-09
  6.97042912279E-09
  7.26875137858E-09
  7.58174234505E-09
  7.90838505793E-09
  8.24773671582E-09
  8.59892068661E-09
  8.96112517523E-09
  9.33362720446E-09
  9.71578639763E-09
  1.01070627423E-08
  1.05070228074E-08
  1.09153335259E-08
  1.13317737416E-08
  1.17562546365E-08
  1.21887930860E-08
  1.26295391922E-08
  1.30787842778E-08
  1.35369404575E-08
  1.40045619546E-08
  1.44823273374E-08
  1.49710608355E-08
  1.54717110235E-08
  1.59853410509E-08
  1.65131712748E-08
  1.70565286339E-08
  1.76168537536E-08
  1.81956831824E-08
  1.87946600505E-08
  1.94155038713E-08
  2.00600158706E-08
  2.07300541177E-08
  2.14275086563E-08
  2.21543174916E-08
  2.29124008655E-08
  2.37036843487E-08
  2.45300721957E-08
  2.53933833960E-08
  2.62953978591E-08
  2.72377960187E-08
  2.82221215286E-08
  2.92497936982E-08
  3.03220417663E-08
  3.14399102308E-08
  3.26042481902E-08
  3.38156489477E-08
  3.50744464583E-08
  3.63806975656E-08
  3.77341535795E-08
  3.91342318551E-08
  4.05800228975E-08
  4.20702725989E-08
  4.36033360529E-08
  4.51771775545E-08
  4.67893954692E-08
  4.84371973641E-08
  5.01173644807E-08
  5.18263156835E-08
  5.35600470641E-08
  5.53141710213E-08
  5.70839020497E-08
  5.88641242416E-08
  6.06493273381E-08
  6.24337133104E-08
  6.42111288585E-08
  6.59751719922E-08
  6.77191778209E-08
  6.94362540798E-08
  7.11193379743E-08
  7.27611819684E-08
  7.43544745774E-08
  7.58918119459E-08
  7.73657973241E-08
  7.87690055404E-08
  8.00941464263E-08
  8.13340008676E-08
  8.24815487022E-08
  8.35299829305E-08
  8.44727523486E-08
  8.53036468129E-08
  8.60167759242E-08
  8.66066827143E-08
  8.70683365406E-08
  8.73972538784E-08
  8.75894201613E-08
  8.76414247841E-08
  8.75504255760E-08
  8.73142340652E-08
  8.69313012686E-08
  8.64007603241E-08
  8.57224264905E-08
  8.48968113587E-08
  8.39251512730E-08
  8.28094073313E-08
  8.15522156472E-08
  8.01569157716E-08
  7.86275933251E-08
  7.69689307845E-08
  7.51862998527E-08
  7.32856904051E-08
  7.12736962782E-08
  6.91574513212E-08
  6.69446080792E-08
  6.46433093721E-08
  6.22620959234E-08
  5.98099063609E-08
  5.72960168199E-08
  5.47299272569E-08
  5.21213863180E-08
  4.94802918638E-08
  4.68166199141E-08
  4.41404033324E-08
  4.14616181388E-08
  3.87901835097E-08
  3.61358587497E-08
  3.35081935532E-08
  3.09164889245E-08
  2.83697243475E-08
  2.58765187056E-08
  2.34450840964E-08
  2.10831494485E-08
  1.87979640742E-08
  1.65962212861E-08
  1.44840477390E-08
  1.24669714552E-08
  1.05498747516E-08
  8.73701733184E-09
  7.03197056140E-09
  5.43762634919E-09
  3.95621801985E-09
  2.58927812524E-09
  1.33765920562E-09
  2.01560698687E-10
 -8.19489975878E-10
 -1.72661107634E-09
 -2.52154519487E-09
 -3.20660897835E-09
 -3.78468856255E-09
 -4.25921298230E-09
 -4.63410332330E-09
 -4.91372942335E-09
 -5.10288744593E-09
 -5.20674792170E-09
 -5.23080689874E-09
 -5.18083798084E-09
 -5.06285191548E-09
 -4.88306772795E-09
 -4.64780969267E-09
 -4.36352021183E-09
 -4.03668432014E-09
 -3.67377994692E-09
 -3.28123395121E-09
 -2.86538148764E-09
 -2.43244779874E-09
 -1.98847005528E-09
 -1.53927504076E-09
 -1.09043829521E-09
 -6.47274678300E-10
 -2.14792003628E-10
  2.02349678680E-10
  5.99828464676E-10
  9.73716884900E-10
  1.32046573675E-09
  1.63692570609E-09
  1.92037541424E-09
  2.16851891999E-09
  2.37949127069E-09
  2.55183163489E-09
  2.68452859942E-09
  2.77698086748E-09
  2.82899148552E-09
  2.84077183998E-09
  2.81291390181E-09
  2.74638001230E-09
  2.64248756210E-09
  2.50289011738E-09
  2.32954855406E-09
  2.12471373828E-09
  1.89088855684E-09
  1.63081592675E-09
  1.34745092861E-09
  1.04392161582E-09
  7.23510473755E-10
  3.89630078201E-10
  4.57816388966E-11
 -3.04452213440E-10
 -6.57464749310E-10
 -1.00966457417E-09
 -1.35744493424E-09
 -1.69725455912E-09
 -2.02561367679E-09
 -2.33915553594E-09
 -2.63462940353E-09
 -2.90892931964E-09
 -3.15913073479E-09
 -3.38249517284E-09
 -3.57649310168E-09
 -3.73881192672E-09
 -3.86739351654E-09
 -3.96044352868E-09
 -4.01642674674E-09
 -4.03410549410E-09
 -4.01251476490E-09
 -3.95098753714E-09
 -3.84917919760E-09
 -3.70703978625E-09
 -3.52483398025E-09
 -3.30311666907E-09
 -3.04276626117E-09
 -2.74494271757E-09
 -2.41110464927E-09
 -2.04299910322E-09
 -1.64263824765E-09
 -1.21231191752E-09
 -7.54528051150E-10
 -2.72043942928E-10
  2.32187172267E-10
  7.55011664300E-10
  1.29311061858E-09
  1.84301895967E-09
  2.40114284011E-09
  2.96380631148E-09
  3.52724893737E-09
  4.08768219273E-09
  4.64128735445E-09
  5.18426768181E-09
  5.71287905871E-09
  6.22343954149E-09
  6.71236932703E-09
  7.17623116486E-09
  7.61174501207E-09
  8.01582711318E-09
  8.38559710559E-09
  8.71842420480E-09
  9.01196184344E-09
  9.26412813129E-09
  9.47318756772E-09
  9.63770840912E-09
  9.75661418323E-09
  9.82920411730E-09
  9.85514514440E-09
  9.83449321978E-09
  9.76769687355E-09
  9.65560253974E-09
  9.49943856909E-09
  9.30083832174E-09
  9.06181707450E-09
  8.78476935640E-09
  8.47242542790E-09
  8.12787970261E-09
  7.75454722657E-09
  7.35613259195E-09
  6.93660018314E-09
  6.50016973580E-09
  6.05127681297E-09
  5.59449464532E-09
  5.13455367113E-09
  4.67626293243E-09
  4.22448476201E-09
  3.78408859802E-09
  3.35991079403E-09
  2.95667734740E-09
  2.57901233702E-09
  2.23137197608E-09
  1.91794691240E-09
  1.64269087222E-09
  1.40926448289E-09
  1.22095278332E-09
  1.08067255145E-09
  9.90919235555E-10
  9.53719436758E-10
  9.70629798758E-10
  1.04269204382E-09
  1.17042364689E-09
  1.35378896982E-09
  1.59220836515E-09
  1.88452276007E-09
  2.22901963554E-09
  2.62341282031E-09
  3.06486858115E-09
  3.55003404451E-09
  4.07501810074E-09
  4.63544358453E-09
  5.22647658485E-09
  5.84285775318E-09
  6.47895426198E-09
  7.12877845643E-09
  7.78606867868E-09
  8.44432967995E-09
  9.09686104222E-09
  9.73686820060E-09
  1.03574935295E-08
  1.09518909497E-08
  1.15132916534E-08
  1.20350618360E-08
  1.25107648685E-08
  1.29342483390E-08
  1.32996795799E-08
  1.36016256036E-08
  1.38351206047E-08
  1.39956979339E-08
  1.40794629289E-08
  1.40831453166E-08
  1.40041214181E-08
  1.38404567807E-08
  1.35909816734E-08
  1.32552528953E-08
  1.28336088423E-08
  1.23271908237E-08
  1.17379252984E-08
  1.10685229870E-08
  1.03224984116E-08
  9.50413259204E-09
  8.61844640099E-09
  7.67118368827E-09
  6.66875710209E-09
  5.61822544043E-09
  4.52720350097E-09
  3.40384498365E-09
  2.25677077026E-09
  1.09498687895E-09
 -7.21851328711E-11
 -1.23517607253E-09
 -2.38426589583E-09
 -3.50965412288E-09
 -4.60153248838E-09
 -5.65020208398E-09
 -6.64614674406E-09
 -7.58010543223E-09
 -8.44314751447E-09
 -9.22680776227E-09
 -9.92312365611E-09
 -1.05247028870E-08
 -1.10248201679E-08
 -1.14174776300E-08
 -1.16974616660E-08
 -1.18603997734E-08
 -1.19028120693E-08
 -1.18221326062E-08
 -1.16167688802E-08
 -1.12861036072E-08
 -1.08305213686E-08
 -1.02514148281E-08
 -9.55117318568E-09
 -8.73319638828E-09
 -7.80183651017E-09
 -6.76239864106E-09
 -5.62112356661E-09
 -4.38508340750E-09
 -3.06219893886E-09
 -1.66112312794E-09
 -1.91179919118E-10
  1.33765720722E-09
  2.91489188342E-09
  4.52956472330E-09
  6.17034690009E-09
  7.82565123814E-09
  9.48368850118E-09
  1.11325668684E-08
  1.27604424804E-08
  1.43555212162E-08
  1.59062238936E-08
  1.74012715348E-08
  1.88297359927E-08
  2.01811722889E-08
  2.14456647996E-08
  2.26139427184E-08
  2.36774173601E-08
  2.46282603200E-08
  2.54594656468E-08
  2.61648960276E-08
  2.67393591713E-08
  2.71785829398E-08
  2.74792935073E-08
  2.76392349008E-08
  2.76571263669E-08
  2.75327298738E-08
  2.72668074786E-08
  2.68611248799E-08
  2.63184283256E-08
  2.56423824396E-08
  2.48375791045E-08
  2.39094557486E-08
  2.28642615951E-08
  2.17089972665E-08
  2.04513579405E-08
  1.90996516380E-08
  1.76627246162E-08
  1.61499045248E-08
  1.45709178057E-08
  1.29357964340E-08
  1.12547935416E-08
  9.53834611295E-09
  7.79693021258E-09
  6.04101479951E-09
  4.28098401173E-09
  2.52705656401E-09
  7.89219134489E-10
 -9.22840026618E-10
 -2.59981480788E-09
 -4.23283230688E-09
 -5.81349057782E-09
 -7.33394855956E-09
 -8.78690364914E-09
 -1.01656789653E-08
 -1.14642446647E-08
 -1.26772299325E-08
 -1.37999451866E-08
 -1.48283936241E-08
 -1.57592747740E-08
 -1.65899916027E-08
 -1.73186354147E-08
 -1.79439485493E-08
 -1.84653465851E-08
 -1.88828561676E-08
 -1.91971025743E-08
 -1.94092848460E-08
 -1.95211331544E-08
 -1.95348697218E-08
 -1.94531359909E-08
 -1.92789926245E-08
 -1.90158644386E-08
 -1.86674657954E-08
 -1.82377739577E-08
 -1.77309882332E-08
 -1.71514731306E-08
 -1.65037050692E-08
 -1.57922599442E-08
 -1.50217207562E-08
 -1.41966749467E-08
 -1.33216779830E-08
 -1.24012169422E-08
 -1.14396705442E-08
 -1.04412904989E-08
 -9.41018818423E-09
 -8.35029290158E-09
 -7.26535009932E-09
 -6.15893425149E-09
 -5.03440444888E-09
 -3.89491461306E-09
 -2.74342148998E-09
 -1.58268553818E-09
 -4.15276618648E-10
  7.56424922699E-10
  1.93019400463E-09
  3.10396064407E-09
  4.27580770790E-09
  5.44392175783E-09
  6.60658949769E-09
  7.76219710730E-09
  8.90917117857E-09
  1.00459969232E-08
  1.11711679907E-08
  1.22831922411E-08
  1.33805624358E-08
  1.44617331443E-08
  1.55251349554E-08
  1.65691336207E-08
  1.75920398249E-08
  1.85920843165E-08
  1.95674303427E-08
  2.05161718725E-08
  2.14363229389E-08
  2.23258229681E-08
  2.31825492136E-08
  2.40043469546E-08
  2.47889957450E-08
  2.55342644806E-08
  2.62379256100E-08
  2.68977302653E-08
  2.75114846460E-08
  2.80770446892E-08
  2.85923498211E-08
  2.90554211801E-08
  2.94644220133E-08
  2.98176701108E-08
  3.01136644509E-08
  3.03510887534E-08
  3.05288807567E-08
  3.06461984678E-08
  3.07024841106E-08
  3.06974499154E-08
  3.06311385145E-08
  3.05038838633E-08
  3.03163645299E-08
  3.00696072486E-08
  2.97649567216E-08
  2.94041111459E-08
  2.89891044503E-08
  2.85223258345E-08
  2.80064931246E-08
  2.74446421145E-08
  2.68400910386E-08
  2.61964832049E-08
  2.55176946240E-08
  2.48078499965E-08
  2.40712996202E-08
  2.33125767579E-08
  2.25363780970E-08
  2.17475033537E-08
  2.09508659310E-08
  2.01514254172E-08
  1.93541502824E-08
  1.85639965622E-08
  1.77858758832E-08
  1.70246128306E-08
  1.62848898810E-08
  1.55712474026E-08
  1.48880250350E-08
  1.42393608016E-08
  1.36291333774E-08
  1.30609452142E-08
  1.25381030003E-08
  1.20636034495E-08
  1.16400835637E-08
  1.12698783639E-08
  1.09549231908E-08
  1.06967981139E-08
  1.04967110559E-08
  1.03555040099E-08
  1.02736601448E-08
  1.02512665023E-08
  1.02880859387E-08
  1.03835304799E-08
  1.05366924075E-08
  1.07463611343E-08
  1.10110081053E-08
  1.13288463055E-08
  1.16978613462E-08
  1.21158079125E-08
  1.25802559481E-08
  1.30885950966E-08
  1.36380879923E-08
  1.42258738123E-08
  1.48490055807E-08
  1.55044830308E-08
  1.61892756978E-08
  1.69003389061E-08
  1.76346333092E-08
  1.83891764038E-08
  1.91610141087E-08
  1.99472740547E-08
  2.07451744672E-08
  2.15520294944E-08
  2.23652563136E-08
  2.31823946706E-08
  2.40011299724E-08
  2.48192311147E-08
  2.56346091021E-08
  2.64453206000E-08
  2.72495181974E-08
  2.80454841572E-08
  2.88316002184E-08
  2.96063458194E-08
  3.03682874403E-08
  3.11160874844E-08
  3.18484332240E-08
  3.25640918675E-08
  3.32618625976E-08
  3.39405552552E-08
  3.45989903394E-08
  3.52359812439E-08
  3.58503378095E-08
  3.64408343501E-08
  3.70062167576E-08
  3.75451811863E-08
  3.80563527358E-08
  3.85383209789E-08
  3.89896079867E-08
  3.94086825395E-08
  3.97939281527E-08
  4.01437070252E-08
  4.04563103018E-08
  4.07299936001E-08
  4.09629770104E-08
  4.11534628597E-08
  4.12996570276E-08
  4.13997653936E-08
  4.14520151537E-08
  4.14546832417E-08
  4.14061176457E-08
  4.13047480663E-08
  4.11491072327E-08
  4.09378557720E-08
  4.06698212885E-08
  4.03439912589E-08
  3.99595272427E-08
  3.95158075150E-08
  3.90124590410E-08
  3.84493326067E-08
  3.78265525569E-08
  3.71444848213E-08
  3.64037937572E-08
  3.56054457029E-08
  3.47506698972E-08
  3.38410295342E-08
  3.28783436032E-08
  3.18647686015E-08
  3.08027274798E-08
  2.96949078660E-08
  2.85442727233E-08
  2.73540337048E-08
  2.61276333902E-08
  2.48687417326E-08
  2.35811992155E-08
  2.22690168528E-08
  2.09363619774E-08
  1.95874783060E-08
  1.82267143600E-08
  1.68584612936E-08
  1.54871315772E-08
  1.41171252466E-08
  1.27527970406E-08
  1.13984315320E-08
  1.00581925011E-08
  8.73612382435E-09
  7.43611572318E-09
  6.16187056934E-09
  4.91686158455E-09
  3.70433816954E-09
  2.52730658623E-09
  1.38849598486E-09
  2.90355517407E-10
 -7.64950047749E-10
 -1.77555437020E-09
 -2.73988964850E-09
 -3.65669494684E-09
 -4.52500215076E-09
 -5.34413358011E-09
 -6.11369532777E-09
 -6.83354794973E-09
 -7.50381978776E-09
 -8.12488210045E-09
 -8.69730154562E-09
 -9.22183396312E-09
 -9.69941815754E-09
 -1.01311226075E-08
 -1.05181241494E-08
 -1.08617008721E-08
 -1.11631806021E-08
 -1.14239142590E-08
 -1.16452589793E-08
 -1.18285381490E-08
 -1.19750485084E-08
 -1.20859793284E-08
 -1.21624310623E-08
 -1.22053815943E-08
 -1.22156578186E-08
 -1.21939516262E-08
 -1.21407666143E-08
 -1.20564465078E-08
 -1.19411298627E-08
 -1.17947678291E-08
 -1.16171285924E-08
 -1.14077849389E-08
 -1.11661284663E-08
 -1.08913980057E-08
 -1.05826520880E-08
 -1.02388035828E-08
 -9.85864989644E-09
 -9.44087297228E-09
 -8.98409524552E-09
 -8.48685566268E-09
 -7.94768162393E-09
 -7.36509297994E-09
 -6.73763977943E-09
 -6.06393424363E-09
 -5.34267075025E-09
 -4.57265247888E-09
 -3.75284203713E-09
 -2.88236212675E-09
 -1.96054150692E-09
 -9.86941195436E-10
  3.86534068642E-11
  1.11616926812E-09
  2.24525087411E-09
