  6.66367157010E-08
  6.73780604643E-08
  6.80618015281E-08
  6.86760444069E-08
  6.92103299116E-08
  6.96559112612E-08
  7.00058606640E-08
  7.02551901099E-08
  7.04010432173E-08
  7.04426454945E-08
  7.03813753944E-08
  7.02207785253E-08
  6.99664823856E-08
  6.96261253097E-08
  6.92092427812E-08
  6.87270542699E-08
  6.81923495449E-08
  6.76191618254E-08
  6.70225688282E-08
  6.64184014454E-08
  6.58229097894E-08
  6.52524576594E-08
  6.47231601647E-08
  6.42505568749E-08
  6.38492636540E-08
  6.35325889675E-08
  6.33122567706E-08
  6.31980441312E-08
  6.31974828025E-08
  6.33156105323E-08
  6.35546868466E-08
  6.39140367298E-08
  6.43898516728E-08
  6.49750830917E-08
  6.56593428516E-08
  6.64289458996E-08
  6.72668676316E-08
  6.81528575797E-08
  6.90636241529E-08
  6.99729270082E-08
  7.08519323211E-08
  7.16694188441E-08
  7.23921402823E-08
  7.29852942527E-08
  7.34128136060E-08
  7.36379206501E-08
  7.36235676868E-08
  7.33329770242E-08
  7.27301312509E-08
  7.17803487760E-08
  7.04507243654E-08
  6.87107970521E-08
  6.65329196181E-08
  6.38928057128E-08
  6.07699917055E-08
  5.71482487999E-08
  5.30159169898E-08
  4.83662745410E-08
  4.31977937865E-08
  3.75143152098E-08
  3.13252250805E-08
  2.46454980868E-08
  1.74956920063E-08
  9.90189619188E-09
  1.89555882102E-09
 -6.48672271453E-09
 -1.52034953516E-08
 -2.42088180613E-08
 -3.34526717438E-08
 -4.28814637132E-08
 -5.24385512790E-08
 -6.20648208383E-08
 -7.16993397987E-08
 -8.12799640926E-08
 -9.07440949049E-08
 -1.00029261318E-07
 -1.09073944543E-07
 -1.17818139245E-07
 -1.26204156459E-07
 -1.34177184918E-07
 -1.41685902122E-07
 -1.48683156453E-07
 -1.55126372192E-07
 -1.60978075314E-07
 -1.66206262975E-07
 -1.70784787201E-07
 -1.74693482791E-07
 -1.77918479949E-07
 -1.80452190079E-07
 -1.82293334205E-07
 -1.83446829283E-07
 -1.83923702934E-07
 -1.83740667126E-07
 -1.82919976055E-07
 -1.81488886142E-07
 -1.79479215490E-07
 -1.76926789663E-07
 -1.73870873255E-07
 -1.70353573026E-07
 -1.66419056313E-07
 -1.62112982593E-07
 -1.57481665042E-07
 -1.52571502099E-07
 -1.47428181663E-07
 -1.42096098443E-07
 -1.36617614999E-07
 -1.31032479089E-07
 -1.25377425775E-07
 -1.19685509503E-07
 -1.13985791472E-07
 -1.08303034096E-07
 -1.02657423895E-07
 -9.70644435938E-08
 -9.15348010722E-08
 -8.60745217324E-08
 -8.06850408708E-08
 -7.53634665784E-08
 -7.01029350125E-08
 -6.48929656677E-08
 -5.97200511265E-08
 -5.45681757558E-08
 -4.94194694056E-08
 -4.42549463742E-08
 -3.90551910812E-08
 -3.38011645340E-08
 -2.84750054647E-08
 -2.30607923868E-08
 -1.75453465090E-08
 -1.19189786929E-08
 -6.17619733134E-09
 -3.16370346587E-10
  5.65570035249E-09
  1.17292762170E-08
  1.78872863188E-08
  2.41060291728E-08
  3.03550109493E-08
  3.65968872984E-08
  4.27875725961E-08
  4.88764477780E-08
  5.48067262685E-08
  6.05159868883E-08
  6.59367955791E-08
  7.09975012114E-08
  7.56231415266E-08
  7.97364663185E-08
  8.32590600908E-08
  8.61126068230E-08
  8.82201547370E-08
  8.95074805385E-08
  8.99045531355E-08
  8.93468552476E-08
  8.77768968621E-08
  8.51455865813E-08
  8.14135461269E-08
  7.65524390545E-08
  7.05461431494E-08
  6.33917665027E-08
  5.51006529292E-08
  4.56990960629E-08
  3.52289291072E-08
  2.37479227394E-08
  1.13299467586E-08
 -1.93506588531E-09
 -1.59414330625E-08
 -3.05682412716E-08
 -4.56801316773E-08
 -6.11283255125E-08
 -7.67519097167E-08
 -9.23793379570E-08
 -1.07830167906E-07
 -1.22917015233E-07
 -1.37447713655E-07
 -1.51227624201E-07
 -1.64062115005E-07
 -1.75759154786E-07
 -1.86131941859E-07
 -1.95001760517E-07
 -2.02200695298E-07
 -2.07574260003E-07
 -2.10984339333E-07
 -2.12311576320E-07
 -2.11457958699E-07
 -2.08349135278E-07
 -2.02936391247E-07
 -1.95198708752E-07
 -1.85144131137E-07
 -1.72811155608E-07
 -1.58269571671E-07
 -1.41621043781E-07
 -1.22999296082E-07
 -1.02569750027E-07
 -8.05289417372E-08
 -5.71033424990E-08
 -3.25478239915E-08
 -7.14367232035E-09
  1.88038207227E-08
  4.49681998305E-08
  7.10050542807E-08
  9.65556168353E-08
  1.21250650409E-07
  1.44714704220E-07
  1.66570529814E-07
  1.86443855910E-07
  2.03968127721E-07
  2.18789494966E-07
  2.30571799875E-07
  2.39001508362E-07
  2.43792698029E-07
  2.44691591433E-07
  2.41481387775E-07
  2.33986256148E-07
  2.22075385636E-07
  2.05666481179E-07
  1.84728833119E-07
  1.59285903578E-07
  1.29417230710E-07
  9.52599208404E-08
  5.70092844043E-08
  1.49189585130E-08
 -3.06997698374E-08
 -7.94793351133E-08
 -1.30998017767E-07
 -1.84782777524E-07
 -2.40312800770E-07
 -2.97023888152E-07
 -3.54313243633E-07
 -4.11545329371E-07
 -4.68057919534E-07
 -5.23168864675E-07
 -5.76183651901E-07
 -6.26402595572E-07
 -6.73129477491E-07
 -7.15679675523E-07
 -7.53388178509E-07
 -7.85618794907E-07
 -8.11772906673E-07
 -8.31296972592E-07
 -8.43691736918E-07
 -8.48519732699E-07
 -8.45413012485E-07
 -8.34079799006E-07
 -8.14311363229E-07
 -7.85987538166E-07
 -7.49081380036E-07
 -7.03663602053E-07
 -6.49905302907E-07
 -5.88080240504E-07
 -5.18565514085E-07
 -4.41842189502E-07
 -3.58492826535E-07
 -2.69200000957E-07
 -1.74742311287E-07
 -7.59894192015E-08
  2.61037182980E-08
  1.30504133722E-07
  2.36109002572E-07
  3.41754969213E-07
  4.46228256124E-07
  5.48275977508E-07
  6.46617820621E-07
  7.39958977647E-07
  8.27002793358E-07
  9.06464833861E-07
  9.77086756393E-07
  1.03765012227E-06
  1.08699089196E-06
  1.12401335173E-06
  1.14770375603E-06
  1.15714340154E-06
  1.15152204216E-06
  1.13014937142E-06
  1.09246661850E-06
  1.03805609797E-06
  9.66650873124E-07
  8.78141747762E-07
  7.72584655806E-07
  6.50204583508E-07
  5.11399548486E-07
  3.56741736596E-07
  1.86978112993E-07
  3.02811797859E-09
 -1.94019534661E-07
 -4.02912263553E-07
 -6.22240577286E-07
 -8.50446951972E-07
 -1.08583628844E-06
 -1.32658772145E-06
 -1.57076874530E-06
 -1.81634982255E-06
 -2.06122058444E-06
 -2.30320802075E-06
 -2.54009410128E-06
 -2.76963669421E-06
 -2.98958707390E-06
 -3.19771356772E-06
 -3.39182020070E-06
 -3.56976875082E-06
 -3.72949966732E-06
 -3.86905230698E-06
 -3.98658539780E-06
 -4.08039659305E-06
 -4.14893929701E-06
 -4.19084426539E-06
 -4.20493006459E-06
 -4.19022217102E-06
 -4.14596433984E-06
 -4.07162860938E-06
 -3.96692757931E-06
 -3.83181759389E-06
 -3.66650692740E-06
 -3.47145737578E-06
 -3.24738471136E-06
 -2.99525640912E-06
 -2.71628800874E-06
 -2.41193652073E-06
 -2.08389087675E-06
 -1.73406101567E-06
 -1.36456480959E-06
 -9.77711692940E-07
 -5.75986177864E-07
 -1.62027561146E-07
  2.61390596279E-07
  6.91383036155E-07
  1.12497684768E-06
  1.55913619437E-06
  1.99078817786E-06
  2.41684961111E-06
  2.83425265479E-06
  3.23997323903E-06
  3.63105755241E-06
  4.00464750783E-06
  4.35800757259E-06
  4.68855023428E-06
  4.99385669173E-06
  5.27170504938E-06
  5.52008395971E-06
  5.73721854380E-06
  5.92158266954E-06
  6.07191668678E-06
  6.18723788648E-06
  6.26685232419E-06
  6.31036073173E-06
  6.31766397419E-06
  6.28896668786E-06
  6.22477318757E-06
  6.12588701188E-06
  5.99340319241E-06
  5.82869961363E-06
  5.63342427995E-06
  5.40948121852E-06
  5.15901729159E-06
  4.88439718538E-06
  4.58818658444E-06
  4.27312579632E-06
  3.94210928789E-06
  3.59815453521E-06
  3.24437723975E-06
  2.88396176984E-06
  2.52013182944E-06
  2.15612044485E-06
  1.79514074716E-06
  1.44035459471E-06
  1.09484494715E-06
  7.61585511100E-07
  4.43413767925E-07
  1.43004442066E-07
 -1.37155879543E-07
 -3.94791840108E-07
 -6.27860458735E-07
 -8.34570471397E-07
 -1.01339867342E-06
 -1.16310457088E-06
 -1.28274098188E-06
 -1.37166318837E-06
 -1.42953467730E-06
 -1.45632918702E-06
 -1.45233127569E-06
 -1.41813211485E-06
 -1.35462403250E-06
 -1.26298982650E-06
 -1.14469241907E-06
 -1.00145916804E-06
 -8.35263961108E-07
 -6.48308173368E-07
 -4.42998327799E-07
 -2.21921979460E-07
  1.21782246509E-08
  2.56431718526E-07
  5.07868833211E-07
  7.63450259456E-07
  1.02009732927E-06
  1.27472299027E-06
  1.52426196109E-06
  1.76570165422E-06
  1.99611167773E-06
  2.21267396228E-06
  2.41270959123E-06
  2.59370540334E-06
  2.75334059552E-06
  2.88950650429E-06
  3.00033138956E-06
  3.08419566863E-06
  3.13974942401E-06
  3.16592468153E-06
  3.16194768857E-06
  3.12734346153E-06
  3.06194328914E-06
  2.96588314086E-06
  2.83960503111E-06
  2.68384997071E-06
  2.49965160037E-06
  2.28832482208E-06
  2.05145261134E-06
  1.79087112429E-06
  1.50864946136E-06
  1.20706999951E-06
  8.88605484306E-07
  5.55894189347E-07
  2.11713683029E-07
 -1.41046356816E-07
 -4.99412976751E-07
 -8.60358682075E-07
 -1.22083167753E-06
 -1.57778458743E-06
 -1.92820516531E-06
 -2.26914380619E-06
 -2.59774287770E-06
 -2.91126275442E-06
 -3.20710842061E-06
 -3.48285175278E-06
 -3.73625607608E-06
 -3.96529412683E-06
 -4.16816601501E-06
 -4.34331468568E-06
 -4.48944001619E-06
 -4.60550381831E-06
 -4.69074348075E-06
 -4.74467151435E-06
 -4.76707782582E-06
 -4.75802880828E-06
 -4.71786006528E-06
 -4.64717550130E-06
 -4.54683095086E-06
 -4.41792371930E-06
 -4.26178075941E-06
 -4.07993775298E-06
 -3.87412319469E-06
 -3.64623633686E-06
 -3.39832604368E-06
 -3.13256737172E-06
 -2.85123769572E-06
 -2.55669237959E-06
 -2.25134044740E-06
 -1.93761820810E-06
 -1.61796560860E-06
 -1.29480349642E-06
 -9.70508722276E-07
 -6.47393676445E-07
 -3.27685057755E-07
 -1.35059101680E-08
  2.93141653174E-07
  5.90391039168E-07
  8.76523643001E-07
  1.14997908440E-06
  1.40936242587E-06
  1.65344965808E-06
  1.88119008726E-06
  2.09170570997E-06
  2.28428916671E-06
  2.45839783020E-06
  2.61364698417E-06
  2.74979834103E-06
  2.86674980998E-06
  2.96452162729E-06
  3.04323816636E-06
  3.10311384055E-06
  3.14443400384E-06
  3.16753471452E-06
  3.17278522743E-06
  3.16056616612E-06
  3.13125087814E-06
  3.08518679049E-06
  3.02267426378E-06
  2.94395272249E-06
  2.84918246507E-06
  2.73843033938E-06
  2.61165791926E-06
  2.46871150011E-06
  2.30931482292E-06
  2.13306429941E-06
  1.93942560145E-06
  1.72773729901E-06
  1.49721336129E-06
  1.24695134218E-06
  9.75943066805E-07
  6.83088217102E-07
  3.67211953289E-07
  2.70843294459E-08
 -3.38556304769E-07
 -7.30978058527E-07
 -1.15142745472E-06
 -1.60109948411E-06
 -2.08110554922E-06
 -2.59244075096E-06
 -3.13594978252E-06
 -3.71229066332E-06
 -4.32190199717E-06
 -4.96496750202E-06
 -5.64138144910E-06
 -6.35071774013E-06
 -7.09219739292E-06
 -7.86466262070E-06
 -8.66654954734E-06
 -9.49586592469E-06
 -1.03501743070E-05
 -1.12265761345E-05
 -1.21217026390E-05
 -1.30317066578E-05
 -1.39522699101E-05
 -1.48786020873E-05
 -1.58054535859E-05
 -1.67271318787E-05
 -1.76375287992E-05
 -1.85301432793E-05
 -1.93981231860E-05
 -2.02342980629E-05
 -2.10312246054E-05
 -2.17812539631E-05
 -2.24765626626E-05
 -2.31092362810E-05
 -2.36713185586E-05
 -2.41548932536E-05
 -2.45521514444E-05
 -2.48554588325E-05
 -2.50574430538E-05
 -2.51510646194E-05
 -2.51296987699E-05
 -2.49872118729E-05
 -2.47180414590E-05
 -2.43172671617E-05
 -2.37806762016E-05
 -2.31048561545E-05
 -2.22872258746E-05
 -2.13261246245E-05
 -2.02208429982E-05
 -1.89716920431E-05
 -1.75800196303E-05
 -1.60482559295E-05
 -1.43799397847E-05
 -1.25797214423E-05
 -1.06533752842E-05
 -8.60779800860E-06
 -6.45098634777E-06
 -4.19201933255E-06
 -1.84102134426E-06
  5.90882962115E-07
  3.09162146550E-06
  5.64824040339E-06
  8.24697599455E-06
  1.08733402158E-05
  1.35122108986E-05
  1.61479256349E-05
  1.87643981917E-05
  2.13452203752E-05
  2.38737884501E-05
  2.63334222836E-05
  2.87074890366E-05
  3.09795395879E-05
  3.31334340444E-05
  3.51534654328E-05
  3.70245106751E-05
  3.87321306334E-05
  4.02627301810E-05
  4.16036345996E-05
  4.27432532888E-05
  4.36711416114E-05
  4.43781500508E-05
  4.48564678663E-05
  4.50997395092E-05
  4.51031446573E-05
  4.48634054919E-05
  4.43789067504E-05
  4.36496884504E-05
  4.26774786320E-05
  4.14657115471E-05
  4.00195058319E-05
  3.83456754207E-05
  3.64526749763E-05
  3.43505598721E-05
  3.20509461744E-05
  2.95668996841E-05
  2.69128941000E-05
  2.41046909650E-05
  2.11592323467E-05
  1.80945262400E-05
  1.49295237861E-05
  1.16839701150E-05
  8.37826701172E-06
  5.03332148583E-06
  1.67038831478E-06
 -1.68909127751E-06
 -5.02364900967E-06
 -8.31195484352E-06
 -1.15329830805E-05
 -1.46661677718E-05
 -1.76915636985E-05
 -2.05900087167E-05
 -2.33432565437E-05
 -2.59341286437E-05
 -2.83466433757E-05
 -3.05661415041E-05
 -3.25793880620E-05
 -3.43746978615E-05
 -3.59419900633E-05
 -3.72728973161E-05
 -3.83607875847E-05
 -3.92008550989E-05
 -3.97901167162E-05
 -4.01274410251E-05
 -4.02135519835E-05
 -4.00510180043E-05
 -3.96441973862E-05
 -3.89992346754E-05
 -3.81239515264E-05
 -3.70278357877E-05
 -3.57218850695E-05
 -3.42185703630E-05
 -3.25316796079E-05
 -3.06762231048E-05
 -2.86683043669E-05
 -2.65249527729E-05
 -2.42640126089E-05
 -2.19039684453E-05
 -1.94637996174E-05
 -1.69628219737E-05
 -1.44205141623E-05
 -1.18563739306E-05
 -9.28974986891E-06
 -6.73968588671E-06
 -4.22477023676E-06
 -1.76298715360E-06
  6.28423777016E-07
  2.93309881272E-06
  5.13567465532E-06
  7.22190225133E-06
  9.17874785955E-06
  1.09944858195E-05
  1.26587747218E-05
  1.41627269841E-05
  1.54989556904E-05
  1.66616100614E-05
  1.76464182005E-05
  1.84506607184E-05
  1.90732098417E-05
  1.95144803001E-05
  1.97764074983E-05
  1.98624038603E-05
  1.97773060790E-05
  1.95272950805E-05
  1.91198269022E-05
  1.85635381058E-05
  1.78681475518E-05
  1.70443508978E-05
  1.61036987265E-05
  1.50584919538E-05
  1.39216381285E-05
  1.27065413835E-05
  1.14269587357E-05
  1.00968745755E-05
  8.73036970006E-06
  7.34149080017E-06
  5.94412495047E-06
  4.55187409898E-06
  3.17793978866E-06
  1.83501094853E-06
  5.35157141712E-07
 -7.10266760962E-07
 -1.89071045043E-06
 -2.99650673696E-06
 -4.01894158131E-06
 -4.95031326864E-06
 -5.78397975914E-06
 -6.51439677313E-06
 -7.13714416634E-06
 -7.64894230088E-06
 -8.04765204521E-06
 -8.33226931718E-06
 -8.50291417009E-06
 -8.56078986544E-06
 -8.50815467857E-06
 -8.34827551444E-06
 -8.08536242403E-06
 -7.72451767261E-06
 -7.27165570424E-06
 -6.73343038216E-06
 -6.11715267951E-06
 -5.43070291315E-06
 -4.68244115837E-06
 -3.88111448046E-06
 -3.03576098304E-06
 -2.15561817640E-06
 -1.25002532059E-06
 -3.28331822175E-07
  6.00194766776E-07
  1.52645634444E-06
  2.44160901275E-06
  3.33714251610E-06
  4.20495507569E-06
  5.03742012370E-06
  5.82745315114E-06
  6.56855945635E-06
  7.25488962416E-06
  7.88127545093E-06
  8.44326314109E-06
  8.93713968253E-06
  9.35994557949E-06
  9.70948894974E-06
  9.98434188659E-06
  1.01838313640E-05
  1.03080346889E-05
  1.03577485788E-05
  1.03344646050E-05
  1.02403337223E-05
  1.00781317087E-05
  9.85120550467E-06
  9.56343137659E-06
  9.21915579966E-06
  8.82314452610E-06
  8.38051710161E-06
  7.89669229562E-06
  7.37731988920E-06
  6.82822292219E-06
  6.25533084531E-06
  5.66462131246E-06
  5.06205742568E-06
  4.45352952738E-06
  3.84480108551E-06
  3.24145298691E-06
  2.64883669843E-06
  2.07202720048E-06
  1.51578353780E-06
  9.84509824775E-07
  4.82225800624E-07
  1.25384529426E-08
 -4.21379041882E-07
 -8.16804174519E-07
 -1.17147590117E-06
 -1.48360197727E-06
 -1.75185891749E-06
 -1.97538929569E-06
 -2.15379282054E-06
 -2.28711473937E-06
 -2.37582730733E-06
 -2.42081068791E-06
 -2.42332862399E-06
 -2.38500069827E-06
 -2.30777277466E-06
 -2.19388630285E-06
 -2.04584284802E-06
 -1.86636953003E-06
 -1.65838366684E-06
 -1.42495503042E-06
 -1.16927049021E-06
 -8.94596666967E-07
 -6.04244632996E-07
 -3.01535635572E-07
  1.02321688900E-08
  3.27815286028E-07
  6.48054083285E-07
  9.67899836724E-07
  1.28443980429E-06
  1.59491889917E-06
  1.89675927231E-06
  2.18757645598E-06
  2.46519334723E-06
  2.72765032605E-06
  2.97321389553E-06
  3.20037952406E-06
  3.40787664754E-06
  3.59466525879E-06
  3.75993431589E-06
  3.90309605791E-06
  4.02377736464E-06
  4.12181179854E-06
  4.19722800871E-06
  4.25023335993E-06
  4.28120438301E-06
  4.29067085861E-06
  4.27929717262E-06
  4.24786776421E-06
  4.19727075496E-06
  4.12848021369E-06
  4.04254024033E-06
  3.94054859498E-06
  3.82364214602E-06
  3.69297958969E-06
  3.54973076355E-06
  3.39506209457E-06
  3.23012545778E-06
  3.05604794448E-06
  2.87392390419E-06
  2.68480584964E-06
  2.48970036409E-06
  2.28956150750E-06
  2.08528990697E-06
  1.87772945992E-06
  1.66766687926E-06
  1.45583317135E-06
  1.24290534131E-06
  1.02950912151E-06
  8.16222495814E-07
  6.03580986080E-07
  3.92082000644E-07
  1.82191058684E-07
 -2.56524206321E-08
 -2.31029233078E-07
 -4.33534012245E-07
 -6.32769285858E-07
 -8.28339864256E-07
 -1.01984733192E-06
 -1.20688525840E-06
 -1.38903521929E-06
 -1.56586327194E-06
 -1.73691660166E-06
 -1.90172295333E-06
 -2.05978903978E-06
 -2.21060008698E-06
 -2.35362244894E-06
 -2.48830360761E-06
 -2.61407717517E-06
 -2.73036425824E-06
 -2.83658073386E-06
 -2.93214179692E-06
 -3.01646673506E-06
 -3.08898847834E-06
 -3.14915769195E-06
 -3.19645391755E-06
 -3.23039171235E-06
 -3.25052815242E-06
 -3.25647283717E-06
 -3.24789471051E-06
 -3.22453070112E-06
 -3.18619277095E-06
 -3.13277496389E-06
 -3.06425999952E-06
 -2.98072427540E-06
 -2.88234423351E-06
 -2.76939817923E-06
 -2.64227037405E-06
 -2.50145330938E-06
 -2.34754611483E-06
 -2.18125683205E-06
 -2.00339832190E-06
 -1.81488644557E-06
 -1.61673540333E-06
 -1.41005227761E-06
 -1.19603078019E-06
 -9.75942498371E-07
 -7.51129334731E-07
 -5.22992593233E-07
 -2.92983287409E-07
 -6.25899545525E-08
  1.66673103763E-07
  3.93278554611E-07
  6.15699036643E-07
  8.32420596453E-07
  1.04195589756E-06
  1.24285770653E-06
  1.43373267747E-06
  1.61325283443E-06
  1.78017000962E-06
  1.93332584786E-06
  2.07166431210E-06
  2.19424032366E-06
  2.30023192671E-06
  2.38894449467E-06
  2.45982096203E-06
  2.51244659921E-06
  2.54655310528E-06
  2.56202156379E-06
  2.55888448919E-06
  2.53732514466E-06
  2.49767822424E-06
  2.44042439590E-06
  2.36618848248E-06
  2.27573195843E-06
  2.16994703806E-06
  2.04984826269E-06
  1.91656431525E-06
  1.77132494628E-06
  1.61545119681E-06
  1.45034368870E-06
  1.27746773160E-06
  1.09834093109E-06
  9.14518523132E-07
  7.27579219983E-07
  5.39109748843E-07
  3.50690868345E-07
  1.63882475590E-07
 -1.97910416944E-08
 -1.98854394284E-07
 -3.71895140461E-07
 -5.37576227089E-07
 -6.94648178978E-07
 -8.41960115849E-07
 -9.78469870461E-07
 -1.10325254354E-06
 -1.21550897347E-06
 -1.31457170482E-06
 -1.39991027481E-06
 -1.47113496496E-06
 -1.52799907482E-06
 -1.57040074100E-06
 -1.59838123182E-06
 -1.61212381045E-06
 -1.61195100645E-06
 -1.59831881774E-06
 -1.57181204941E-06
 -1.53313703777E-06
 -1.48311278281E-06
 -1.42266287639E-06
 -1.35280436098E-06
 -1.27463749777E-06
 -1.18933337490E-06
 -1.09812197024E-06
 -1.00227953226E-06
 -9.03114880657E-07
 -8.01956730356E-07
 -7.00139366927E-07
 -5.98990084200E-07
 -4.99815485000E-07
 -4.03888634537E-07
 -3.12436498007E-07
 -2.26628145583E-07
 -1.47563355313E-07
 -7.62620260275E-08
 -1.36545939000E-08
  3.94268013792E-08
  8.22559513836E-08
  1.14219275815E-07
  1.34821263487E-07
  1.43688851040E-07
  1.40574414331E-07
  1.25357729530E-07
  9.80464847089E-08
  5.87757540416E-08
  7.80610154294E-09
 -5.44794680479E-08
 -1.27579681930E-07
 -2.10880273244E-07
 -3.03660414147E-07
 -4.05099910950E-07
 -5.14287535225E-07
 -6.30229976650E-07
 -7.51861534809E-07
 -8.78054891018E-07
 -1.00763145383E-06
 -1.13937289825E-06
 -1.27203304601E-06
 -1.40434917739E-06
 -1.53505447997E-06
 -1.66288964465E-06
 -1.78661423433E-06
 -1.90501873476E-06
 -2.01693592317E-06
 -2.12125019061E-06
 -2.21690970648E-06
 -2.30293380810E-06
 -2.37842345996E-06
 -2.44256852966E-06
 -2.49465460911E-06
 -2.53407029049E-06
 -2.56031125900E-06
 -2.57298529505E-06
 -2.57181545749E-06
 -2.55664144788E-06
 -2.52742256635E-06
 -2.48423543781E-06
 -2.42727514888E-06
 -2.35685138250E-06
 -2.27338659897E-06
 -2.17741171582E-06
 -2.06956087823E-06
 -1.95056577468E-06
 -1.82124927051E-06
 -1.68251767718E-06
 -1.53535256686E-06
 -1.38080292800E-06
 -1.21997470615E-06
 -1.05402216377E-06
 -8.84137648427E-07
 -7.11541588316E-07
 -5.37471464668E-07
 -3.63172290463E-07
 -1.89885469126E-07
 -1.88389162048E-08
  1.48762993035E-07
  3.11749403181E-07
  4.68992283231E-07
  6.19415288838E-07
  7.62002116517E-07
  8.95804703305E-07
  1.01994999113E-06
  1.13364660592E-06
  1.23619020087E-06
  1.32696868604E-06
  1.40546637795E-06
  1.47126684169E-06
  1.52405527842E-06
  1.56362011694E-06
  1.58985346843E-06
  1.60275089911E-06
  1.60241006597E-06
  1.58902855674E-06
  1.56290138875E-06
  1.52441737100E-06
  1.47405398820E-06
  1.41237353546E-06
  1.34001606966E-06
  1.25769463466E-06
  1.16618696211E-06
  1.06632921870E-06
  9.59008161772E-07
  8.45153124374E-07
  7.25727659301E-07
  6.01721581006E-07
  4.74142581197E-07
  3.44007474951E-07
  2.12333972627E-07
  8.01327360023E-08
 -5.16010452145E-08
 -1.81895103424E-07
 -3.09807688836E-07
 -4.34434468843E-07
 -5.54915231987E-07
 -6.70439817441E-07
 -7.80253969879E-07
 -8.83664029061E-07
 -9.80041477305E-07
 -1.06882680484E-06
 -1.14953184038E-06
 -1.22174378703E-06
 -1.28512544961E-06
 -1.33941694003E-06
 -1.38443613196E-06
 -1.42007866089E-06
 -1.44631621879E-06
 -1.46319644045E-06
 -1.47083937918E-06
 -1.46943557411E-06
 -1.45924320805E-06
 -1.44058378737E-06
 -1.41383850405E-06
 -1.37944346079E-06
 -1.33788478252E-06
 -1.28969406887E-06
 -1.23544225517E-06
 -1.17573449643E-06
 -1.11120436941E-06
 -1.04250761979E-06
 -9.70317046267E-07
 -8.95316020433E-07
 -8.18192972929E-07
 -7.39635709124E-07
 -6.60325838453E-07
 -5.80933203764E-07
 -5.02111333844E-07
 -4.24491901185E-07
 -3.48680657680E-07
 -2.75253057680E-07
 -2.04750321586E-07
 -1.37676067880E-07
 -7.44931085706E-08
 -1.56207171642E-08
  3.85676024450E-08
  8.77460522020E-08
  1.31638017820E-07
  1.70017088408E-07
  2.02707795438E-07
  2.29585708666E-07
  2.50577528504E-07
  2.65660389687E-07
  2.74861037042E-07
  2.78254788100E-07
  2.75963685681E-07
  2.68154991545E-07
  2.55039054764E-07
  2.36866782188E-07
  2.13927265236E-07
  1.86544994563E-07
  1.55076833153E-07
  1.19909088880E-07
  8.14541536442E-08
  4.01473023715E-08
 -3.55671558872E-09
 -4.91871396946E-08
 -9.62606421240E-08
 -1.44284825865E-07
 -1.92761703488E-07
 -2.41191145278E-07
 -2.89074336024E-07
 -3.35917064831E-07
 -3.81233121516E-07
 -4.24547295097E-07
 -4.65398812821E-07
 -5.03344097069E-07
 -5.37959692792E-07
 -5.68845223370E-07
 -5.95625522237E-07
 -6.17953901383E-07
 -6.35513799807E-07
 -6.48021114102E-07
 -6.55226529034E-07
 -6.56917052311E-07
 -6.52917606203E-07
 -6.43092732844E-07
 -6.27347844784E-07
 -6.05629850270E-07
 -5.77928744860E-07
 -5.44277611425E-07
 -5.04753359110E-07
 -4.59476694914E-07
 -4.08612379488E-07
 -3.52368545009E-07
 -2.90996325703E-07
 -2.24789062031E-07
 -1.54081092774E-07
 -7.92465115751E-08
 -6.97510826875E-10
  8.11175908666E-08
  1.65716386391E-07
  2.52585010685E-07
  3.41180623309E-07
  4.30934647966E-07
  5.21255799413E-07
  6.11533664596E-07
  7.01142482740E-07
  7.89444925431E-07
  8.75796388300E-07
  9.59549197432E-07
  1.04005732737E-06
  1.11668066438E-06
  1.18879017919E-06
  1.25577219023E-06
  1.31703393436E-06
  1.37200754580E-06
  1.42015562687E-06
  1.46097579545E-06
  1.49400523242E-06
  1.51882500177E-06
  1.53506505285E-06
  1.54240717620E-06
  1.54059000579E-06
  1.52941208853E-06
  1.50873404436E-06
  1.47848288634E-06
  1.43865338487E-06
  1.38930965932E-06
  1.33058699703E-06
  1.26269287648E-06
  1.18590605780E-06
  1.10057783331E-06
  1.00712929907E-06
  9.06051354832E-07
  7.97901577698E-07
  6.83302005200E-07
  5.62935156267E-07
  4.37540847997E-07
  3.07910994479E-07
  1.74884917215E-07
  3.93435648505E-08
 -9.77965086690E-08
 -2.35589638464E-07
 -3.73068019144E-07
 -5.09248877734E-07
 -6.43142129775E-07
 -7.73757960815E-07
 -9.00114969227E-07
 -1.02124795376E-06
 -1.13621604214E-06
 -1.24411076285E-06
 -1.34406354846E-06
 -1.43525392104E-06
 -1.51691597239E-06
 -1.58834654940E-06
 -1.64891059740E-06
 -1.69804843608E-06
 -1.73528030700E-06
 -1.76021171683E-06
 -1.77253821221E-06
 -1.77204753982E-06
 -1.75862385277E-06
 -1.73224884747E-06
 -1.69300301422E-06
 -1.64106609191E-06
 -1.57671627221E-06
 -1.50032872170E-06
 -1.41237342177E-06
 -1.31341118959E-06
 -1.20409106330E-06
 -1.08514393560E-06
 -9.57377437771E-07
 -8.21670028017E-07
 -6.78962976508E-07
 -5.30253487341E-07
 -3.76585859385E-07
 -2.19043315042E-07
 -5.87384043627E-08
  1.03196157397E-07
  2.65617217110E-07
  4.27380882684E-07
  5.87352474213E-07
  7.44416070120E-07
  8.97484426332E-07
  1.04550792912E-06
  1.18748380373E-06
  1.32246509565E-06
  1.44956743497E-06
  1.56797830186E-06
  1.67696236986E-06
  1.77586821337E-06
  1.86413342362E-06
  1.94128870135E-06
  2.00696217689E-06
  2.06088088817E-06
  2.10287248592E-06
  2.13286693906E-06
  2.15089494304E-06
  2.15708678297E-06
  2.15167051465E-06
  2.13496787183E-06
  2.10739108297E-06
  2.06943582270E-06
  2.02167802854E-06
  1.96476548808E-06
  1.89941067674E-06
  1.82638325441E-06
  1.74650131157E-06
  1.66062295648E-06
  1.56963642439E-06
  1.47445132370E-06
  1.37598885885E-06
  1.27517182591E-06
  1.17291585866E-06
  1.07011931050E-06
  9.67654841588E-07
  8.66360153395E-07
  7.67030257975E-07
  6.70409463055E-07
  5.77184550821E-07
  4.87978070396E-07
  4.03343022981E-07
  3.23758342802E-07
  2.49624548587E-07
  1.81261043508E-07
  1.18904154078E-07
  6.27060074976E-08
  1.27344934597E-08
 -3.10258805314E-08
 -6.86720937892E-08
 -1.00379871526E-07
 -1.26400024669E-07
 -1.47053938804E-07
 -1.62728284181E-07
 -1.73869040054E-07
 -1.80974808472E-07
 -1.84589566743E-07
 -1.85294979360E-07
 -1.83702312029E-07
 -1.80444004627E-07
 -1.76165059429E-07
 -1.71514429326E-07
 -1.67136192886E-07
 -1.63661084684E-07
 -1.61698082479E-07
 -1.61826392286E-07
 -1.64587703466E-07
 -1.70479040662E-07
 -1.79946255230E-07
 -1.93377900359E-07
 -2.11100143588E-07
 -2.33372261960E-07
 -2.60383018258E-07
 -2.92247875677E-07
 -3.29007235678E-07
 -3.70625372170E-07
 -4.16990616259E-07
 -4.67916123625E-07
 -5.23141864051E-07
 -5.82337236210E-07
 -6.45104989871E-07
 -7.10985034402E-07
 -7.79460435751E-07
 -8.49962759730E-07
 -9.21878836380E-07
 -9.94557694867E-07
 -1.06731840788E-06
 -1.13945782232E-06
 -1.21025902899E-06
 -1.27899897961E-06
 -1.34495837756E-06
 -1.40742918120E-06
 -1.46572313042E-06
 -1.51918004576E-06
 -1.56717612754E-06
 -1.60913054970E-06
 -1.64451330420E-06
 -1.67285077168E-06
 -1.69373265635E-06
 -1.70681562395E-06
 -1.71182898612E-06
 -1.70857686044E-06
 -1.69694192209E-06
 -1.67688642705E-06
 -1.64845312156E-06
 -1.61176501479E-06
 -1.56702469667E-06
 -1.51451217789E-06
 -1.45458159295E-06
 -1.38765835800E-06
 -1.31423405492E-06
 -1.23486131542E-06
 -1.15014756830E-06
 -1.06074946871E-06
 -9.67364599092E-07
 -8.70724534252E-07
 -7.71586712744E-07
 -6.70726365115E-07
 -5.68928101075E-07
 -4.66977212454E-07
 -3.65651573020E-07
 -2.65712969849E-07
 -1.67899329995E-07
 -7.29165847702E-08
  1.85684640996E-08
  1.05935164640E-07
  1.88615317143E-07
  2.66098879820E-07
  3.37938899975E-07
  4.03755791467E-07
  4.63240695581E-07
  5.16158024766E-07
  5.62347111099E-07
  6.01723002092E-07
  6.34276261735E-07
  6.60072203118E-07
  6.79248330471E-07
  6.92012406489E-07
  6.98638302765E-07
  6.99461566001E-07
  6.94874870533E-07
  6.85321595029E-07
  6.71290024457E-07
  6.53306244658E-07
  6.31927150607E-07
  6.07732431490E-07
  5.81317124215E-07
  5.53283541649E-07
  5.24233314536E-07
  4.94759547109E-07
  4.65438660058E-07
  4.36823398786E-07
  4.09435330084E-07
  3.83758134603E-07
  3.60231496188E-07
  3.39245360692E-07
  3.21135132708E-07
  3.06177184939E-07
  2.94585646543E-07
  2.86509759917E-07
  2.82031919596E-07
  2.81166904870E-07
  2.83861879780E-07
  2.89997302616E-07
  2.99388545955E-07
  3.11788767249E-07
  3.26892092062E-07
  3.44338019431E-07
  3.63716452512E-07
  3.84573127121E-07
  4.06416148735E-07
  4.28722557899E-07
  4.50945606190E-07
  4.72522458494E-07
  4.92881895298E-07
  5.11452526553E-07
  5.27670465544E-07
  5.40987798558E-07
  5.50880429273E-07
  5.56855354716E-07
  5.58458452815E-07
  5.55281189918E-07
  5.46966987258E-07
  5.33216962140E-07
  5.13795328061E-07
  4.88533260068E-07
  4.57332959058E-07
  4.20170096049E-07
  3.77095688009E-07
  3.28237007352E-07
  2.73797525097E-07
  2.14056086634E-07
  1.49364637991E-07
  8.01458028832E-08
  6.88885659628E-09
 -6.98547708566E-08
 -1.49476946376E-07
 -2.31318907140E-07
 -3.14678175073E-07
 -3.98816069946E-07
 -4.82965447191E-07
 -5.66339508623E-07
 -6.48140030535E-07
 -7.27566771275E-07
 -8.03826196716E-07
 -8.76141029948E-07
 -9.43758834637E-07
 -1.00596116681E-06
 -1.06207210138E-06
 -1.11146607651E-06
 -1.15357590857E-06
 -1.18789932912E-06
 -1.21400648823E-06
 -1.23154381981E-06
 -1.24024006709E-06
 -1.23991037526E-06
 -1.23045799683E-06
 -1.21187724744E-06
 -1.18425441542E-06
 -1.14776685223E-06
 -1.10268285880E-06
 -1.04935918444E-06
 -9.88237388810E-07
 -9.19840317692E-07
 -8.44766759656E-07
 -7.63685477523E-07
 -6.77328330312E-07
 -5.86482883591E-07
 -4.91984224027E-07
 -3.94705665485E-07
 -2.95550250939E-07
 -1.95440421180E-07
 -9.53083798549E-08
  3.91408594425E-09
  1.01305701605E-07
  1.95965867533E-07
  2.87024448653E-07
  3.73651516838E-07
  4.55066498262E-07
  5.30546742539E-07
  5.99435793447E-07
  6.61150693304E-07
  7.15188491540E-07
  7.61132298521E-07
  7.98655435119E-07
  8.27526037028E-07
  8.47609101129E-07
  8.58868702380E-07
  8.61368334881E-07
  8.55270570810E-07
  8.40835241434E-07
  8.18417106530E-07
  7.88461818502E-07
  7.51501261220E-07
  7.08147979367E-07
  6.59088357224E-07
  6.05075285876E-07
  5.46919920907E-07
  4.85482757995E-07
  4.21664537953E-07
  3.56395901235E-07
  2.90627468758E-07
  2.25319155334E-07
  1.61429937862E-07
  9.99068845431E-08
  4.16748981991E-08
 -1.23735821589E-08
 -6.13884907352E-08
 -1.04571554971E-07
 -1.41185196867E-07
 -1.70560767287E-07
 -1.92106028862E-07
 -2.05311820878E-07
 -2.09757800462E-07
 -2.05117302698E-07
 -1.91161049656E-07
 -1.67759935721E-07
 -1.34886633418E-07
 -9.26162542214E-08
 -4.11256735333E-08
  1.93079703337E-08
  8.83100810256E-08
  1.65412231468E-07
  2.50057013318E-07
  3.41603538345E-07
  4.39334087332E-07
  5.42461407349E-07
  6.50136655622E-07
  7.61458181842E-07
  8.75480338891E-07
  9.91223600977E-07
  1.10768405648E-06
  1.22384369661E-06
  1.33868013563E-06
  1.45117735428E-06
  1.56033513576E-06
  1.66517941125E-06
  1.76477090008E-06
  1.85821477316E-06
  1.94466861103E-06
  2.02335013455E-06
  2.09354379876E-06
  2.15460931940E-06
  2.20598303713E-06
  2.24718655772E-06
  2.27782697948E-06
  2.29760212278E-06
  2.30630053011E-06
  2.30380169342E-06
  2.29007787311E-06
  2.26519091484E-06
  2.22928952098E-06
  2.18260856855E-06
  2.12546228795E-06
  2.05824130717E-06
  1.98140674001E-06
  1.89548347862E-06
  1.80105405434E-06
  1.69875113443E-06
  1.58925035976E-06
  1.47326181832E-06
  1.35152265557E-06
  1.22478888898E-06
  1.09382699520E-06
  9.59406065704E-07
  8.22290246560E-07
  6.83231178300E-07
  5.42960663097E-07
  4.02184554105E-07
  2.61576417415E-07
  1.21772004036E-07
 -1.66351092901E-08
 -1.53097985844E-07
 -2.87119377163E-07
 -4.18254330725E-07
 -5.46111721178E-07
 -6.70355518650E-07
 -7.90704405063E-07
 -9.06931347799E-07
 -1.01886234916E-06
 -1.12637371785E-06
 -1.22938968161E-06
 -1.32787874918E-06
 -1.42184933338E-06
 -1.51134588577E-06
 -1.59644343967E-06
 -1.67724215316E-06
 -1.75386196588E-06
 -1.82643725566E-06
 -1.89511024473E-06
 -1.96002588382E-06
 -2.02132559934E-06
 -2.07914195016E-06
 -2.13359453483E-06
 -2.18478248826E-06
 -2.23278289013E-06
 -2.27764599003E-06
 -2.31939020523E-06
 -2.35800234805E-06
 -2.39343330577E-06
 -2.42559713115E-06
 -2.45437149715E-06
 -2.47959701483E-06
 -2.50107905231E-06
 -2.51858705269E-06
 -2.53186090049E-06
 -2.54061069427E-06
 -2.54452243098E-06
 -2.54326118920E-06
 -2.53647772297E-06
 -2.52381323662E-06
 -2.50490552389E-06
 -2.47939487963E-06
 -2.44693183049E-06
 -2.40718304667E-06
 -2.35983907260E-06
 -2.30462069339E-06
 -2.24128575610E-06
 -2.16963712774E-06
 -2.08952678804E-06
 -2.00086333280E-06
 -1.90361754449E-06
 -1.79782648502E-06
 -1.68359827057E-06
 -1.56111548222E-06
 -1.43063743963E-06
 -1.29250281589E-06
 -1.14713009225E-06
 -9.95017444438E-07
 -8.36742344745E-07
 -6.72959060921E-07
 -5.04396098222E-07
 -3.31852021418E-07
 -1.56190935741E-07
  2.16634994388E-08
  2.00734518785E-07
  3.79999903544E-07
  5.58399847250E-07
  7.34846082651E-07
  9.08231243102E-07
  1.07743858280E-06
  1.24135237911E-06
  1.39886844863E-06
  1.54890540216E-06
  1.69041391018E-06
  1.82238920843E-06
  1.94388030650E-06
  2.05400033337E-06
  2.15193745134E-06
  2.23696156354E-06
  2.30843465943E-06
  2.36581900026E-06
  2.40868143919E-06
  2.43670228883E-06
  2.44967850449E-06
  2.44752686740E-06
  2.43028830482E-06
  2.39812811742E-06
  2.35133643400E-06
  2.29032707466E-06
  2.21563550440E-06
  2.12791405829E-06
  2.02792921300E-06
  1.91655317394E-06
  1.79475853201E-06
  1.66360928233E-06
  1.52425127453E-06
  1.37790277677E-06
  1.22584310702E-06
  1.06940080968E-06
  9.09941888949E-07
  7.48856336941E-07
  5.87546082897E-07
  4.27410469683E-07
  2.69834089295E-07
  1.16172628850E-07
 -3.22596918068E-08
 -1.74203037773E-07
 -3.08464109366E-07
 -4.33927823451E-07
 -5.49568028418E-07
 -6.54457892324E-07
 -7.47778415189E-07
 -8.28827012356E-07
 -8.97023710422E-07
 -9.51917400016E-07
 -9.93189814835E-07
 -1.02065837382E-06
 -1.03427805698E-06
 -1.03414174646E-06
 -1.02047840755E-06
 -9.93651156023E-07
 -9.54153051680E-07
 -9.02601698272E-07
 -8.39732877012E-07
 -7.66392531659E-07
 -6.83528185164E-07
 -5.92178651004E-07
 -4.93463346629E-07
 -3.88570583709E-07
 -2.78744948901E-07
 -1.65274713027E-07
 -4.94780358906E-08
  6.73105802207E-08
  1.83754181649E-07
  2.98527112363E-07
  4.10329022316E-07
  5.17897944974E-07
  6.20023627107E-07
  7.15559679065E-07
  8.03435568741E-07
  8.82667450242E-07
  9.52368225171E-07
  1.01175635336E-06
  1.06016375412E-06
  1.09704262741E-06
  1.12197017188E-06
  1.13465364393E-06
  1.13493194931E-06
  1.12277734843E-06
  1.09829511530E-06
  1.06172217329E-06
  1.01342379821E-06
  9.53889525590E-07
  8.83727580003E-07
  8.03657485449E-07
  7.14502732535E-07
  6.17180830886E-07
  5.12694157351E-07
  4.02117990461E-07
  2.86589653342E-07
  1.67295524989E-07
  4.54585418197E-08
 -7.76751676312E-08
 -2.00849598286E-07
 -3.22812439890E-07
 -4.42328342842E-07
 -5.58192311928E-07
 -6.69242353979E-07
 -7.74371926582E-07
 -8.72541590979E-07
 -9.62790181802E-07
 -1.04424452729E-06
 -1.11612882847E-06
 -1.17777324249E-06
 -1.22861968066E-06
 -1.26822885704E-06
 -1.29628313061E-06
 -1.31259173486E-06
 -1.31709066409E-06
 -1.30984392399E-06
 -1.29104284952E-06
 -1.26100314901E-06
 -1.22016183468E-06
 -1.16907187930E-06
 -1.10839619083E-06
 -1.03890101855E-06
 -9.61446176007E-07
 -8.76976912423E-07
 -7.86513169260E-07
 -6.91138268394E-07
 -5.91987827647E-07
 -4.90236743644E-07
 -3.87087368381E-07
 -2.83755724695E-07
 -1.81459128612E-07
 -8.14026748230E-08
  1.52335530856E-08
  1.07307187136E-07
  1.93725853137E-07
  2.73458937272E-07
  3.45548698988E-07
  4.09120531231E-07
  4.63392609618E-07
  5.07684262629E-07
  5.41423389677E-07
  5.64152912830E-07
  5.75535977987E-07
  5.75359536015E-07
  5.63537355447E-07
  5.40110931979E-07
  5.05250000060E-07
  4.59250628637E-07
  4.02533089527E-07
  3.35637764692E-07
  2.59220058751E-07
  1.74044089363E-07
  8.09753828435E-08
 -1.90276168155E-08
 -1.24922891587E-07
 -2.35595038589E-07
 -3.49866297711E-07
 -4.66508083719E-07
 -5.84253086799E-07
 -7.01807891801E-07
 -8.17865611680E-07
 -9.31118904646E-07
 -1.04027276393E-06
 -1.14405781915E-06
 -1.24124198919E-06
 -1.33064361307E-06
 -1.41114287544E-06
 -1.48169272052E-06
 -1.54132976604E-06
 -1.58918351190E-06
 -1.62448509400E-06
 -1.64657524238E-06
 -1.65491132975E-06
 -1.64907248745E-06
 -1.62876358445E-06
 -1.59382000220E-06
 -1.54420831677E-06
 -1.48002743572E-06
 -1.40150848438E-06
 -1.30901275952E-06
 -1.20302888718E-06
 -1.08416907096E-06
 -9.53162953010E-07
 -8.10852839095E-07
 -6.58184831082E-07
 -4.96201607803E-07
 -3.26032761677E-07
 -1.48885092699E-07
  3.39679289141E-08
  2.21197396399E-07
  4.11430505665E-07
  6.03262492405E-07
  7.95269102127E-07
  9.86018335425E-07
  1.17408342248E-06
  1.35805487389E-06
  1.53655207669E-06
  1.70823568624E-06
  1.87181842648E-06
  2.02607589017E-06
  2.16985677071E-06
  2.30209275287E-06
  2.42180567511E-06
  2.52811673818E-06
  2.62025241682E-06
  2.69755173576E-06
  2.75946899819E-06
  2.80557901533E-06
  2.83557960756E-06
  2.84929183181E-06
  2.84666339212E-06
  2.82776477434E-06
  2.79278970083E-06
  2.74205126516E-06
  2.67597897619E-06
  2.59511375589E-06
  2.50010180025E-06
  2.39168889493E-06
  2.27071222980E-06
  2.13809471461E-06
  1.99483201868E-06
  1.84198825082E-06
  1.68068322637E-06
  1.51208371335E-06
  1.33739320063E-06
  1.15784075660E-06
  9.74672047960E-07
  7.89137516222E-07
  6.02482487011E-07
  4.15937705611E-07
  2.30708749882E-07
  4.79671626863E-08
 -1.31158799377E-07
 -3.05592294580E-07
 -4.74315925203E-07
 -6.36378672425E-07
 -7.90902220160E-07
 -9.37086895192E-07
 -1.07421612938E-06
 -1.20166077977E-06
 -1.31888168653E-06
 -1.42543274251E-06
 -1.52096140482E-06
 -1.60520983172E-06
 -1.67801408679E-06
 -1.73930357050E-06
 -1.78909806436E-06
 -1.82750568456E-06
 -1.85471890291E-06
 -1.87101079518E-06
 -1.87673003893E-06
 -1.87229488802E-06
 -1.85818828413E-06
 -1.83495092188E-06
 -1.80317385912E-06
 -1.76349351477E-06
 -1.71658200543E-06
 -1.66314123362E-06
 -1.60389504344E-06
 -1.53958205829E-06
 -1.47094806380E-06
 -1.39873827720E-06
 -1.32369143557E-06
 -1.24653229250E-06
 -1.16796593375E-06
 -1.08867072868E-06
 -1.00929435121E-06
 -9.30447640712E-07
 -8.52700452469E-07
 -7.76578190198E-07
 -7.02557827026E-07
 -6.31066086498E-07
 -5.62476770938E-07
 -4.97109851949E-07
 -4.35230305129E-07
 -3.77048394284E-07
 -3.22719841961E-07
 -2.72347307373E-07
 -2.25981750646E-07
 -1.83624649708E-07
 -1.45230856674E-07
 -1.10711610546E-07
 -7.99381112415E-08
 -5.27453600796E-08
 -2.89364336936E-08
 -8.28681478993E-09
  9.45094047466E-09
  2.45425191281E-08
  3.72670463378E-08
  4.79123123398E-08
  5.67700553233E-08
  6.41313278038E-08
  7.02821125742E-08
  7.54990310270E-08
  8.00455026706E-08
  8.41680432018E-08
  8.80930386415E-08
  9.20239102697E-08
  9.61385850928E-08
  1.00587605800E-07
  1.05492524938E-07
  1.10944924359E-07
  1.17005839684E-07
  1.23705675037E-07
  1.31044657792E-07
  1.38993740961E-07
  1.47495910596E-07
  1.56468033197E-07
  1.65802958918E-07
  1.75372179001E-07
  1.85028625310E-07
  1.94609924620E-07
  2.03941766586E-07
  2.12841541725E-07
  2.21122192556E-07
  2.28595865792E-07
  2.35078061905E-07
  2.40391301531E-07
  2.44369033453E-07
  2.46859343633E-07
  2.47728252134E-07
  2.46863265829E-07
  2.44176135311E-07
  2.39605611796E-07
  2.33119735071E-07
  2.24717709330E-07
  2.14431452150E-07
  2.02326489784E-07
  1.88502568221E-07
  1.73093681610E-07
  1.56267589091E-07
  1.38224919510E-07
  1.19197601123E-07
  9.94469928628E-08
  7.92614827105E-08
  5.89535424922E-08
  3.88565197795E-08
  1.93208986587E-08
  7.10342229482E-10
 -1.66026676851E-08
 -3.22413775677E-08
 -4.58295303929E-08
 -5.69962779196E-08
 -6.53811795814E-08
 -7.06391958261E-08
 -7.24457009937E-08
 -7.05013363245E-08
 -6.45367279617E-08
 -5.43169811351E-08
 -3.96458936791E-08
 -2.03698089507E-08
  3.61887853018E-09
  3.23787361367E-08
  6.59167156414E-08
  1.04186163696E-07
  1.47085344793E-07
  1.94456646341E-07
  2.46086244715E-07
  3.01704631056E-07
  3.60987570502E-07
  4.23557736440E-07
  4.88987097924E-07
  5.56799932383E-07
  6.26476150956E-07
  6.97455618592E-07
  7.69142729951E-07
  8.40911638988E-07
  9.12111602247E-07
  9.82073402156E-07
  1.05011542928E-06
  1.11555016247E-06
  1.17769150165E-06
  1.23586119116E-06
  1.28939620936E-06
  1.33765547616E-06
  1.38002712902E-06
  1.41593511671E-06
  1.44484590692E-06
  1.46627382946E-06
  1.47978880705E-06
  1.48501931108E-06
  1.48165952396E-06
  1.46947184021E-06
  1.44829175497E-06
  1.41802991038E-06
  1.37867527883E-06
  1.33029573135E-06
  1.27303962927E-06
  1.20713536944E-06
  1.13289024739E-06
  1.05068932044E-06
  9.60992565524E-07
  8.64331923367E-07
  7.61306921504E-07
  6.52580126825E-07
  5.38871859135E-07
  4.20953853109E-07
  2.99642863411E-07
  1.75793374524E-07
  5.02900157073E-08
 -7.59603793199E-08
 -2.02037043096E-07
 -3.27013822243E-07
 -4.49967700433E-07
 -5.69987491872E-07
 -6.86182488607E-07
 -7.97690859144E-07
 -9.03687862319E-07
 -1.00339389064E-06
 -1.09608197363E-06
 -1.18108482638E-06
 -1.25780104554E-06
 -1.32570175992E-06
 -1.38433529173E-06
 -1.43333147662E-06
 -1.47240587012E-06
 -1.50136213506E-06
 -1.52009420162E-06
 -1.52858774527E-06
 -1.52691973199E-06
 -1.51525784986E-06
 -1.49385959958E-06
 -1.46306877014E-06
 -1.42331282404E-06
 -1.37509812248E-06
 -1.31900571887E-06
 -1.25568442400E-06
 -1.18584580378E-06
 -1.11025610749E-06
 -1.02972865079E-06
 -9.45116369166E-07
 -8.57303064095E-07
 -7.67194535456E-07
 -6.75709600273E-07
 -5.83770940921E-07
 -4.92296294397E-07
 -4.02189016313E-07
 -3.14329327011E-07
 -2.29565685572E-07
 -1.48706348568E-07
 -7.25115896216E-08
 -1.68625613473E-09
  6.31270182794E-08
  1.21353949112E-07
  1.72494111439E-07
  2.16125471297E-07
  2.51908403470E-07
  2.79588505236E-07
  2.98998884318E-07
  3.10061295750E-07
  3.12786397672E-07
  3.07273154476E-07
  2.93707358878E-07
  2.72359216069E-07
  2.43580046799E-07
  2.07798194651E-07
  1.65514251194E-07
  1.17295364532E-07
  6.37691002225E-08
  5.61657742537E-09
 -5.64348994203E-08
 -1.21619578408E-07
 -1.89141445617E-07
 -2.58182524249E-07
 -3.27911607201E-07
 -3.97492783577E-07
 -4.66094121521E-07
 -5.32896365257E-07
 -5.97101063704E-07
 -6.57938926452E-07
 -7.14677412361E-07
 -7.66628033944E-07
 -8.13153235413E-07
 -8.53672645462E-07
 -8.87668477390E-07
 -9.14690588161E-07
 -9.34360627980E-07
 -9.46375223521E-07
 -9.50508706410E-07
 -9.46614761688E-07
 -9.34627394145E-07
 -9.14560814635E-07
 -8.86508701115E-07
 -8.50642720707E-07
 -8.07209914910E-07
 -7.56529630053E-07
 -6.98989481407E-07
 -6.35040919406E-07
 -5.65194000046E-07
 -4.90011473175E-07
 -4.10102785509E-07
 -3.26117060467E-07
 -2.38736390656E-07
 -1.48668405586E-07
 -5.66388607126E-08
  3.66160044507E-08
  1.30357022954E-07
  2.23849596637E-07
  3.16371142617E-07
  4.07218209375E-07
  4.95713265991E-07
  5.81211509143E-07
  6.63106504817E-07
  7.40835901070E-07
  8.13886742890E-07
  8.81799621766E-07
  9.44172143136E-07
  1.00066290543E-06
  1.05099320535E-06
  1.09494874323E-06
  1.13238104404E-06
  1.16320745747E-06
  1.18741058941E-06
  1.20503716516E-06
  1.21619666515E-06
  1.22105791434E-06
  1.21984680845E-06
  1.21284210763E-06
  1.20037157103E-06
  1.18280706829E-06
  1.16055946364E-06
  1.13407338631E-06
  1.10382109142E-06
  1.07029723040E-06
  1.03401202978E-06
  9.95485834210E-07
  9.55242398959E-07
  9.13802978175E-07
  8.71680583714E-07
  8.29374130262E-07
  7.87362750998E-07
  7.46101136428E-07
  7.06013906893E-07
  6.67492486173E-07
  6.30889871900E-07
  5.96518418661E-07
  5.64646143175E-07
  5.35495018994E-07
  5.09238930135E-07
  4.86002591060E-07
  4.65861432986E-07
  4.48841092293E-07
  4.34918604242E-07
  4.24023284040E-07
  4.16038659523E-07
  4.10804886997E-07
  4.08121252349E-07
  4.07749723763E-07
  4.09418220215E-07
  4.12825073681E-07
  4.17642780803E-07
  4.23523061954E-07
  4.30101209759E-07
  4.37001119735E-07
  4.43840207254E-07
  4.50234466598E-07
  4.55803274235E-07
  4.60174192085E-07
  4.62987799210E-07
  4.63902154024E-07
  4.62596887019E-07
  4.58777265067E-07
  4.52177744137E-07
  4.42565209369E-07
  4.29741788821E-07
  4.13547155631E-07
  3.93860716486E-07
  3.70602663224E-07
  3.43735280239E-07
  3.13263313956E-07
  2.79233972833E-07
  2.41736358930E-07
  2.00900728942E-07
  1.56896902581E-07
  1.09932493331E-07
  6.02506631253E-08
  8.12754663571E-09
 -4.61307116950E-08
 -1.02191243911E-07
 -1.59697904678E-07
 -2.18275047814E-07
 -2.77531398751E-07
 -3.37064165024E-07
 -3.96462979779E-07
 -4.55314193459E-07
 -5.13205009156E-07
 -5.69727376387E-07
 -6.24482424882E-07
 -6.77083619394E-07
 -7.27160852421E-07
 -7.74364195877E-07
 -8.18366117983E-07
 -8.58865519149E-07
 -8.95589380434E-07
 -9.28295833091E-07
 -9.56775238592E-07
 -9.80852519206E-07
 -1.00038801065E-06
 -1.01527825791E-06
 -1.02545629943E-06
 -1.03089200820E-06
 -1.03159186438E-06
 -1.02759770471E-06
 -1.01898660887E-06
 -1.00586873941E-06
 -9.88385977507E-07
 -9.66710558714E-07
 -9.41042060276E-07
 -9.11605752663E-07
 -8.78649586866E-07
 -8.42441636451E-07
 -8.03267425908E-07
 -7.61426974805E-07
 -7.17231500857E-07
 -6.71000691455E-07
 -6.23059918325E-07
 -5.73736940623E-07
 -5.23359119597E-07
 -4.72250832217E-07
 -4.20730657424E-07
 -3.69108931864E-07
 -3.17685419304E-07
 -2.66747207434E-07
 -2.16566903077E-07
 -1.67400642681E-07
 -1.19486855965E-07
 -7.30449869479E-08
 -2.82744370139E-08
  1.46461660577E-08
  5.55594716900E-08
  9.43297067124E-08
  1.30842735757E-07
  1.65005886288E-07
  1.96747635073E-07
  2.26016979354E-07
  2.52782797361E-07
  2.77032881968E-07
  2.98772988572E-07
  3.18025712431E-07
  3.34829053372E-07
  3.49235364183E-07
  3.61309815844E-07
  3.71128919596E-07
  3.78779247967E-07
  3.84355871574E-07
  3.87961023307E-07
  3.89702535131E-07
  3.89692672798E-07
  3.88046771604E-07
  3.84882014259E-07
  3.80316350856E-07
  3.74467447273E-07
  3.67451747252E-07
  3.59383562909E-07
  3.50374591562E-07
  3.40532977816E-07
  3.29963143031E-07
  3.18765160046E-07
  3.07034554226E-07
  2.94862076089E-07
  2.82333672885E-07
  2.69530318064E-07
  2.56528210230E-07
  2.43398915245E-07
  2.30209295182E-07
  2.17022076754E-07
  2.03895837103E-07
  1.90885430129E-07
  1.78042157017E-07
  1.65414206776E-07
  1.53046840978E-07
  1.40982734820E-07
  1.29262161863E-07
  1.17923256937E-07
  1.07002271932E-07
  9.65335829051E-08
  8.65499316660E-08
  7.70824186702E-08
  6.81605172304E-08
  5.98120877271E-08
  5.20632319478E-08
  4.49382255852E-08
  3.84593548119E-08
  3.26466818024E-08
  2.75178742015E-08
  2.30879209084E-08
  1.93688833861E-08
  1.63696345368E-08
  1.40955780381E-08
  1.25483872182E-08
  1.17257670240E-08
  1.16212230949E-08
  1.22238814626E-08
  1.35183313432E-08
  1.54845238853E-08
  1.80977259845E-08
  2.13285158424E-08
  2.51428620146E-08
  2.95022530850E-08
  3.43639037226E-08
  3.96810051484E-08
  4.54031088282E-08
  5.14764764148E-08
  5.78446019972E-08
  6.44487130330E-08
  7.12283565463E-08
  7.81220705903E-08
  8.50680095255E-08
  9.20047114050E-08
  9.88717943073E-08
  1.05610745038E-07
  1.12165643884E-07
  1.18483953315E-07
  1.24517200106E-07
  1.30221721406E-07
  1.35559332648E-07
  1.40497959933E-07
  1.45012137409E-07
  1.49083504652E-07
  1.52701275624E-07
  1.55862480256E-07
  1.58572234454E-07
  1.60843811159E-07
  1.62698711392E-07
  1.64166493732E-07
  1.65284660625E-07
  1.66098189425E-07
  1.66659248180E-07
  1.67026584563E-07
  1.67264857964E-07
  1.67443886312E-07
  1.67637878690E-07
  1.67924440575E-07
  1.68383564869E-07
  1.69096665559E-07
  1.70145398215E-07
  1.71610480493E-07
  1.73570612105E-07
  1.76101252691E-07
  1.79273442313E-07
  1.83152707223E-07
  1.87797866147E-07
  1.93260078163E-07
  1.99581805305E-07
  2.06795917279E-07
  2.14924881448E-07
  2.23980052283E-07
  2.33961117146E-07
  2.44855669962E-07
  2.56638855944E-07
  2.69273215281E-07
  2.82708668919E-07
  2.96882745943E-07
  3.11720697255E-07
  3.27136177702E-07
  3.43031672401E-07
  3.59299207275E-07
  3.75821542775E-07
  3.92472912836E-07
  4.09120332279E-07
  4.25624591571E-07
  4.41842161081E-07
  4.57626072148E-07
  4.72827878184E-07
  4.87298848384E-07
  5.00891871980E-07
  5.13462964591E-07
  5.24872746155E-07
  5.34988316758E-07
  5.43684564036E-07
  5.50845697944E-07
  5.56366785531E-07
  5.60154887808E-07
  5.62130310300E-07
  5.62227455703E-07
  5.60396244964E-07
  5.56602230972E-07
  5.50827678580E-07
  5.43071621451E-07
  5.33350259957E-07
  5.21696790656E-07
  5.08161349444E-07
  4.92810727337E-07
  4.75727546245E-07
  4.57009633692E-07
  4.36768999634E-07
  4.15130870124E-07
  3.92232237800E-07
  3.68220383962E-07
  3.43251485901E-07
  3.17488769497E-07
  2.91100803906E-07
  2.64259483629E-07
  2.37138365833E-07
  2.09910396620E-07
  1.82746120458E-07
  1.55811605396E-07
  1.29266624072E-07
  1.03262657092E-07
  7.79411095664E-08
  5.34316804135E-08
  2.98507174534E-08
  7.29984739323E-09
 -1.41353364569E-08
 -3.43863213459E-08
 -5.34025659249E-08
 -7.11521934704E-08
 -8.76224035551E-08
 -1.02819740277E-07
 -1.16770017655E-07
 -1.29518127778E-07
 -1.41127500797E-07
 -1.51679373062E-07
 -1.61271813681E-07
 -1.70018580548E-07
 -1.78047628197E-07
 -1.85499530403E-07
 -1.92525718035E-07
 -1.99286404268E-07
 -2.05948580856E-07
 -2.12683687550E-07
 -2.19665295731E-07
 -2.27066649927E-07
 -2.35058237763E-07
 -2.43805232003E-07
 -2.53465060496E-07
 -2.64184848220E-07
 -2.76099029861E-07
 -2.89327147129E-07
 -3.03971575022E-07
 -3.20115532304E-07
 -3.37821091989E-07
 -3.57127618145E-07
 -3.78050316385E-07
 -4.00579068582E-07
 -4.24677295996E-07
 -4.50281532949E-07
 -4.77300943658E-07
 -5.05617265389E-07
 -5.35084893727E-07
 -5.65531649954E-07
 -5.96759775817E-07
 -6.28546501957E-07
 -6.60646207962E-07
 -6.92791786605E-07
 -7.24696860743E-07
 -7.56058170737E-07
 -7.86557961874E-07
 -8.15866997073E-07
 -8.43647455895E-07
 -8.69556231464E-07
 -8.93248227385E-07
 -9.14379768346E-07
 -9.32612408633E-07
 -9.47616172198E-07
 -9.59073418016E-07
 -9.66682591752E-07
 -9.70161295299E-07
 -9.69250436356E-07
 -9.63716615843E-07
 -9.53356675382E-07
 -9.37999175221E-07
 -9.17508202747E-07
 -8.91785475687E-07
 -8.60772445321E-07
 -8.24452342840E-07
 -7.82851714121E-07
 -7.36041442906E-07
 -6.84137660301E-07
 -6.27302085832E-07
 -5.65742027447E-07
 -4.99709926771E-07
 -4.29502534871E-07
 -3.55459462753E-07
 -2.77961845541E-07
 -1.97429798732E-07
 -1.14320286571E-07
 -2.91239725669E-08
  5.76378624828E-08
  1.45416990449E-07
  2.33642055036E-07
  3.21722893659E-07
  4.09054734973E-07
  4.95023130043E-07
  5.79008599288E-07
  6.60391435758E-07
  7.38557218938E-07
  8.12901475911E-07
  8.82834910954E-07
  9.47788691974E-07
  1.00721911167E-06
  1.06061281713E-06
  1.10749078885E-06
  1.14741430934E-06
  1.17998729365E-06
  1.20486140531E-06
  1.22173980799E-06
  1.23037943922E-06
  1.23059453472E-06
  1.22225912946E-06
  1.20530808090E-06
  1.17973991109E-06
  1.14561669307E-06
  1.10306450551E-06
  1.05227434233E-06
  9.93500293589E-07
  9.27059375044E-07
  8.53329083839E-07
  7.72746034272E-07
  6.85802490352E-07
  5.93043921526E-07
  4.95064909956E-07
  3.92505199898E-07
  2.86045377607E-07
  1.76401783847E-07
  6.43215898322E-08
 -4.94228906689E-08
 -1.64039860806E-07
 -2.78724030522E-07
 -3.92662656168E-07
 -5.05041839460E-07
 -6.15052783814E-07
 -7.21898231859E-07
 -8.24798462418E-07
 -9.22997628550E-07
 -1.01577006717E-06
 -1.10242547180E-06
 -1.18231525903E-06
 -1.25483711599E-06
 -1.31944079840E-06
 -1.37563165481E-06
 -1.42297619732E-06
 -1.46110448895E-06
 -1.48971389535E-06
 -1.50857249537E-06
 -1.51751976318E-06
 -1.51646952418E-06
 -1.50541040966E-06
 -1.48440597059E-06
 -1.45359570070E-06
 -1.41319253544E-06
 -1.36348307933E-06
 -1.30482476379E-06
 -1.23764391446E-06
 -1.16243211323E-06
 -1.07974278762E-06
 -9.90187459138E-07
 -8.94430968401E-07
 -7.93186131887E-07
 -6.87209080752E-07
 -5.77292667003E-07
 -4.64260978106E-07
 -3.48962885255E-07
 -2.32265435329E-07
 -1.15047249949E-07
  1.80832882002E-09
  1.17420050572E-07
  2.30915503607E-07
  3.41438038731E-07
  4.48153173238E-07
  5.50255379039E-07
  6.46973774110E-07
  7.37579057386E-07
  8.21388027816E-07
  8.97769609765E-07
  9.66149400483E-07
  1.02601438812E-06
  1.07691630546E-06
  1.11847589324E-06
  1.15038483273E-06
  1.17240881536E-06
  1.18438856589E-06
  1.18624166134E-06
  1.17796264476E-06
  1.15962291147E-06
  1.13137014068E-06
  1.09342681753E-06
  1.04608898255E-06
  9.89722479972E-07
  9.24761593524E-07
  8.51704214710E-07
  7.71108375375E-07
  6.83588041284E-07
  5.89807712004E-07
  4.90477418680E-07
  3.86347210224E-07
  2.78201099491E-07
  1.66851179983E-07
  5.31310995200E-08
 -6.21101605702E-08
 -1.78014914809E-07
 -2.93723331879E-07
 -4.08379690953E-07
 -5.21139213561E-07
 -6.31174088994E-07
 -7.37679727081E-07
 -8.39880442527E-07
 -9.37035622428E-07
 -1.02844433059E-06
 -1.11345093501E-06
 -1.19144897326E-06
 -1.26188626837E-06
 -1.32426794153E-06
 -1.37815948165E-06
 -1.42319049701E-06
 -1.45905539739E-06
 -1.48551691836E-06
 -1.50240543917E-06
 -1.50962102907E-06
 -1.50713310632E-06
 -1.49497952862E-06
 -1.47326636579E-06
 -1.44216596709E-06
 -1.40191525588E-06
 -1.35281322855E-06
 -1.29521822601E-06
 -1.22954463677E-06
 -1.15625925901E-06
 -1.07587720777E-06
 -9.88957822301E-07
 -8.96100459613E-07
 -7.97938866981E-07
 -6.95137146067E-07
 -5.88383898048E-07
 -4.78387732983E-07
 -3.65871414942E-07
 -2.51567144005E-07
 -1.36210786650E-07
 -2.05370653816E-08
  9.47256637573E-08
  2.08860328144E-07
  3.21165856576E-07
  4.30961847542E-07
  5.37592711680E-07
  6.40431778720E-07
  7.38885432838E-07
  8.32395755879E-07
  9.20444335861E-07
  1.00255488178E-06
  1.07829555418E-06
  1.14728084100E-06
  1.20917377444E-06
  1.26368672682E-06
  1.31058243369E-06
  1.34967490339E-06
  1.38082918966E-06
  1.40396139159E-06
  1.41903842632E-06
  1.42607655107E-06
  1.42514147683E-06
  1.41634518513E-06
  1.39984592806E-06
  1.37584527238E-06
  1.34458650791E-06
  1.30635169171E-06
  1.26145971535E-06
  1.21026300803E-06
  1.15314549021E-06
  1.09051859454E-06
  1.02281933323E-06
  9.50506205299E-07
  8.74056809153E-07
  7.93964375134E-07
  7.10734809672E-07
  6.24883227829E-07
  5.36931224815E-07
  4.47403692760E-07
  3.56826205916E-07
  2.65721496362E-07
  1.74607365011E-07
  8.39937470687E-08
 -5.61986857051E-09
 -9.37466921869E-08
 -1.79915005560E-07
 -2.63670216327E-07
 -3.44576960742E-07
 -4.22220750806E-07
 -4.96210020628E-07
 -5.66177163819E-07
 -6.31780608273E-07
 -6.92705555139E-07
 -7.48665343053E-07
 -7.99402471330E-07
 -8.44689395763E-07
 -8.84329267592E-07
 -9.18156615626E-07
 -9.46037630456E-07
 -9.67870846580E-07
 -9.83587142400E-07
 -9.93149910755E-07
 -9.96554717858E-07
 -9.93830212792E-07
 -9.85036422207E-07
 -9.70265887190E-07
 -9.49642014803E-07
 -9.23319248614E-07
 -8.91482102361E-07
 -8.54344364143E-07
 -8.12148243767E-07
 -7.65163179040E-07
 -7.13685039955E-07
 -6.58034537082E-07
 -5.98555857323E-07
 -5.35615299668E-07
 -4.69599541475E-07
 -4.00913990006E-07
 -3.29980849756E-07
 -2.57237019241E-07
 -1.83132229381E-07
 -1.08126677389E-07
 -3.26886997470E-08
  4.27074908771E-08
  1.17584498582E-07
  1.91464181398E-07
  2.63870418848E-07
  3.34331730301E-07
  4.02384131348E-07
  4.67573926244E-07
  5.29460521648E-07
  5.87619126691E-07
  6.41643794097E-07
  6.91150205512E-07
  7.35777859973E-07
  7.75193655045E-07
  8.09093421594E-07
  8.37205277548E-07
  8.59291276356E-07
  8.75149737567E-07
  8.84617293195E-07
  8.87570593022E-07
  8.83927839368E-07
  8.73649980804E-07
  8.56741849020E-07
  8.33252897792E-07
  8.03277544037E-07
  7.66955565723E-07
  7.24471533431E-07
  6.76054924043E-07
  6.21978585968E-07
  5.62558113870E-07
  4.98150313888E-07
  4.29151100434E-07
  3.55993591938E-07
  2.79145552895E-07
  1.99106594323E-07
  1.16405203698E-07
  3.15952704000E-08
 -5.47474137136E-08
 -1.42029094263E-07
 -2.29642026284E-07
 -3.16968765901E-07
 -4.03386451353E-07
 -4.88271552967E-07
 -5.71004022731E-07
 -6.50972367566E-07
 -7.27578139958E-07
 -8.00240513854E-07
 -8.68400718446E-07
 -9.31526756176E-07
 -9.89117552308E-07
 -1.04070716134E-06
 -1.08586846181E-06
 -1.12421730591E-06
 -1.15541490686E-06
 -1.17917215903E-06
 -1.19525168429E-06
 -1.20346965105E-06
 -1.20369861634E-06
 -1.19586832170E-06
 -1.17996739846E-06
 -1.15604325401E-06
 -1.12420252663E-06
 -1.08461063064E-06
 -1.03749164282E-06
 -9.83125460152E-07
 -9.21847515656E-07
 -8.54045822507E-07
 -7.80158472935E-07
 -7.00670625520E-07
 -6.16110810370E-07
 -5.27047234300E-07
 -4.34083432310E-07
 -3.37854004329E-07
 -2.39019442461E-07
 -1.38261384564E-07
 -3.62771928053E-08
  6.62252475081E-08
  1.68533176748E-07
  2.69934446351E-07
  3.69723068161E-07
  4.67204756660E-07
  5.61702449886E-07
  6.52561539027E-07
  7.39155041174E-07
  8.20888601538E-07
  8.97204870398E-07
  9.67588448475E-07
  1.03156946807E-06
  1.08872688998E-06
  1.13869305096E-06
  1.18115497116E-06
  1.21585787838E-06
  1.24260589018E-06
  1.26126508349E-06
  1.27176269871E-06
  1.27408850403E-06
  1.26829411329E-06
  1.25449321331E-06
  1.23285917653E-06
  1.20362437883E-06
  1.16707758480E-06
  1.12356144655E-06
  1.07346988898E-06
  1.01724390333E-06
  9.55368477662E-07
  8.88367992502E-07
  8.16802128156E-07
  7.41260805626E-07
  6.62359468606E-07
  5.80733967581E-07
  4.97035273384E-07
  4.11924190757E-07
  3.26065787704E-07
  2.40124421680E-07
  1.54758083681E-07
  7.06132894379E-08
 -1.16799467875E-08
 -9.15130371482E-08
 -1.68303500914E-07
 -2.41499407139E-07
 -3.10583374130E-07
 -3.75076439241E-07
 -4.34541419736E-07
 -4.88586181291E-07
 -5.36865854883E-07
 -5.79085337904E-07
 -6.15001056303E-07
 -6.44422300411E-07
 -6.67211793370E-07
 -6.83286543790E-07
 -6.92617561526E-07
 -6.95229402936E-07
 -6.91199261382E-07
 -6.80655546148E-07
 -6.63776290821E-07
 -6.40786822714E-07
 -6.11957375440E-07
 -5.77600246743E-07
 -5.38066615263E-07
 -4.93743186780E-07
 -4.45048300435E-07
 -3.92428376017E-07
 -3.36353707553E-07
 -2.77314342156E-07
 -2.15815759930E-07
 -1.52374539653E-07
 -8.75140599987E-08
 -2.17601563435E-08
  4.43631762437E-08
  1.10337957437E-07
  1.75656310830E-07
  2.39824345272E-07
  3.02365947391E-07
  3.62826227729E-07
  4.20774796339E-07
  4.75808974443E-07
  5.27556210272E-07
  5.75676779135E-07
  6.19865829776E-07
  6.59855231788E-07
  6.95414883012E-07
  7.26354016933E-07
  7.52521998493E-07
  7.73808778831E-07
  7.90144611074E-07
  8.01500561920E-07
  8.07887374776E-07
  8.09354844478E-07
  8.05990566732E-07
  7.97918744411E-07
  7.85298198025E-07
  7.68320433053E-07
  7.47207707263E-07
  7.22210359072E-07
  6.93604590651E-07
  6.61689455228E-07
  6.26783844382E-07
  5.89224271152E-07
  5.49361061530E-07
  5.07555569129E-07
  4.64177162485E-07
  4.19599871293E-07
  3.74199430553E-07
  3.28350182599E-07
  2.82422149667E-07
  2.36777921714E-07
  1.91770013203E-07
  1.47738191458E-07
  1.05006805029E-07
  6.38825738974E-08
  2.46522535718E-08
 -1.24192913731E-08
 -4.70909569117E-08
 -7.91469716432E-08
 -1.08398289456E-07
 -1.34683787678E-07
 -1.57871170359E-07
 -1.77857643280E-07
 -1.94570461076E-07
 -2.07967147503E-07
 -2.18035424382E-07
 -2.24793112125E-07
 -2.28287589721E-07
 -2.28595183671E-07
 -2.25820272703E-07
 -2.20094250380E-07
 -2.11574203490E-07
 -2.00441476750E-07
 -1.86900095400E-07
 -1.71174932007E-07
 -1.53509802203E-07
 -1.34165404120E-07
 -1.13417122805E-07
 -9.15528062251E-08
 -6.88703210017E-08
 -4.56752040634E-08
 -2.22780958126E-08
  1.00774366629E-09
  2.38690045506E-08
  4.59948665821E-08
  6.70795472502E-08
  8.68248193342E-08
  1.04942472490E-07
  1.21156702448E-07
  1.35206462915E-07
  1.46847654037E-07
  1.55855275352E-07
  1.62025429518E-07
  1.65177098665E-07
  1.65153934972E-07
  1.61825710165E-07
  1.55089765030E-07
  1.44872032593E-07
  1.31128146563E-07
  1.13844080829E-07
  9.30367463070E-08
  6.87542964783E-08
  4.10761558101E-08
  1.01129362662E-08
 -2.39939872415E-08
 -6.10730879202E-08
 -1.00923578827E-07
 -1.43316441381E-07
 -1.87995865986E-07
 -2.34680584299E-07
 -2.83065901385E-07
 -3.32825521809E-07
 -3.83613610211E-07
 -4.35067391891E-07
 -4.86809540234E-07
 -5.38450649401E-07
 -5.89592616507E-07
 -6.39831000626E-07
 -6.88758063916E-07
 -7.35966409593E-07
 -7.81051710419E-07
 -8.23616005619E-07
 -8.63270713580E-07
 -8.99640383523E-07
 -9.32365082917E-07
 -9.61104205999E-07
 -9.85538690657E-07
 -1.00537477010E-06
 -1.02034596239E-06
 -1.03021591258E-06
 -1.03478100755E-06
 -1.03387196759E-06
 -1.02735634755E-06
 -1.01513978734E-06
 -9.97167830974E-07
 -9.73426722339E-07
 -9.43944144183E-07
 -9.08790184440E-07
 -8.68077165705E-07
 -8.21959645236E-07
 -7.70633562297E-07
 -7.14336295005E-07
 -6.53344500279E-07
 -5.87973374877E-07
 -5.18574609032E-07
 -4.45534311666E-07
 -3.69270424017E-07
 -2.90230303790E-07
 -2.08887698250E-07
 -1.25739376244E-07
 -4.13019236589E-08
  4.38920473300E-08
  1.29297589524E-07
  2.14361463691E-07
  2.98526060760E-07
  3.81233689950E-07
  4.61930596884E-07
  5.40071312116E-07
  6.15122701220E-07
  6.86568114361E-07
  7.53911422180E-07
  8.16680937987E-07
  8.74433055742E-07
  9.26756001718E-07
  9.73272904048E-07
  1.01364491911E-06
  1.04757418740E-06
  1.07480639144E-06
  1.09513234747E-06
  1.10839050649E-06
  1.11446797746E-06
  1.11330211894E-06
  1.10488019800E-06
  1.08924098186E-06
  1.06647314624E-06
  1.03671618490E-06
  1.00015881799E-06
  9.57037400440E-07
  9.07634785108E-07
  8.52277764807E-07
  7.91335082795E-07
  7.25214476915E-07
  6.54359382679E-07
  5.79246147936E-07
  5.00379826462E-07
  4.18290795778E-07
  3.33530437047E-07
  2.46667127612E-07
  1.58281793006E-07
  6.89636436846E-08
 -2.06943617798E-08
 -1.10099932726E-07
 -1.98665915718E-07
 -2.85814593326E-07
 -3.70982036202E-07
 -4.53622135410E-07
 -5.33210766207E-07
 -6.09249127592E-07
 -6.81267749769E-07
 -7.48829506847E-07
 -8.11532515854E-07
 -8.69012922067E-07
 -9.20947115901E-07
 -9.67054006651E-07
 -1.00709598883E-06
 -1.04088110220E-06
 -1.06826280444E-06
 -1.08914161956E-06
 -1.10346388738E-06
 -1.11122255930E-06
 -1.11245628887E-06
 -1.10724818114E-06
 -1.09572408746E-06
 -1.07805180960E-06
 -1.05443837128E-06
 -1.02512751710E-06
 -9.90398007161E-07
 -9.50560036017E-07
 -9.05952333596E-07
 -8.56939038840E-07
 -8.03906516467E-07
 -7.47259491618E-07
 -6.87417752943E-07
 -6.24812457772E-07
 -5.59882437301E-07
 -4.93070729135E-07
 -4.24820882472E-07
 -3.55573519073E-07
 -2.85762922658E-07
 -2.15813855675E-07
 -1.46138418700E-07
 -7.71332722138E-08
 -9.17680509360E-09
  5.73731746556E-08
  1.22181688766E-07
  1.84938514280E-07
  2.45359842665E-07
  3.03189665374E-07
  3.58200736628E-07
  4.10195639233E-07
  4.59006940901E-07
  5.04497791098E-07
  5.46561466308E-07
  5.85121199492E-07
  6.20129753770E-07
  6.51568200283E-07
  6.79445236074E-07
  7.03795308254E-07
  7.24677875041E-07
  7.42174961488E-07
  7.56389852086E-07
  7.67444930716E-07
  7.75479406911E-07
  7.80647610554E-07
  7.83116433922E-07
  7.83063001109E-07
  7.80672792189E-07
  7.76136801051E-07
  7.69650057464E-07
  7.61408784911E-07
  7.51608638438E-07
  7.40442601455E-07
  7.28099450953E-07
  7.14761370091E-07
  7.00602925008E-07
  6.85789359522E-07
  6.70475174047E-07
  6.54803557154E-07
  6.38904850803E-07
  6.22896038749E-07
  6.06880291798E-07
  5.90946513057E-07
  5.75169224248E-07
  5.59608338335E-07
  5.44309557426E-07
  5.29304600150E-07
  5.14611713243E-07
  5.00236410517E-07
  4.86171813918E-07
  4.72400046192E-07
  4.58892998267E-07
  4.45613295597E-07
  4.32515690818E-07
  4.19548058517E-07
  4.06652759466E-07
  3.93767891183E-07
  3.80828595326E-07
  3.67768393517E-07
  3.54520267365E-07
  3.41018107974E-07
  3.27197938077E-07
  3.12998793106E-07
  2.98364000173E-07
  2.83242172827E-07
  2.67587921599E-07
  2.51362820336E-07
  2.34536145172E-07
  2.17085215581E-07
  1.98996133349E-07
  1.80264038363E-07
  1.60893307566E-07
  1.40897796541E-07
  1.20300740036E-07
  9.91347519630E-08
  7.74415696014E-08
  5.52717551727E-08
  3.26843014875E-08
  9.74615321780E-09
 -1.34683864061E-08
 -3.68782977489E-08
 -6.03965730761E-08
 -8.39309421963E-08
 -1.07384778403E-07
 -1.30657866748E-07
 -1.53647334855E-07
 -1.76248562411E-07
 -1.98356076453E-07
 -2.19864489281E-07
 -2.40669407958E-07
 -2.60668201690E-07
 -2.79761138700E-07
 -2.97851926234E-07
 -3.14848648486E-07
 -3.30664477133E-07
 -3.45218438724E-07
 -3.58435897851E-07
 -3.70249296111E-07
 -3.80598493166E-07
 -3.89431392023E-07
 -3.96704109562E-07
 -4.02381573394E-07
 -4.06437408174E-07
 -4.08854305078E-07
 -4.09624107078E-07
 -4.08747723668E-07
 -4.06235244554E-07
 -4.02105627018E-07
 -3.96386695911E-07
 -3.89114831023E-07
 -3.80334626016E-07
 -3.70098661051E-07
 -3.58467104888E-07
 -3.45507032762E-07
 -3.31292341116E-07
 -3.15902951797E-07
 -2.99424328887E-07
 -2.81947023950E-07
 -2.63565823388E-07
 -2.44379435799E-07
 -2.24489724587E-07
 -2.04001025850E-07
 -1.83019622568E-07
 -1.61652991437E-07
 -1.40009262850E-07
 -1.18196531673E-07
 -9.63222603900E-08
 -7.44926538232E-08
 -5.28120871479E-08
 -3.13825196940E-08
 -1.03029682563E-08
  1.03310444644E-08
  3.04279659247E-08
  4.99006738153E-08
  6.86669210381E-08
  8.66497202878E-08
  1.03777701099E-07
  1.19985429592E-07
  1.35213710450E-07
  1.49409785877E-07
  1.62527555858E-07
  1.74527684749E-07
  1.85377828643E-07
  1.95052493268E-07
  2.03533247145E-07
  2.10808508427E-07
  2.16873644376E-07
  2.21730687144E-07
  2.25388248509E-07
  2.27861264079E-07
  2.29170737498E-07
  2.29343470437E-07
  2.28411650482E-07
  2.26412538495E-07
  2.23388028076E-07
  2.19384176603E-07
  2.14450736280E-07
  2.08640685173E-07
  2.02009616146E-07
  1.94615338955E-07
  1.86517169709E-07
  1.77775490329E-07
  1.68451080640E-07
  1.58604635203E-07
  1.48296223301E-07
  1.37584635240E-07
  1.26526998656E-07
  1.15178188764E-07
  1.03590416245E-07
  9.18127653904E-08
  7.98908033062E-08
  6.78662743780E-08
  5.57767805276E-08
  4.36555254169E-08
  3.15311616816E-08
  1.94276825738E-08
  7.36432470561E-09
 -4.64438132397E-09
 -1.65885527537E-08
 -2.84628001168E-08
 -4.02660091936E-08
 -5.20010772220E-08
 -6.36745554061E-08
 -7.52962279194E-08
 -8.68786571573E-08
 -9.84366934631E-08
 -1.09986842745E-07
 -1.21546705145E-07
 -1.33134292923E-07
 -1.44767355437E-07
 -1.56462732548E-07
 -1.68235573028E-07
 -1.80098595592E-07
 -1.92061506255E-07
 -2.04130145676E-07
 -2.16305934941E-07
 -2.28585193440E-07
 -2.40958542008E-07
 -2.53410405548E-07
 -2.65918458808E-07
 -2.78453313740E-07
 -2.90978135808E-07
 -3.03448530303E-07
 -3.15812258123E-07
 -3.28009178929E-07
 -3.39971649055E-07
 -3.51624265704E-07
 -3.62884378546E-07
 -3.73662714992E-07
 -3.83863380193E-07
 -3.93385022335E-07
 -4.02121315801E-07
 -4.09961842252E-07
 -4.16793113800E-07
 -4.22499510933E-07
 -4.26964646749E-07
 -4.30072333302E-07
 -4.31708002679E-07
 -4.31760014408E-07
 -4.30120991268E-07
 -4.26689297228E-07
 -4.21370344839E-07
 -4.14078101585E-07
 -4.04736482551E-07
 -3.93280544131E-07
 -3.79657961957E-07
 -3.63830139349E-07
 -3.45773457866E-07
 -3.25480158381E-07
 -3.02959421106E-07
 -2.78238132978E-07
 -2.51361257142E-07
 -2.22392799287E-07
 -1.91415736595E-07
 -1.58532287742E-07
 -1.23863856061E-07
 -8.75508092690E-08
 -4.97519998532E-08
 -1.06441513381E-08
  2.95789952531E-08
  7.07076921458E-08
  1.12517454909E-07
  1.54770432914E-07
  1.97216976972E-07
  2.39597540030E-07
  2.81644361166E-07
  3.23083810372E-07
  3.63638292811E-07
  4.03028622031E-07
  4.40976464233E-07
  4.77206754113E-07
  5.11450082286E-07
  5.43445196399E-07
  5.72941530663E-07
  5.99701763804E-07
  6.23503922270E-07
  6.44144051876E-07
  6.61438036786E-07
  6.75224100632E-07
  6.85364398123E-07
  6.91746947723E-07
  6.94286995895E-07
  6.92928495027E-07
  6.87645297148E-07
  6.78441836044E-07
  6.65353638851E-07
  6.48447837648E-07
  6.27823169452E-07
  6.03609464633E-07
  5.75967476379E-07
  5.45087573300E-07
  5.11189170993E-07
  4.74518685678E-07
  4.35348312067E-07
  3.93973834889E-07
  3.50712497266E-07
  3.05900442754E-07
  2.59890271082E-07
  2.13047968600E-07
  1.65749966641E-07
  1.18380128811E-07
  7.13262551244E-08
  2.49769076532E-08
 -2.02820356066E-08
 -6.40708321953E-08
 -1.06019200530E-07
 -1.45769774917E-07
 -1.82981253261E-07
 -2.17331731278E-07
 -2.48521587309E-07
 -2.76276324485E-07
 -3.00349370264E-07
 -3.20524321751E-07
 -3.36617262064E-07
 -3.48478465639E-07
 -3.55994274059E-07
 -3.59088005553E-07
 -3.57721177124E-07
 -3.51893930883E-07
 -3.41645460367E-07
 -3.27053669480E-07
 -3.08234831436E-07
 -2.85342764528E-07
 -2.58567581568E-07
 -2.28134268809E-07
 -1.94300625367E-07
 -1.57355302122E-07
 -1.17615144291E-07
 -7.54225979449E-08
 -3.11425480959E-08
  1.48407952594E-08
  6.21273983370E-08
  1.10304966938E-07
  1.58952687457E-07
  2.07645015848E-07
  2.55955598050E-07
  3.03461177964E-07
  3.49745448602E-07
  3.94402945858E-07
  4.37042785961E-07
  4.77292246615E-07
  5.14800319706E-07
  5.49241065073E-07
  5.80316509513E-07
  6.07759488958E-07
  6.31336320112E-07
  6.50848903661E-07
  6.66136713789E-07
  6.77078105582E-07
  6.83591963480E-07
  6.85638099185E-07
  6.83217876940E-07
  6.76374327213E-07
  6.65191691951E-07
  6.49794685614E-07
  6.30347528841E-07
  6.07052413670E-07
  5.80147684559E-07
  5.49905621483E-07
  5.16629995673E-07
  4.80653454815E-07
  4.42334084028E-07
  4.02052563686E-07
  3.60208332495E-07
  3.17216063195E-07
  2.73501768788E-07
  2.29498922977E-07
  1.85644452699E-07
  1.42374560141E-07
  1.00120878699E-07
  5.93063020915E-08
  2.03411456567E-08
 -1.63807101217E-08
 -5.04854682504E-08
 -8.16229217548E-08
 -1.09469731058E-07
 -1.33732427798E-07
 -1.54150228582E-07
 -1.70497528984E-07
 -1.82585893072E-07
 -1.90266121081E-07
 -1.93429528395E-07
 -1.92009167677E-07
 -1.85980439937E-07
 -1.75361577703E-07
 -1.60213573963E-07
 -1.40639727420E-07
 -1.16784903526E-07
 -8.88344260375E-08
 -5.70124853994E-08
 -2.15803694914E-08
  1.71657372761E-08
  5.88972319804E-08
  1.03255807460E-07
  1.49856546727E-07
  1.98291047582E-07
  2.48130930913E-07
  2.98931439602E-07
  3.50235239921E-07
  4.01576073727E-07
  4.52482908031E-07
  5.02483715081E-07
  5.51109678781E-07
  5.97898747401E-07
  6.42399754724E-07
  6.84176313825E-07
  7.22810113984E-07
  7.57904501825E-07
  7.89088176134E-07
  8.16017575289E-07
  8.38380344703E-07
  8.55897667407E-07
  8.68326537784E-07
  8.75461978467E-07
  8.77138404576E-07
  8.73231499554E-07
  8.63658897288E-07
  8.48381034757E-07
  8.27401549941E-07
  8.00767168130E-07
  7.68567701925E-07
  7.30935255433E-07
  6.88043257924E-07
  6.40104985905E-07
  5.87372483096E-07
  5.30134400378E-07
  4.68713722057E-07
  4.03465662657E-07
  3.34774824751E-07
  2.63052527316E-07
  1.88733608297E-07
  1.12273419006E-07
  3.41443602281E-08
 -4.51674857516E-08
 -1.25165925624E-07
 -2.05348186455E-07
 -2.85208585638E-07
 -3.64242055184E-07
 -4.41947918262E-07
 -5.17833257163E-07
 -5.91416323914E-07
 -6.62230377202E-07
 -7.29826297174E-07
 -7.93776223418E-07
 -8.53676112911E-07
 -9.09148923256E-07
 -9.59846602200E-07
 -1.00545332771E-06
 -1.04568664483E-06
 -1.08029951207E-06
 -1.10908285933E-06
 -1.13186581530E-06
 -1.14851707167E-06
 -1.15894613373E-06
 -1.16310343401E-06
 -1.16098055969E-06
 -1.15261002520E-06
 -1.13806572699E-06
 -1.11746169296E-06
 -1.09095060452E-06
 -1.05872436507E-06
 -1.02101114408E-06
 -9.78074353952E-07
 -9.30210887873E-07
 -8.77748789208E-07
 -8.21045205157E-07
 -7.60483487738E-07
 -6.96471147421E-07
 -6.29436669897E-07
 -5.59826617064E-07
 -4.88102841700E-07
 -4.14738963173E-07
 -3.40217553685E-07
 -2.65026699253E-07
 -1.89656745420E-07
 -1.14597106915E-07
 -4.03328215270E-08
  3.26584910226E-08
  1.03909940208E-07
  1.72968398715E-07
  2.39397508039E-07
  3.02780563288E-07
  3.62723341141E-07
  4.18856586748E-07
  4.70838415367E-07
  5.18356614521E-07
  5.61130775623E-07
  5.98913914018E-07
  6.31494060599E-07
  6.58695796574E-07
  6.80381162965E-07
  6.96450683790E-07
  7.06843650278E-07
  7.11538746145E-07
  7.10553820227E-07
  7.03945943314E-07
  6.91810612352E-07
  6.74280897783E-07
  6.51526931961E-07
  6.23754090157E-07
  5.91201398947E-07
  5.54140399345E-07
  5.12872247782E-07
  4.67726181341E-07
  4.19056647161E-07
  3.67240915011E-07
  3.12676206704E-07
  2.55776740232E-07
  1.96970717070E-07
  1.36697195785E-07
  7.54027738026E-08
  1.35382851596E-08
 -4.84444697690E-08
 -1.10096102901E-07
 -1.70972967339E-07
 -2.30640409882E-07
 -2.88675977345E-07
 -3.44672713481E-07
 -3.98241837729E-07
 -4.49015914228E-07
 -4.96651466619E-07
 -5.40831422313E-07
 -5.81267443067E-07
 -6.17702255568E-07
 -6.49911100936E-07
 -6.77703837937E-07
 -7.00925738784E-07
 -7.19458910226E-07
 -7.33222805138E-07
 -7.42175075175E-07
 -7.46311343391E-07
 -7.45664863189E-07
 -7.40306859370E-07
 -7.30345050215E-07
 -7.15922908512E-07
 -6.97218126788E-07
 -6.74441196225E-07
 -6.47833473977E-07
 -6.17665023128E-07
 -5.84232054734E-07
 -5.47854654087E-07
 -5.08873938543E-07
 -4.67648817448E-07
 -4.24553320499E-07
 -3.79973016607E-07
 -3.34301944349E-07
 -2.87939087684E-07
 -2.41285135871E-07
 -1.94738902337E-07
 -1.48694056179E-07
 -1.03535725771E-07
 -5.96372728978E-08
 -1.73571379491E-08
  2.29641390348E-08
  6.10067658613E-08
  9.64743591680E-08
  1.29096363821E-07
  1.58630243163E-07
  1.84863424124E-07
  2.07615016734E-07
  2.26737114417E-07
  2.42115959281E-07
  2.53672652661E-07
  2.61363737764E-07
  2.65181142822E-07
  2.65152209522E-07
  2.61339124563E-07
  2.53838095432E-07
  2.42778156689E-07
  2.28320033102E-07
  2.10654178545E-07
  1.89998971223E-07
  1.66598482565E-07
  1.40720061381E-07
  1.12651733275E-07
  8.26993442615E-08
  5.11836901751E-08
  1.84373831758E-08
 -1.51982906260E-08
 -4.93766023624E-08
 -8.37486382466E-08
 -1.17966607149E-07
 -1.51687018501E-07
 -1.84573920592E-07
 -2.16301984324E-07
 -2.46559437755E-07
 -2.75050922482E-07
 -3.01500307387E-07
 -3.25652877109E-07
 -3.47277847368E-07
 -3.66170212374E-07
 -3.82152649081E-07
 -3.95076853010E-07
 -4.04824959332E-07
 -4.11310310255E-07
 -4.14478051880E-07
 -4.14305532104E-07
 -4.10802329043E-07
 -4.04009909971E-07
 -3.94001062887E-07
 -3.80878930173E-07
 -3.64776042261E-07
 -3.45852640748E-07
 -3.24295257315E-07
 -3.00314525248E-07
 -2.74143303614E-07
 -2.46034147722E-07
 -2.16256978547E-07
 -1.85096325822E-07
 -1.52848656398E-07
 -1.19819532074E-07
 -8.63206679469E-08
 -5.26670014267E-08
 -1.91737878907E-08
  1.38463400745E-08
  4.60862352725E-08
  7.72470016841E-08
  1.07040705188E-07
  1.35192934181E-07
  1.61445129265E-07
  1.85556899623E-07
  2.07308019640E-07
  2.26500290523E-07
  2.42959004026E-07
  2.56534548271E-07
  2.67103303031E-07
  2.74568634495E-07
  2.78861421066E-07
  2.79940394421E-07
  2.77792338466E-07
  2.72431805115E-07
  2.63900659547E-07
  2.52267483347E-07
  2.37626551325E-07
  2.20096865178E-07
  1.99820732405E-07
  1.76962146270E-07
  1.51705251028E-07
  1.24252366618E-07
  9.48220417740E-08
  6.36469366100E-08
  3.09716803315E-08
 -2.94942115175E-09
 -3.78546687330E-08
 -7.34772882538E-08
 -1.09547727334E-07
 -1.45795937101E-07
 -1.81953652145E-07
 -2.17756479515E-07
 -2.52946080082E-07
 -2.87272001742E-07
 -3.20493739991E-07
 -3.52382187430E-07
 -3.82721509595E-07
 -4.11310253412E-07
 -4.37962796696E-07
 -4.62510229227E-07
 -4.84801375933E-07
 -5.04703450588E-07
 -5.22102425293E-07
 -5.36903598913E-07
 -5.49031483388E-07
 -5.58429803732E-07
 -5.65061384350E-07
 -5.68907807974E-07
 -5.69968733544E-07
 -5.68261270928E-07
 -5.63819128274E-07
 -5.56692043574E-07
 -5.46944306734E-07
 -5.34653793238E-07
 -5.19911168340E-07
 -5.02818124914E-07
 -4.83486473968E-07
 -4.62036808813E-07
 -4.38597254515E-07
 -4.13302046809E-07
 -3.86290508914E-07
 -3.57705687293E-07
 -3.27693214786E-07
 -2.96400315847E-07
 -2.63974726522E-07
 -2.30563713899E-07
 -1.96313209244E-07
 -1.61367225360E-07
 -1.25866947087E-07
 -8.99503191931E-08
 -5.37515525423E-08
 -1.74007368514E-08
  1.89763955660E-08
  5.52586705282E-08
  9.13295039595E-08
  1.27076958734E-07
  1.62393604342E-07
  1.97176433403E-07
  2.31326595213E-07
  2.64749104417E-07
  2.97352642065E-07
  3.29049242964E-07
  3.59753784096E-07
  3.89383643551E-07
  4.17858757373E-07
  4.45100653224E-07
  4.71032620908E-07
  4.95579229209E-07
  5.18666240623E-07
  5.40220185030E-07
  5.60168700758E-07
  5.78439824039E-07
  5.94962614286E-07
  6.09667040408E-07
  6.22484151336E-07
  6.33346189716E-07
  6.42187160338E-07
  6.48943171200E-07
  6.53552774565E-07
  6.55957876461E-07
  6.56103736674E-07
  6.53940332995E-07
  6.49422759125E-07
  6.42511736260E-07
  6.33175034181E-07
  6.21387641786E-07
  6.07132790265E-07
  5.90403203660E-07
  5.71201098865E-07
  5.49539720396E-07
  5.25443454080E-07
  4.98948963923E-07
  4.70105419481E-07
  4.38975234829E-07
  4.05634409617E-07
  3.70172983821E-07
  3.32695151428E-07
  2.93319232014E-07
  2.52177983384E-07
  2.09418146824E-07
  1.65200276570E-07
  1.19698341905E-07
  7.30990592501E-08
  2.56012562261E-08
 -2.25849809965E-08
 -7.12393415370E-08
 -1.20132341408E-07
 -1.69026634467E-07
 -2.17678291392E-07
 -2.65838338009E-07
 -3.13254275852E-07
 -3.59671673777E-07
 -4.04836015377E-07
 -4.48494290595E-07
 -4.90396985242E-07
 -5.30299871571E-07
 -5.67965628306E-07
 -6.03166142810E-07
 -6.35683704786E-07
 -6.65313507398E-07
 -6.91864727287E-07
 -7.15162400411E-07
 -7.35049127343E-07
 -7.51386210140E-07
 -7.64055073432E-07
 -7.72958742346E-07
 -7.78022183567E-07
 -7.79193953804E-07
 -7.76446370310E-07
 -7.69776249854E-07
 -7.59205136092E-07
 -7.44779526940E-07
 -7.26570760889E-07
 -7.04674960161E-07
 -6.79212121213E-07
 -6.50326114737E-07
 -6.18183207735E-07
 -5.82971722451E-07
 -5.44900274235E-07
 -5.04196634665E-07
 -4.61106338889E-07
 -4.15890951899E-07
 -3.68826079011E-07
 -3.20199745829E-07
 -2.70310266615E-07
 -2.19464070028E-07
 -1.67973652765E-07
 -1.16155355556E-07
 -6.43269828515E-08
 -1.28057413562E-08
  3.80941784783E-08
  8.80637500700E-08
  1.36801332928E-07
  1.84014737670E-07
  2.29423406495E-07
  2.72760246389E-07
  3.13773483640E-07
  3.52228482825E-07
  3.87909210531E-07
  4.20619699071E-07
  4.50185439149E-07
  4.76454204090E-07
  4.99297300394E-07
  5.18610022482E-07
  5.34312448508E-07
  5.46349383512E-07
  5.54691155230E-07
  5.59333045658E-07
  5.60295063678E-07
  5.57622172437E-07
  5.51382754566E-07
  5.41668612186E-07
  5.28593716353E-07
  5.12293070187E-07
  4.92921742534E-07
  4.70653020557E-07
  4.45677500238E-07
  4.18201096863E-07
  3.88443396560E-07
  3.56636093102E-07
  3.23020856285E-07
  2.87847740310E-07
  2.51373052151E-07
  2.13857546782E-07
  1.75564480287E-07
  1.36757677183E-07
  9.76996048507E-08
  5.86496540222E-08
  1.98622309711E-08
 -1.84148589710E-08
 -5.59421096114E-08
 -9.24897918253E-08
 -1.27839413722E-07
 -1.61785024488E-07
 -1.94134457843E-07
 -2.24710262842E-07
 -2.53350833646E-07
 -2.79911063217E-07
 -3.04263011230E-07
 -3.26296600406E-07
 -3.45919602296E-07
 -3.63058347830E-07
 -3.77657443096E-07
 -3.89679911450E-07
 -3.99107022986E-07
 -4.05937754522E-07
 -4.10188761180E-07
 -4.11893438468E-07
 -4.11101524378E-07
 -4.07878189890E-07
 -4.02303300007E-07
 -3.94470390574E-07
 -3.84485758786E-07
 -3.72467297893E-07
 -3.58543445600E-07
 -3.42851961932E-07
 -3.25538678680E-07
 -3.06756561486E-07
 -2.86664032956E-07
 -2.65424034751E-07
 -2.43202720185E-07
 -2.20168132614E-07
 -1.96489139626E-07
 -1.72334182480E-07
 -1.47870125033E-07
 -1.23261216345E-07
 -9.86680035453E-08
 -7.42463939218E-08
 -5.01467027902E-08
 -2.65128150545E-08
 -3.48140716255E-09
  1.88187563310E-08
  4.02674622535E-08
  6.07535852737E-08
  8.01755604130E-08
  9.84417667382E-08
  1.15470875528E-07
  1.31191995933E-07
  1.45544902352E-07
  1.58480062851E-07
  1.69958639162E-07
  1.79952451163E-07
  1.88443706861E-07
  1.95424973981E-07
  2.00898753633E-07
  2.04877196097E-07
  2.07381759765E-07
  2.08442671124E-07
  2.08098541066E-07
  2.06395768032E-07
  2.03388040632E-07
  1.99135683943E-07
  1.93705147922E-07
  1.87168225807E-07
  1.79601542527E-07
  1.71085829948E-07
  1.61705258961E-07
  1.51546814209E-07
  1.40699611961E-07
  1.29254232206E-07
  1.17302136005E-07
  1.04934962053E-07
  9.22440008821E-08
  7.93195980009E-08
  6.62505854621E-08
  5.31237809298E-08
  4.00234974052E-08
  2.70311133477E-08
  1.42246383561E-08
  1.67835134679E-09
 -1.05375255188E-08
 -2.23571205993E-08
 -3.37191536914E-08
 -4.45671375360E-08
 -5.48495435737E-08
 -6.45199094151E-08
 -7.35369170002E-08
 -8.18644139144E-08
 -8.94714276001E-08
 -9.63320729852E-08
 -1.02425552484E-07
 -1.07735900201E-07
 -1.12251967721E-07
 -1.15967161207E-07
 -1.18879270872E-07
 -1.20990179653E-07
 -1.22305692685E-07
 -1.22835160710E-07
 -1.22591302443E-07
 -1.21589792457E-07
 -1.19849019597E-07
 -1.17389809873E-07
 -1.14235000126E-07
 -1.10409217768E-07
 -1.05938532613E-07
 -1.00850201079E-07
 -9.51723251319E-08
 -8.89336320142E-08
 -8.21631829240E-08
 -7.48901740621E-08
 -6.71436879429E-08
 -5.89525548378E-08
 -5.03451182965E-08
 -4.13491747508E-08
 -3.19918065372E-08
 -2.22993321586E-08
 -1.22972414474E-08
 -2.01015559753E-09
  8.53816040092E-09
  1.93247782221E-08
  3.03275697888E-08
  4.15251228958E-08
  5.28966666025E-08
  6.44219468882E-08
  7.60811502687E-08
  8.78547155025E-08
  9.97232234567E-08
  1.11667262104E-07
  1.23667248886E-07
  1.35703302817E-07
  1.47755102375E-07
  1.59801800237E-07
  1.71821739059E-07
  1.83792593589E-07
  1.95691100657E-07
  2.07493016546E-07
  2.19173145410E-07
  2.30705282434E-07
  2.42062213829E-07
  2.53215773682E-07
  2.64136957639E-07
  2.74795894484E-07
  2.85162229829E-07
  2.95204984013E-07
  3.04892978420E-07
  3.14195006013E-07
  3.23079973441E-07
  3.31517384211E-07
  3.39477480793E-07
  3.46931528838E-07
  3.53852357193E-07
  3.60214471584E-07
  3.65994509366E-07
  3.71171609004E-07
  3.75727779556E-07
  3.79647985937E-07
  3.82920887887E-07
  3.85538754699E-07
  3.87497948395E-07
  3.88799207940E-07
  3.89447649241E-07
  3.89453077787E-07
  3.88830187603E-07
  3.87598419138E-07
  3.85782129797E-07
  3.83410537097E-07
  3.80517661824E-07
  3.77142043817E-07
  3.73326741965E-07
  3.69118822618E-07
  3.64569217481E-07
  3.59732155175E-07
  3.54664933866E-07
  3.49427324409E-07
  3.44080831383E-07
  3.38688408874E-07
  3.33313579404E-07
  3.28019950757E-07
  3.22870363334E-07
  3.17926179605E-07
  3.13246744099E-07
  3.08888473910E-07
  3.04904176573E-07
  3.01342282683E-07
  2.98246391139E-07
  2.95654245974E-07
  2.93597537393E-07
  2.92100992283E-07
  2.91182061574E-07
  2.90850550755E-07
  2.91108023021E-07
  2.91947770847E-07
  2.93354531777E-07
  2.95304431575E-07
  2.97764955803E-07
  3.00695091937E-07
  3.04045613575E-07
  3.07759336238E-07
  3.11771515271E-07
  3.16010527968E-07
  3.20398356735E-07
  3.24851470168E-07
  3.29281476752E-07
  3.33596261726E-07
  3.37700782893E-07
  3.41498264333E-07
  3.44891162740E-07
  3.47782560084E-07
  3.50077101530E-07
  3.51682473365E-07
