  3.69951607126E-08
  4.62758968922E-08
  5.54673391662E-08
  6.45523030585E-08
  7.35137177799E-08
  8.23346582024E-08
  9.09984194664E-08
  9.94884530314E-08
  1.07788480364E-07
  1.15882436091E-07
  1.23754588799E-07
  1.31389498392E-07
  1.38772122682E-07
  1.45887796066E-07
  1.52722350322E-07
  1.59261986710E-07
  1.65493588611E-07
  1.71404536786E-07
  1.76982865696E-07
  1.82217249289E-07
  1.87097114690E-07
  1.91612656408E-07
  1.95754850552E-07
  1.99515483246E-07
  2.02887278533E-07
  2.05863827318E-07
  2.08439644211E-07
  2.10610252793E-07
  2.12372057717E-07
  2.13722543663E-07
  2.14660076381E-07
  2.15184059016E-07
  2.15294875261E-07
  2.14993818304E-07
  2.14283119249E-07
  2.13165961327E-07
  2.11646323578E-07
  2.09729094536E-07
  2.07419830645E-07
  2.04724912578E-07
  2.01651374709E-07
  1.98206834057E-07
  1.94399504494E-07
  1.90238097275E-07
  1.85731721558E-07
  1.80889884405E-07
  1.75722419726E-07
  1.70239374597E-07
  1.64451023466E-07
  1.58367839731E-07
  1.52000311004E-07
  1.45359052794E-07
  1.38454666399E-07
  1.31297852590E-07
  1.23899226878E-07
  1.16269404771E-07
  1.08419015987E-07
  1.00358668931E-07
  9.20989933206E-08
  8.36506615087E-08
  7.50244169012E-08
  6.62311236965E-08
  5.72818095179E-08
  4.81877435732E-08
  3.89604792872E-08
  2.96119129217E-08
  2.01543759459E-08
  1.06006945444E-08
  9.64251345437E-10
 -8.74092354053E-09
 -1.85001045594E-08
 -2.82977872246E-08
 -3.81176583630E-08
 -4.79425139588E-08
 -5.77542493829E-08
 -6.75337972211E-08
 -7.72611201683E-08
 -8.69152358973E-08
 -9.64741531106E-08
 -1.05914999438E-07
 -1.15213943275E-07
 -1.24346328789E-07
 -1.33286718551E-07
 -1.42009000115E-07
 -1.50486442863E-07
 -1.58691904062E-07
 -1.66597885709E-07
 -1.74176705059E-07
 -1.81400721999E-07
 -1.88242381682E-07
 -1.94674569798E-07
 -2.00670683626E-07
 -2.06204902042E-07
 -2.11252327631E-07
 -2.15789270896E-07
 -2.19793435008E-07
 -2.23244114750E-07
 -2.26122381264E-07
 -2.28411337844E-07
 -2.30096205200E-07
 -2.31164605680E-07
 -2.31606648526E-07
 -2.31415100416E-07
 -2.30585456507E-07
 -2.29116110972E-07
 -2.27008371212E-07
 -2.24266528903E-07
 -2.20897902636E-07
 -2.16912781070E-07
 -2.12324437143E-07
 -2.07149099651E-07
 -2.01405754297E-07
 -1.95116186319E-07
 -1.88304667859E-07
 -1.80997929533E-07
 -1.73224933064E-07
 -1.65016672327E-07
 -1.56405874918E-07
 -1.47426860053E-07
 -1.38115211712E-07
 -1.28507565478E-07
 -1.18641253266E-07
 -1.08554104372E-07
 -9.82840901997E-08
 -8.78691324147E-08
 -7.73466908299E-08
 -6.67536568244E-08
 -5.61259838605E-08
 -4.54984849796E-08
 -3.49046231918E-08
 -2.43762947605E-08
 -1.39436568958E-08
 -3.63497743017E-09
  6.52349108066E-09
  1.65076059488E-08
  2.62954049646E-08
  3.58671456979E-08
  4.52052937305E-08
  5.42945350901E-08
  6.31216892089E-08
  7.16756574093E-08
  7.99473056645E-08
  8.79293367007E-08
  9.56161301247E-08
  1.03003621632E-07
  1.10089054317E-07
  1.16870815248E-07
  1.23348243619E-07
  1.29521410486E-07
  1.35390891387E-07
  1.40957595818E-07
  1.46222504327E-07
  1.51186583253E-07
  1.55850486294E-07
  1.60214511880E-07
  1.64278375792E-07
  1.68041097481E-07
  1.71501014279E-07
  1.74655568230E-07
  1.77501433996E-07
  1.80034362529E-07
  1.82249308978E-07
  1.84140446891E-07
  1.85701324540E-07
  1.86924836498E-07
  1.87803493645E-07
  1.88329593698E-07
  1.88495349107E-07
  1.88293100223E-07
  1.87715556876E-07
  1.86756054177E-07
  1.85408737252E-07
  1.83668888099E-07
  1.81533096111E-07
  1.78999485456E-07
  1.76068013502E-07
  1.72740584503E-07
  1.69021262764E-07
  1.64916443168E-07
  1.60434950658E-07
  1.55588125494E-07
  1.50389936948E-07
  1.44856855400E-07
  1.39007937605E-07
  1.32864713009E-07
  1.26451055849E-07
  1.19792971986E-07
  1.12918478123E-07
  1.05857225208E-07
  9.86402994840E-08
  9.12998388003E-08
  8.38686418092E-08
  7.63798269077E-08
  6.88663206461E-08
  6.13605095623E-08
  5.38937179329E-08
  4.64957778945E-08
  3.91945711442E-08
  3.20155670863E-08
  2.49814213760E-08
  1.81115655806E-08
  1.14218403624E-08
  4.92417129294E-09
 -1.37369660091E-09
 -7.46842143684E-09
 -1.33612179098E-08
 -1.90579427795E-08
 -2.45691023082E-08
 -2.99098026346E-08
 -3.50995890130E-08
 -4.01622379798E-08
 -4.51254287270E-08
 -5.00203789500E-08
 -5.48813758883E-08
 -5.97452114448E-08
 -6.46505782242E-08
 -6.96374229392E-08
 -7.47461754713E-08
 -8.00169672743E-08
 -8.54888071444E-08
 -9.11987498853E-08
 -9.71810081296E-08
 -1.03466078372E-07
 -1.10079867000E-07
 -1.17042866066E-07
 -1.24369307741E-07
 -1.32066446668E-07
 -1.40133849413E-07
 -1.48562691038E-07
 -1.57335392714E-07
 -1.66425053294E-07
 -1.75795193513E-07
 -1.85399528618E-07
 -1.95181968365E-07
 -2.05076659654E-07
 -2.15008213900E-07
 -2.24892175993E-07
 -2.34635393781E-07
 -2.44136913352E-07
 -2.53288732210E-07
 -2.61976623506E-07
 -2.70081613962E-07
 -2.77481063904E-07
 -2.84049946231E-07
 -2.89662523301E-07
 -2.94193966965E-07
 -2.97521808079E-07
 -2.99527982861E-07
 -3.00100310824E-07
 -2.99134455872E-07
 -2.96535688449E-07
 -2.92220590836E-07
 -2.86118790882E-07
 -2.78174638879E-07
 -2.68348628651E-07
 -2.56618733374E-07
 -2.42981997189E-07
 -2.27455103641E-07
 -2.10075683071E-07
 -1.90902667896E-07
 -1.70016946299E-07
 -1.47521362237E-07
 -1.23540715435E-07
 -9.82214345413E-08
 -7.17308381581E-08
 -4.42563319325E-08
 -1.60041366826E-08
  1.28021744317E-08
  4.19234247317E-08
  7.11068750547E-08
  1.00088456634E-07
  1.28595303295E-07
  1.56348434643E-07
  1.83065679948E-07
  2.08464726370E-07
  2.32266316402E-07
  2.54197459526E-07
  2.73994828603E-07
  2.91408156272E-07
  3.06203503442E-07
  3.18166513580E-07
  3.27105681208E-07
  3.32855364604E-07
  3.35278599550E-07
  3.34269742552E-07
  3.29756915107E-07
  3.21704021644E-07
  3.10112426405E-07
  2.95022317687E-07
  2.76513929975E-07
  2.54707771319E-07
  2.29764850701E-07
  2.01886408036E-07
  1.71312990460E-07
  1.38323173360E-07
  1.03231819537E-07
  6.63877770535E-08
  2.81711844963E-08
 -1.10097078121E-08
 -5.07221358248E-08
 -9.05128132445E-08
 -1.29912336888E-07
 -1.68439839854E-07
 -2.05608031933E-07
 -2.40928443418E-07
 -2.73916754168E-07
 -3.04098506376E-07
 -3.31014689436E-07
 -3.54227466914E-07
 -3.73325576675E-07
 -3.87930214174E-07
 -3.97700063104E-07
 -4.02336667094E-07
 -4.01589005605E-07
 -3.95258155095E-07
 -3.83201324894E-07
 -3.65335239394E-07
 -3.41639292856E-07
 -3.12158221050E-07
 -2.77003579185E-07
 -2.36355177208E-07
 -1.90461491911E-07
 -1.39639553254E-07
 -8.42738856477E-08
 -2.48149074622E-08
  3.82235079144E-08
  1.04267208201E-07
  1.72685616917E-07
  2.42796346583E-07
  3.13870486934E-07
  3.85138349657E-07
  4.55796282495E-07
  5.25013263086E-07
  5.91938999150E-07
  6.55711119180E-07
  7.15464068435E-07
  7.70337635458E-07
  8.19485080683E-07
  8.62082856656E-07
  8.97338793493E-07
  9.24501250665E-07
  9.42867700360E-07
  9.51793253989E-07
  9.50698392899E-07
  9.39076983286E-07
  9.16503267945E-07
  8.82638460098E-07
  8.37236598272E-07
  7.80149832735E-07
  7.11332688752E-07
  6.30845420346E-07
  5.38857250376E-07
  4.35647223185E-07
  3.21605398312E-07
  1.97232395749E-07
  6.31379961646E-08
 -7.99611612479E-08
 -2.31245010696E-07
 -3.89794450939E-07
 -5.54596681468E-07
 -7.24551739495E-07
 -8.98479470379E-07
 -1.07512778413E-06
 -1.25318149458E-06
 -1.43127192587E-06
 -1.60798731486E-06
 -1.78188304290E-06
 -1.95149391402E-06
 -2.11534506889E-06
 -2.27196414926E-06
 -2.41989300775E-06
 -2.55770055446E-06
 -2.68399480774E-06
 -2.79743426290E-06
 -2.89674017040E-06
 -2.98070744975E-06
 -3.04821674035E-06
 -3.09824304168E-06
 -3.12986685458E-06
 -3.14228236675E-06
 -3.13480586556E-06
 -3.10688301397E-06
 -3.05809453494E-06
 -2.98816325994E-06
 -2.89695549327E-06
 -2.78448624158E-06
 -2.65092035079E-06
 -2.49657341556E-06
 -2.32191109717E-06
 -2.12754707718E-06
 -1.91424192053E-06
 -1.68289670910E-06
 -1.43454985846E-06
 -1.17037029668E-06
 -8.91650017820E-07
 -5.99795896505E-07
 -2.96321189808E-07
  1.71651457492E-08
  3.38968646929E-07
  6.67321160108E-07
  1.00039244444E-06
  1.33630283017E-06
  1.67313623933E-06
  2.00895306079E-06
  2.34180356529E-06
  2.66974166152E-06
  2.99083762911E-06
  3.30319198838E-06
  3.60494914275E-06
  3.89430852010E-06
  4.16953798776E-06
  4.42898590336E-06
  4.67109202873E-06
  4.89439798912E-06
  5.09755591338E-06
  5.27934116690E-06
  5.43865553482E-06
  5.57453904548E-06
  5.68617133467E-06
  5.77288165005E-06
  5.83415021538E-06
  5.86961095905E-06
  5.87905606153E-06
  5.86243322687E-06
  5.81984932069E-06
  5.75156627747E-06
  5.65799791730E-06
  5.53971131012E-06
  5.39741677130E-06
  5.23196695212E-06
  5.04434819959E-06
  4.83567191623E-06
  4.60717046735E-06
  4.36018626715E-06
  4.09616177421E-06
  3.81663176086E-06
  3.52320989805E-06
  3.21757897837E-06
  2.90148113891E-06
  2.57670330939E-06
  2.24506720770E-06
  1.90841728909E-06
  1.56860664902E-06
  1.22748792819E-06
  8.86898590124E-07
  5.48651030385E-07
  2.14519943142E-07
 -1.13768393817E-07
 -4.34546990391E-07
 -7.46218347558E-07
 -1.04726450445E-06
 -1.33625542276E-06
 -1.61185846537E-06
 -1.87284535969E-06
 -2.11809947359E-06
 -2.34662161347E-06
 -2.55753525380E-06
 -2.75009210782E-06
 -2.92367394650E-06
 -3.07779578179E-06
 -3.21210814036E-06
 -3.32639660883E-06
 -3.42058183378E-06
 -3.49471906702E-06
 -3.54899475496E-06
 -3.58372426490E-06
 -3.59934733751E-06
 -3.59642353942E-06
 -3.57562589670E-06
 -3.53773543793E-06
 -3.48363323610E-06
 -3.41429245054E-06
 -3.33076968673E-06
 -3.23419703818E-06
 -3.12577026307E-06
 -3.00674128084E-06
 -2.87840612145E-06
 -2.74209492090E-06
 -2.59916077994E-06
 -2.45096998697E-06
 -2.29888951253E-06
 -2.14427791434E-06
 -1.98847351385E-06
 -1.83278461918E-06
 -1.67847963439E-06
 -1.52677728238E-06
 -1.37883796469E-06
 -1.23575478028E-06
 -1.09854613584E-06
 -9.68148810898E-07
 -8.45411364025E-07
 -7.31089187411E-07
 -6.25839618351E-07
 -5.30218869699E-07
 -4.44678619260E-07
 -3.69565441360E-07
 -3.05119556288E-07
 -2.51475427149E-07
 -2.08663138324E-07
 -1.76610910785E-07
 -1.55148370595E-07
 -1.44010797953E-07
 -1.42844456263E-07
 -1.51212404376E-07
 -1.68601317796E-07
 -1.94428878331E-07
 -2.28051888485E-07
 -2.68774641654E-07
 -3.15858073918E-07
 -3.68528901618E-07
 -4.25989128416E-07
 -4.87425722895E-07
 -5.52020082978E-07
 -6.18957642473E-07
 -6.87436852331E-07
 -7.56678502967E-07
 -8.25933682336E-07
 -8.94491961390E-07
 -9.61688556345E-07
 -1.02691103621E-06
 -1.08960421130E-06
 -1.14927604500E-06
 -1.20550089378E-06
 -1.25792189465E-06
 -1.30625335260E-06
 -1.35028108161E-06
 -1.38986194997E-06
 -1.42492251598E-06
 -1.45545641317E-06
 -1.48152003021E-06
 -1.50322830450E-06
 -1.52074994730E-06
 -1.53429903094E-06
 -1.54412919073E-06
 -1.55052487116E-06
 -1.55379336775E-06
 -1.55425470894E-06
 -1.55223335696E-06
 -1.54804808972E-06
 -1.54200245106E-06
 -1.53437497374E-06
 -1.52541065290E-06
 -1.51531094161E-06
 -1.50422636125E-06
 -1.49224865709E-06
 -1.47940363604E-06
 -1.46564593706E-06
 -1.45085368786E-06
 -1.43482611747E-06
 -1.41728014569E-06
 -1.39785072406E-06
 -1.37609094963E-06
 -1.35147467972E-06
 -1.32340085202E-06
 -1.29119791836E-06
 -1.25413180285E-06
 -1.21141385989E-06
 -1.16221167445E-06
 -1.10565974865E-06
 -1.04087314412E-06
 -9.66960442383E-07
 -8.83039888322E-07
 -7.88254624240E-07
 -6.81789458667E-07
 -5.62888317290E-07
 -4.30871267554E-07
 -2.85152452761E-07
 -1.25257272998E-07
  4.91606932940E-08
  2.38303201172E-07
  4.42212098051E-07
  6.60754778892E-07
  8.93611741049E-07
  1.14026477149E-06
  1.39998837767E-06
  1.67184134625E-06
  1.95466327568E-06
  2.24707014240E-06
  2.54745600614E-06
  2.85399505628E-06
  3.16464638672E-06
  3.47716445503E-06
  3.78910863219E-06
  4.09785889133E-06
  4.40063058704E-06
  4.69449923912E-06
  4.97641985930E-06
  5.24325014339E-06
  5.49178548681E-06
  5.71878263145E-06
  5.92099331698E-06
  6.09520066064E-06
  6.23824871582E-06
  6.34708430880E-06
  6.41879023533E-06
  6.45062345939E-06
  6.44005058348E-06
  6.38478695691E-06
  6.28282850812E-06
  6.13248812442E-06
  5.93242702962E-06
  5.68168479731E-06
  5.37970754522E-06
  5.02636703459E-06
  4.62199068352E-06
  4.16736838815E-06
  3.66377412320E-06
  3.11296730615E-06
  2.51720075539E-06
  1.87921943962E-06
  1.20225217870E-06
  4.90002321385E-07
 -2.53369336178E-07
 -1.02326578144E-06
 -1.81468101346E-06
 -2.62223102254E-06
 -3.44019122167E-06
 -4.26253745900E-06
 -5.08299035573E-06
 -5.89506817050E-06
 -6.69213659421E-06
 -7.46746582081E-06
 -8.21429239295E-06
 -8.92587831913E-06
 -9.59557382885E-06
 -1.02168851299E-05
 -1.07835339804E-05
 -1.12895231723E-05
 -1.17292047435E-05
 -1.20973363664E-05
 -1.23891450130E-05
 -1.26003778860E-05
 -1.27273642647E-05
 -1.27670591610E-05
 -1.27170887936E-05
 -1.25757906062E-05
 -1.23422469187E-05
 -1.20163094834E-05
 -1.15986240417E-05
 -1.10906394184E-05
 -1.04946166175E-05
 -9.81362609309E-06
 -9.05153683561E-06
 -8.21300091047E-06
 -7.30342753741E-06
 -6.32895125818E-06
 -5.29638919033E-06
 -4.21319418820E-06
 -3.08740027322E-06
 -1.92756078832E-06
 -7.42679901578E-07
  4.57860238612E-07
  1.66437860116E-06
  2.86697763840E-06
  4.05563014283E-06
  5.22026903127E-06
  6.35087735645E-06
  7.43758300814E-06
  8.47074988997E-06
  9.44107159739E-06
  1.03396596387E-05
  1.11581384772E-05
  1.18887182907E-05
  1.25242886497E-05
  1.30584885483E-05
  1.34857737066E-05
  1.38014838740E-05
  1.40018992170E-05
  1.40842839755E-05
  1.40469292091E-05
  1.38891819006E-05
  1.36114631459E-05
  1.32152854349E-05
  1.27032453747E-05
  1.20790200526E-05
  1.13473433885E-05
  1.05139788502E-05
  9.58567852649E-06
  8.57013128552E-06
  7.47590547689E-06
  6.31238026472E-06
  5.08966968482E-06
  3.81853533327E-06
  2.51029905485E-06
  1.17673982913E-06
 -1.70004099687E-07
 -1.51754659328E-06
 -2.85336318484E-06
 -4.16490502175E-06
 -5.43971373190E-06
 -6.66553523843E-06
 -7.83043924457E-06
 -8.92292337085E-06
 -9.93203138933E-06
 -1.08474505396E-05
 -1.16596202133E-05
 -1.23598183563E-05
 -1.29402533275E-05
 -1.33941448439E-05
 -1.37157876452E-05
 -1.39006197060E-05
 -1.39452677104E-05
 -1.38475934364E-05
 -1.36067183121E-05
 -1.32230406962E-05
 -1.26982458823E-05
 -1.20353006423E-05
 -1.12384295790E-05
 -1.03130942080E-05
 -9.26594657358E-06
 -8.10478104540E-06
 -6.83846883476E-06
 -5.47688932784E-06
 -4.03084368372E-06
 -2.51196843237E-06
 -9.32633099637E-07
  6.94163247772E-07
  2.35490460909E-06
  4.03567582907E-06
  5.72228100282E-06
  7.40037103242E-06
  9.05556498765E-06
  1.06735778900E-05
  1.22403471323E-05
  1.37421548061E-05
  1.51657477545E-05
  1.64984521689E-05
  1.77282945515E-05
  1.88440935744E-05
  1.98355610337E-05
  2.06934073503E-05
  2.14093979594E-05
  2.19764442591E-05
  2.23886581807E-05
  2.26413994824E-05
  2.27313194046E-05
  2.26563915930E-05
  2.24159193749E-05
  2.20105466724E-05
  2.14422489080E-05
  2.07143184525E-05
  1.98313209694E-05
  1.87990699487E-05
  1.76245594048E-05
  1.63159147633E-05
  1.48823110067E-05
  1.33338935484E-05
  1.16816909213E-05
  9.93752109935E-06
  8.11388599686E-06
  6.22386278337E-06
  4.28099519922E-06
  2.29917804973E-06
  2.92540619284E-07
 -1.72467230186E-06
 -3.73821717403E-06
 -5.73396800974E-06
 -7.69803136791E-06
 -9.61685782386E-06
 -1.14773456517E-05
 -1.32669456434E-05
 -1.49737597894E-05
 -1.65866185853E-05
 -1.80951792572E-05
 -1.94899839698E-05
 -2.07625325856E-05
 -2.19053381443E-05
 -2.29119650612E-05
 -2.37770746025E-05
 -2.44964503509E-05
 -2.50670054811E-05
 -2.54867973126E-05
 -2.57550218521E-05
 -2.58719937847E-05
 -2.58391319221E-05
 -2.56589282799E-05
 -2.53348971455E-05
 -2.48715332418E-05
 -2.42742535193E-05
 -2.35493389482E-05
 -2.27038617595E-05
 -2.17456090468E-05
 -2.06830045499E-05
 -1.95250340767E-05
 -1.82811490959E-05
 -1.69611867022E-05
 -1.55752786668E-05
 -1.41337586683E-05
 -1.26470849864E-05
 -1.11257422759E-05
 -9.58016153163E-06
 -8.02064096206E-06
 -6.45726004223E-06
 -4.89981084684E-06
 -3.35772665494E-06
 -1.84001771686E-06
 -3.55212932845E-07
  1.08869414817E-06
  2.48429000749E-06
  3.82478174288E-06
  5.10402924192E-06
  6.31657167105E-06
  7.45764600651E-06
  8.52319863043E-06
  9.50989215198E-06
  1.04151031337E-05
  1.12369125418E-05
  1.19740961964E-05
  1.26261002151E-05
  1.31930210046E-05
  1.36755716085E-05
  1.40750507853E-05
  1.43932993524E-05
  1.46326674439E-05
  1.47959617607E-05
  1.48864028233E-05
  1.49075749505E-05
  1.48633798744E-05
  1.47579794429E-05
  1.45957537825E-05
  1.43812421811E-05
  1.41191030707E-05
  1.38140558192E-05
  1.34708461701E-05
  1.30941898533E-05
  1.26887416627E-05
  1.22590490719E-05
  1.18095222206E-05
  1.13443993541E-05
  1.08677168100E-05
  1.03832862806E-05
  9.89467025647E-06
  9.40517293202E-06
  8.91781292012E-06
  8.43532507133E-06
  7.96015046944E-06
  7.49442961023E-06
  7.04000922269E-06
  6.59844226902E-06
  6.17099658484E-06
  5.75866215513E-06
  5.36216657565E-06
  4.98198687637E-06
  4.61836452814E-06
  4.27132863479E-06
  3.94070639231E-06
  3.62615264748E-06
  3.32716422236E-06
  3.04310310639E-06
  2.77321851172E-06
  2.51666710938E-06
  2.27253462981E-06
  2.03985518965E-06
  1.81763164164E-06
  1.60485319611E-06
  1.40051258768E-06
  1.20362153666E-06
  1.01322575574E-06
  8.28416432341E-07
  6.48342279419E-07
  4.72217891456E-07
  2.99331645692E-07
  1.29051699105E-07
 -3.91702705826E-08
 -2.05796283126E-07
 -3.71201281268E-07
 -5.35673507329E-07
 -6.99416659700E-07
 -8.62552724357E-07
 -1.02512638023E-06
 -1.18711045616E-06
 -1.34841150157E-06
 -1.50887717609E-06
 -1.66830307080E-06
 -1.82644021152E-06
 -1.98300404008E-06
 -2.13768043977E-06
 -2.29013562603E-06
 -2.44002285399E-06
 -2.58698992184E-06
 -2.73068599199E-06
 -2.87076863970E-06
 -3.00690953736E-06
 -3.13879922942E-06
 -3.26615190716E-06
 -3.38870995620E-06
 -3.50624463863E-06
 -3.61856086784E-06
 -3.72549720851E-06
 -3.82692678613E-06
 -3.92275569538E-06
 -4.01292481911E-06
 -4.09740596297E-06
 -4.17620140070E-06
 -4.24933887189E-06
 -4.31687021774E-06
 -4.37886819782E-06
 -4.43542057837E-06
 -4.48662922281E-06
 -4.53260236100E-06
 -4.57345277027E-06
 -4.60929368273E-06
 -4.64023378299E-06
 -4.66637175123E-06
 -4.68779853691E-06
 -4.70458735435E-06
 -4.71679550174E-06
 -4.72445890409E-06
 -4.72759302284E-06
 -4.72619194625E-06
 -4.72022202302E-06
 -4.70962913823E-06
 -4.69433416583E-06
 -4.67423478767E-06
 -4.64920867671E-06
 -4.61911258753E-06
 -4.58378690382E-06
 -4.54305745734E-06
 -4.49673871117E-06
 -4.44463876192E-06
 -4.38655933976E-06
 -4.32230490333E-06
 -4.25168354923E-06
 -4.17451065005E-06
 -4.09061522078E-06
 -3.99984401156E-06
 -3.90206378142E-06
 -3.79716721000E-06
 -3.68507494386E-06
 -3.56574059879E-06
 -3.43915280610E-06
 -3.30533839588E-06
 -3.16436444336E-06
 -3.01634031530E-06
 -2.86142017103E-06
 -2.69980137091E-06
 -2.53172765952E-06
 -2.35748734667E-06
 -2.17741353481E-06
 -1.99188343686E-06
 -1.80131564775E-06
 -1.60616991707E-06
 -1.40694373840E-06
 -1.20416962091E-06
 -9.98412815534E-07
 -7.90267222328E-07
 -5.80352264024E-07
 -3.69308907011E-07
 -1.57795668088E-07
  5.35154249803E-08
  2.63942979473E-07
  4.72800394391E-07
  6.79400216086E-07
  8.83057737155E-07
  1.08309552616E-06
  1.27884686663E-06
  1.46965987824E-06
  1.65490018844E-06
  1.83395491149E-06
  2.00623503588E-06
  2.17117826651E-06
  2.32825095736E-06
  2.47695197686E-06
  2.61681225311E-06
  2.74739636552E-06
  2.86830618279E-06
  2.97917881653E-06
  3.07968912239E-06
  3.16954924529E-06
  3.24850907418E-06
  3.31635692419E-06
  3.37291703545E-06
  3.41805230164E-06
  3.45166108673E-06
  3.47367813447E-06
  3.48407365891E-06
  3.48285129803E-06
  3.47004947798E-06
  3.44573891198E-06
  3.41002237292E-06
  3.36303355652E-06
  3.30493708134E-06
  3.23592712448E-06
  3.15622719427E-06
  3.06608876599E-06
  2.96579196402E-06
  2.85564374281E-06
  2.73597856904E-06
  2.60715796685E-06
  2.46956847150E-06
  2.32362413044E-06
  2.16976468437E-06
  2.00845420295E-06
  1.84018256277E-06
  1.66546419678E-06
  1.48483763951E-06
  1.29886518607E-06
  1.10813220999E-06
  9.13245742140E-07
  7.14834527571E-07
  5.13547206538E-07
  3.10051177621E-07
  1.05031162434E-07
 -1.00812421522E-07
 -3.06765457481E-07
 -5.12102133143E-07
 -7.16087527053E-07
 -9.17979377846E-07
 -1.11703184302E-06
 -1.31249748847E-06
 -1.50363109697E-06
 -1.68969177139E-06
 -1.86994770957E-06
 -2.04367870538E-06
 -2.21018012780E-06
 -2.36876599047E-06
 -2.51877327173E-06
 -2.65956487056E-06
 -2.79053415397E-06
 -2.91110677608E-06
 -3.02074658975E-06
 -3.11895587402E-06
 -3.20528147313E-06
 -3.27931525135E-06
 -3.34069818564E-06
 -3.38912218467E-06
 -3.42433236256E-06
 -3.44612931258E-06
 -3.45436933458E-06
 -3.44896739080E-06
 -3.42989619639E-06
 -3.39718781106E-06
 -3.35093341164E-06
 -3.29128306475E-06
 -3.21844504469E-06
 -3.13268424179E-06
 -3.03432284454E-06
 -2.92373647426E-06
 -2.80135350295E-06
 -2.66765255219E-06
 -2.52315999205E-06
 -2.36844812207E-06
 -2.20412971430E-06
 -2.03085892281E-06
 -1.84932366665E-06
 -1.66024631199E-06
 -1.46437696458E-06
 -1.26249244659E-06
 -1.05539083961E-06
 -8.43889608859E-07
 -6.28820714610E-07
 -4.11027826885E-07
 -1.91362815372E-07
  2.93176860566E-08
  2.50155494541E-07
  4.70294082788E-07
  6.88881527822E-07
  9.05073534341E-07
  1.11803592517E-06
  1.32694799504E-06
  1.53100415901E-06
  1.72941679466E-06
  1.92141942534E-06
  2.10626649277E-06
  2.28323915508E-06
  2.45164324042E-06
  2.61081459030E-06
  2.76011905953E-06
  2.89895524475E-06
  3.02675607600E-06
  3.14298995363E-06
  3.24716438627E-06
  3.33882621817E-06
  3.41756390299E-06
  3.48300977748E-06
  3.53484074367E-06
  3.57278213414E-06
  3.59660839422E-06
  3.60614399142E-06
  3.60126750820E-06
  3.58191141459E-06
  3.54806547875E-06
  3.49977767655E-06
  3.43715555573E-06
  3.36036828230E-06
  3.26964732267E-06
  3.16528871735E-06
  3.04765330839E-06
  2.91716628453E-06
  2.77431922768E-06
  2.61967034021E-06
  2.45384171649E-06
  2.27752184401E-06
  2.09146105590E-06
  1.89647289517E-06
  1.69342979461E-06
  1.48326171256E-06
  1.26695249492E-06
  1.04553623714E-06
  8.20092907361E-07
  5.91744026224E-07
  3.61646755209E-07
  1.30988567548E-07
 -9.90192745576E-08
 -3.27148569568E-07
 -5.52161225187E-07
 -7.72816974859E-07
 -9.87881435321E-07
 -1.19613389415E-06
 -1.39637643315E-06
 -1.58744182954E-06
 -1.76820287834E-06
 -1.93758046407E-06
 -2.09455288314E-06
 -2.23816323341E-06
 -2.36752907767E-06
 -2.48184846896E-06
 -2.58040927292E-06
 -2.66259507953E-06
 -2.72789088740E-06
 -2.77588992503E-06
 -2.80629819827E-06
 -2.81893858300E-06
 -2.81375378108E-06
 -2.79080859400E-06
 -2.75029128716E-06
 -2.69251404461E-06
 -2.61791205958E-06
 -2.52704080594E-06
 -2.42057444666E-06
 -2.29930105888E-06
 -2.16411717702E-06
 -2.01602210836E-06
 -1.85611054349E-06
 -1.68556493918E-06
 -1.50564528667E-06
 -1.31768058509E-06
 -1.12305747280E-06
 -9.23209427128E-07
 -7.19604656751E-07
 -5.13734107699E-07
 -3.07098872554E-07
 -1.01197549895E-07
  1.02486644948E-07
  3.02498676774E-07
  4.97424139212E-07
  6.85901568431E-07
  8.66634479735E-07
  1.03840227439E-06
  1.20007109672E-06
  1.35060372486E-06
  1.48906815411E-06
  1.61464583925E-06
  1.72663828835E-06
  1.82447320185E-06
  1.90770811059E-06
  1.97603435481E-06
  2.02927822102E-06
  2.06740219255E-06
  2.09050404010E-06
  2.09881341107E-06
  2.09268932849E-06
  2.07261587093E-06
  2.03919512387E-06
  1.99313944904E-06
  1.93526489056E-06
  1.86648026101E-06
  1.78777713700E-06
  1.70021871782E-06
  1.60492834311E-06
  1.50307641889E-06
  1.39586813930E-06
  1.28453041270E-06
  1.17029753710E-06
  1.05439971776E-06
  9.38048287935E-07
  8.22423658065E-07
  7.08662810212E-07
  5.97847588324E-07
  4.90993329549E-07
  3.89038888216E-07
  2.92837228244E-07
  2.03146996114E-07
  1.20625486488E-07
  4.58227766842E-08
 -2.08229522514E-08
 -7.89887337760E-08
 -1.28468713001E-07
 -1.69174754205E-07
 -2.01135534894E-07
 -2.24494357326E-07
 -2.39505681066E-07
 -2.46530106551E-07
 -2.46028520223E-07
 -2.38554633825E-07
 -2.24746855793E-07
 -2.05318912094E-07
 -1.81049784942E-07
 -1.52772813067E-07
 -1.21364251982E-07
 -8.77313937053E-08
 -5.28003099021E-08
 -1.75034706729E-08
  1.72326579673E-08
  5.04998816098E-08
  8.14202678612E-08
  1.09157710426E-07
  1.32928931862E-07
  1.52013754473E-07
  1.65764589610E-07
  1.73614964183E-07
  1.75087009779E-07
  1.69797843341E-07
  1.57464697281E-07
  1.37908827469E-07
  1.11058021446E-07
  7.69479413520E-08
  3.57218965519E-08
 -1.23706165311E-08
 -6.69767672434E-08
 -1.27644455006E-07
 -1.93827787598E-07
 -2.64893571966E-07
 -3.40129020060E-07
 -4.18750488507E-07
 -4.99912914620E-07
 -5.82720304010E-07
 -6.66236871893E-07
 -7.49498383357E-07
 -8.31524346268E-07
 -9.11329891551E-07
 -9.87938278740E-07
 -1.06039340153E-06
 -1.12777092909E-06
 -1.18919115266E-06
 -1.24382870581E-06
 -1.29092472889E-06
 -1.32979528189E-06
 -1.35984078042E-06
 -1.38055429488E-06
 -1.39152723477E-06
 -1.39245628361E-06
 -1.38314680953E-06
 -1.36351661695E-06
 -1.33359685606E-06
 -1.29353395550E-06
 -1.24358678022E-06
 -1.18412572192E-06
 -1.11562849270E-06
 -1.03867546386E-06
 -9.53942958404E-07
 -8.62196827711E-07
 -7.64283186072E-07
 -6.61119656797E-07
 -5.53685083560E-07
 -4.43008360662E-07
 -3.30156950668E-07
 -2.16225046756E-07
 -1.02321095596E-07
  1.04447730465E-08
  1.20973240314E-07
  2.28188284268E-07
  3.31049335500E-07
  4.28563140531E-07
  5.19794866705E-07
  6.03878731908E-07
  6.80027767430E-07
  7.47542799218E-07
  8.05819865946E-07
  8.54357381286E-07
  8.92761306659E-07
  9.20749528177E-07
  9.38154983032E-07
  9.44927023738E-07
  9.41131702348E-07
  9.26950974645E-07
  9.02679801129E-07
  8.68722850100E-07
  8.25589324904E-07
  7.73886768002E-07
  7.14313557637E-07
  6.47650836072E-07
  5.74753073579E-07
  4.96537836625E-07
  4.13975129732E-07
  3.28075770994E-07
  2.39879796027E-07
  1.50444037672E-07
  6.08299899341E-08
 -2.79086194155E-08
 -1.14737964907E-07
 -1.98656081807E-07
 -2.78704277434E-07
 -3.53978265366E-07
 -4.23638226721E-07
 -4.86918395382E-07
 -5.43135683984E-07
 -5.91697073560E-07
 -6.32106207377E-07
 -6.63968648951E-07
 -6.86996202148E-07
 -7.01009241766E-07
 -7.05938703049E-07
 -7.01826024851E-07
 -6.88822126449E-07
 -6.67184963277E-07
 -6.37276059479E-07
 -5.99555221470E-07
 -5.54575080969E-07
 -5.02973477978E-07
 -4.45465616394E-07
 -3.82834969059E-07
 -3.15923671224E-07
 -2.45621777140E-07
 -1.72856587710E-07
 -9.85809904819E-08
 -2.37619559584E-08
  5.06313746484E-08
  1.23639452454E-07
  1.94324030645E-07
  2.61779490529E-07
  3.25144014823E-07
  3.83609602750E-07
  4.36432372908E-07
  4.82941175051E-07
  5.22545860804E-07
  5.54744360670E-07
  5.79128879963E-07
  5.95390588387E-07
  6.03323712767E-07
  6.02827810781E-07
  5.93909135205E-07
  5.76680747599E-07
  5.51361210910E-07
  5.18271860983E-07
  4.77833339119E-07
  4.30560675113E-07
  3.77057176593E-07
  3.18007209898E-07
  2.54168554648E-07
  1.86363067201E-07
  1.15467244655E-07
  4.24019042100E-08
 -3.18787947151E-08
 -1.06398559296E-07
 -1.80170516728E-07
 -2.52208934626E-07
 -3.21540881032E-07
 -3.87217909292E-07
 -4.48327284630E-07
 -5.04002912294E-07
 -5.53435768325E-07
 -5.95883875576E-07
 -6.30681142866E-07
 -6.57245436742E-07
 -6.75086482715E-07
 -6.83811208546E-07
 -6.83129599111E-07
 -6.72858504913E-07
 -6.52924143196E-07
 -6.23363973773E-07
 -5.84327153774E-07
 -5.36073059720E-07
 -4.78969639062E-07
 -4.13489914308E-07
 -3.40207066074E-07
 -2.59789118218E-07
 -1.72992017156E-07
 -8.06517945762E-08
  1.63239661788E-08
  1.16965750863E-07
  2.20252204031E-07
  3.25120993239E-07
  4.30480071145E-07
  5.35219214726E-07
  6.38222047655E-07
  7.38377650578E-07
  8.34593095078E-07
  9.25804442886E-07
  1.01098862615E-06
  1.08917481612E-06
  1.15945397283E-06
  1.22098981592E-06
  1.27302723740E-06
  1.31490060085E-06
  1.34604181312E-06
  1.36598544032E-06
  1.37437496051E-06
  1.37096640174E-06
  1.35563129788E-06
  1.32835862132E-06
  1.28925489662E-06
  1.23854363210E-06
  1.17656361454E-06
  1.10376515750E-06
  1.02070646335E-06
  9.28047711568E-07
  8.26544692245E-07
  7.17041359621E-07
  6.00461532940E-07
  4.77799346754E-07
  3.50109928604E-07
  2.18498300342E-07
  8.41088123593E-08
 -5.18865554966E-08
 -1.88299736692E-07
 -3.23938365909E-07
 -4.57617687744E-07
 -5.88172042626E-07
 -7.14466750651E-07
 -8.35408798139E-07
 -9.49957836838E-07
 -1.05713615994E-06
 -1.15603825179E-06
 -1.24583937122E-06
 -1.32580328227E-06
 -1.39528924592E-06
 -1.45375815919E-06
 -1.50077710259E-06
 -1.53602275077E-06
 -1.55928501044E-06
 -1.57046758886E-06
 -1.56958844855E-06
 -1.55677923885E-06
 -1.53228313593E-06
 -1.49645188685E-06
 -1.44974080740E-06
 -1.39270480304E-06
 -1.32599154767E-06
 -1.25033409404E-06
 -1.16654314297E-06
 -1.07549897166E-06
 -9.78141429187E-07
 -8.75459932104E-07
 -7.68483971569E-07
 -6.58271972043E-07
 -5.45900263660E-07
 -4.32452736732E-07
 -3.19009359373E-07
 -2.06635633049E-07
 -9.63718136404E-08
  1.07771427338E-08
  1.13851555739E-07
  2.11946257878E-07
  3.04219184954E-07
  3.89899525999E-07
  4.68294501843E-07
  5.38796086857E-07
  6.00886039592E-07
  6.54140364986E-07
  6.98233066032E-07
  7.32938076453E-07
  7.58130568101E-07
  7.73787746766E-07
  7.79987431088E-07
  7.76906574629E-07
  7.64818537391E-07
  7.44088879401E-07
  7.15171097454E-07
  6.78600713400E-07
  6.34988850834E-07
  5.85015641263E-07
  5.29421697593E-07
  4.69000241310E-07
  4.04588121228E-07
  3.37056661692E-07
  2.67302169732E-07
  1.96236243255E-07
  1.24776036614E-07
  5.38344906431E-08
 -1.56892046022E-08
 -8.29190369700E-08
 -1.47011235185E-07
 -2.07162926813E-07
 -2.62620318381E-07
 -3.12686211146E-07
 -3.56727042572E-07
 -3.94179068053E-07
 -4.24553718403E-07
 -4.47442374707E-07
 -4.62519921030E-07
 -4.69547785542E-07
 -4.68375617402E-07
 -4.58942622572E-07
 -4.41277137497E-07
 -4.15496231199E-07
 -3.81803459959E-07
 -3.40486508321E-07
 -2.91913409001E-07
 -2.36528350683E-07
 -1.74846420009E-07
 -1.07447881703E-07
 -3.49716948733E-08
  4.18914964939E-08
  1.22406873970E-07
  2.05803232234E-07
  2.91281367026E-07
  3.78022264158E-07
  4.65195796551E-07
  5.51969321805E-07
  6.37516336610E-07
  7.21024377981E-07
  8.01703947673E-07
  8.78795958670E-07
  9.51579067987E-07
  1.01937712316E-06
  1.08156541501E-06
  1.13757653253E-06
  1.18690536510E-06
  1.22911433209E-06
  1.26383656607E-06
  1.29077875499E-06
  1.30972398438E-06
  1.32053241941E-06
  1.32314244183E-06
  1.31756928567E-06
  1.30390571940E-06
  1.28231840790E-06
  1.25304597987E-06
  1.21639561712E-06
  1.17273884825E-06
  1.12250666007E-06
  1.06618438167E-06
  1.00430600014E-06
  9.37447168781E-07
  8.66219352247E-07
  7.91262095845E-07
  7.13236488536E-07
  6.32817375390E-07
  5.50685854250E-07
  4.67522312420E-07
  3.83998838061E-07
  3.00772001083E-07
  2.18476287728E-07
  1.37717293569E-07
  5.90657727173E-08
 -1.69481531032E-08
 -8.98401069094E-08
 -1.59175996828E-07
 -2.24575998686E-07
 -2.85717874249E-07
 -3.42339603776E-07
 -3.94241084223E-07
 -4.41285436636E-07
 -4.83399560380E-07
 -5.20573394169E-07
 -5.52859319214E-07
 -5.80369828640E-07
 -6.03275850608E-07
 -6.21802769274E-07
 -6.36227412087E-07
 -6.46873104415E-07
 -6.54105349440E-07
 -6.58326086977E-07
 -6.59968407035E-07
 -6.59490353883E-07
 -6.57368275370E-07
 -6.54090797525E-07
 -6.50152003345E-07
 -6.46044725272E-07
 -6.42254008199E-07
 -6.39250515633E-07
 -6.37483992705E-07
 -6.37377581825E-07
 -6.39321797280E-07
 -6.43669068268E-07
 -6.50728736673E-07
 -6.60763021187E-07
 -6.73982640365E-07
 -6.90543743076E-07
 -7.10545180027E-07
 -7.34026627924E-07
 -7.60966941016E-07
 -7.91283923718E-07
 -8.24834216928E-07
 -8.61414036990E-07
 -9.00760880995E-07
 -9.42555573147E-07
 -9.86425106930E-07
 -1.03194622625E-06
 -1.07864957499E-06
 -1.12602413083E-06
 -1.17352283269E-06
 -1.22056746932E-06
 -1.26655550048E-06
 -1.31086585498E-06
 -1.35286563818E-06
 -1.39191752169E-06
 -1.42738599607E-06
 -1.45864453316E-06
 -1.48508263464E-06
 -1.50611322169E-06
 -1.52117877406E-06
 -1.52975769652E-06
 -1.53137125380E-06
 -1.52558914124E-06
 -1.51203425958E-06
 -1.49038839936E-06
 -1.46039644733E-06
 -1.42187025176E-06
 -1.37469112360E-06
 -1.31881381549E-06
 -1.25426663544E-06
 -1.18115406167E-06
 -1.09965583306E-06
 -1.01002774500E-06
 -9.12600114589E-07
 -8.07775791145E-07
 -6.96028052971E-07
 -5.77897253606E-07
 -4.53987041737E-07
 -3.24959898990E-07
 -1.91532166127E-07
 -5.44683409487E-08
  8.54247872439E-08
  2.27304767009E-07
  3.70300256236E-07
  5.13518102707E-07
  6.56050929138E-07
  7.96984522822E-07
  9.35405466862E-07
  1.07040898456E-06
  1.20110667012E-06
  1.32663330987E-06
  1.44615546560E-06
  1.55887744313E-06
  1.66404856827E-06
  1.76096978066E-06
  1.84899943179E-06
  1.92755851458E-06
  1.99613600671E-06
  2.05429319067E-06
  2.10166740544E-06
  2.13797511606E-06
  2.16301395994E-06
  2.17666547542E-06
  2.17889510168E-06
  2.16975354306E-06
  2.14937495002E-06
  2.11797691918E-06
  2.07585890166E-06
  2.02339788302E-06
  1.96104724637E-06
  1.88933211120E-06
  1.80884444489E-06
  1.72023908362E-06
  1.62422725225E-06
  1.52157133471E-06
  1.41307805279E-06
  1.29959221340E-06
  1.18198897781E-06
  1.06116749521E-06
  9.38042319376E-07
  8.13537383237E-07
  6.88577131314E-07
  5.64079357446E-07
  4.40948070946E-07
  3.20065822734E-07
  2.02286614126E-07
  8.84292603587E-08
 -2.07293329169E-08
 -1.24460157735E-07
 -2.22087905399E-07
 -3.12996093044E-07
 -3.96631889998E-07
 -4.72510066629E-07
 -5.40216888112E-07
 -5.99412715019E-07
 -6.49834476008E-07
 -6.91297429967E-07
 -7.23695848137E-07
 -7.47003923607E-07
 -7.61274634442E-07
 -7.66639459471E-07
 -7.63306218232E-07
 -7.51557251988E-07
 -7.31746013116E-07
 -7.04294052412E-07
 -6.69686642141E-07
 -6.28468399100E-07
 -5.81238396080E-07
 -5.28644136466E-07
 -4.71376495170E-07
 -4.10162812159E-07
 -3.45760980736E-07
 -2.78952427379E-07
 -2.10535318956E-07
 -1.41317642033E-07
 -7.21100903434E-08
 -3.71912967090E-09
  6.30600780482E-08
  1.27450448417E-07
  1.88699715409E-07
  2.46086841571E-07
  2.98928142684E-07
  3.46583249211E-07
  3.88460478007E-07
  4.24021806111E-07
  4.52787560334E-07
  4.74340396295E-07
  4.88328964821E-07
  4.94470668855E-07
  4.92554249831E-07
  4.82441464555E-07
  4.64068421024E-07
  4.37445862644E-07
  4.02659338761E-07
  3.59868522537E-07
  3.09305619339E-07
  2.51273775120E-07
  1.86144362146E-07
  1.14354008929E-07
  3.64009800080E-08
 -4.71589522988E-08
 -1.35717115768E-07
 -2.28616869435E-07
 -3.25159135173E-07
 -4.24608003868E-07
 -5.26196856754E-07
 -6.29134888186E-07
 -7.32612875254E-07
 -8.35810794797E-07
 -9.37903564591E-07
 -1.03806848983E-06
 -1.13549151592E-06
 -1.22937410652E-06
 -1.31893955313E-06
 -1.40343911426E-06
 -1.48215838180E-06
 -1.55442239702E-06
 -1.61960235801E-06
 -1.67711846188E-06
 -1.72644661234E-06
 -1.76712092070E-06
 -1.79873836714E-06
 -1.82096107437E-06
 -1.83351949090E-06
 -1.83621341421E-06
 -1.82891460554E-06
 -1.81156622148E-06
 -1.78418383712E-06
 -1.74685453658E-06
 -1.69973645825E-06
 -1.64305629369E-06
 -1.57710826443E-06
 -1.50224991557E-06
 -1.41890086525E-06
 -1.32753712023E-06
 -1.22868800645E-06
 -1.12293173515E-06
 -1.01089028703E-06
 -8.93223841558E-07
 -7.70625888435E-07
 -6.43817315904E-07
 -5.13540214797E-07
 -3.80552506840E-07
 -2.45621691874E-07
 -1.09518673241E-07
  2.69879087966E-08
  1.63137670484E-07
  2.98184176017E-07
  4.31400280831E-07
  5.62083471323E-07
  6.89560636147E-07
  8.13192855276E-07
  9.32379123242E-07
  1.04656066924E-06
  1.15522368560E-06
  1.25790268157E-06
  1.35418270020E-06
  1.44370073940E-06
  1.52614757098E-06
  1.60126842275E-06
  1.66886286479E-06
  1.72878560534E-06
  1.78094433068E-06
  1.82529970516E-06
  1.86186321116E-06
  1.89069487533E-06
  1.91190110854E-06
  1.92563152268E-06
  1.93207597476E-06
  1.93146070160E-06
  1.92404490917E-06
  1.91011713468E-06
  1.88998990325E-06
  1.86399688573E-06
  1.83248744179E-06
  1.79582366400E-06
  1.75437469352E-06
  1.70851387793E-06
  1.65861365531E-06
  1.60504248470E-06
  1.54816098075E-06
  1.48831873048E-06
  1.42585065532E-06
  1.36107541948E-06
  1.29429213303E-06
  1.22577841921E-06
  1.15578950499E-06
  1.08455662939E-06
  1.01228613403E-06
  9.39159463087E-07
  8.65333106503E-07
  7.90939282069E-07
  7.16086788088E-07
  6.40861856027E-07
  5.65330537938E-07
  4.89540127546E-07
  4.13521661358E-07
  3.37292419772E-07
  2.60858541878E-07
  1.84218293953E-07
  1.07364705570E-07
  3.02891116633E-08
 -4.70158134647E-08
 -1.24552826719E-07
 -2.02316897457E-07
 -2.80292283605E-07
 -3.58449426585E-07
 -4.36742396914E-07
 -5.15106307830E-07
 -5.93455069975E-07
 -6.71679686093E-07
 -7.49646346776E-07
 -8.27195719921E-07
 -9.04141586489E-07
 -9.80271011031E-07
 -1.05534411432E-06
 -1.12909447125E-06
 -1.20123058878E-06
 -1.27143675854E-06
 -1.33937498958E-06
 -1.40468762311E-06
 -1.46699971992E-06
 -1.52592224367E-06
 -1.58105535775E-06
 -1.63199240433E-06
 -1.67832342868E-06
 -1.71964040874E-06
 -1.75554089310E-06
 -1.78563232112E-06
 -1.80953793461E-06
 -1.82690075690E-06
 -1.83738814030E-06
 -1.84069710940E-06
 -1.83655834007E-06
 -1.82474093435E-06
 -1.80505583103E-06
 -1.77736092155E-06
 -1.74156332378E-06
 -1.69762290625E-06
 -1.64555513038E-06
 -1.58543332418E-06
 -1.51738981913E-06
 -1.44161776916E-06
 -1.35837126436E-06
 -1.26796589939E-06
 -1.17077706818E-06
 -1.06724007765E-06
 -9.57847646532E-07
 -8.43147290652E-07
 -7.23738992292E-07
 -6.00270993800E-07
 -4.73436074344E-07
 -3.43966576111E-07
 -2.12629586827E-07
 -8.02212341000E-08
  5.24392973489E-08
  1.84515968726E-07
  3.15162537845E-07
  4.43529359018E-07
  5.68770246900E-07
  6.90049660079E-07
  8.06549849131E-07
  9.17477507301E-07
  1.02207150121E-06
  1.11960878257E-06
  1.20941126625E-06
  1.29085231038E-06
  1.36336234391E-06
  1.42643455092E-06
  1.47962884967E-06
  1.52257780428E-06
  1.55498935328E-06
  1.57665033385E-06
  1.58742943768E-06
  1.58727812050E-06
  1.57623276209E-06
  1.55441443894E-06
  1.52202846948E-06
  1.47936441408E-06
  1.42679289183E-06
  1.36476387524E-06
  1.29380305225E-06
  1.21450841561E-06
  1.12754480597E-06
  1.03363947801E-06
  9.33576416173E-07
  8.28189001822E-07
  7.18354613127E-07
  6.04986155395E-07
  4.89025694606E-07
  3.71435902480E-07
  2.53192212085E-07
  1.35274873969E-07
  1.86605007002E-08
 -9.56860048973E-08
 -2.06819620985E-07
 -3.13823221632E-07
 -4.15815321730E-07
 -5.11957523486E-07
 -6.01461579208E-07
 -6.83596169893E-07
 -7.57693271680E-07
 -8.23153300189E-07
 -8.79450908542E-07
 -9.26138795876E-07
 -9.62851913755E-07
 -9.89310592558E-07
 -1.00532236047E-06
 -1.01078433090E-06
 -1.00568342987E-06
 -9.90096737041E-07
 -9.64190689956E-07
 -9.28219890284E-07
 -8.82524545887E-07
 -8.27527856018E-07
 -7.63732145970E-07
 -6.91714660661E-07
 -6.12122619259E-07
 -5.25667758211E-07
 -4.33120362686E-07
 -3.35302360099E-07
 -2.33080740486E-07
 -1.27360038960E-07
 -1.90747329043E-08
  9.08186947868E-08
  2.01349692475E-07
  3.11541953124E-07
  4.20421457648E-07
  5.27024837993E-07
  6.30407043900E-07
  7.29649798359E-07
  8.23868845146E-07
  9.12221366889E-07
  9.93912976810E-07
  1.06820471046E-06
  1.13441819849E-06
  1.19194260151E-06
  1.24023847548E-06
  1.27884266021E-06
  1.30737225845E-06
  1.32552793275E-06
  1.33309549710E-06
  1.32994875912E-06
  1.31604974740E-06
  1.29144962102E-06
  1.25628787373E-06
  1.21079153814E-06
  1.15527313937E-06
  1.09012819394E-06
  1.01583191281E-06
  9.32936188747E-07
  8.42064139306E-07
  7.43905729905E-07
  6.39212203168E-07
  5.28789826149E-07
  4.13493864926E-07
  2.94221365493E-07
  1.71904417812E-07
  4.75024499735E-08
 -7.80052715754E-08
 -2.03627365636E-07
 -3.28368344071E-07
 -4.51236331855E-07
 -5.71251121073E-07
 -6.87451802150E-07
 -7.98904466137E-07
 -9.04709509086E-07
 -1.00400905012E-06
 -1.09599341158E-06
 -1.17990771287E-06
 -1.25505823689E-06
 -1.32081743232E-06
 -1.37662959787E-06
 -1.42201474773E-06
 -1.45657327266E-06
 -1.47998844113E-06
 -1.49203003730E-06
 -1.49255549786E-06
 -1.48151207213E-06
 -1.45893659464E-06
 -1.42495684941E-06
 -1.37978940984E-06
 -1.32373895667E-06
 -1.25719668631E-06
 -1.18063690024E-06
 -1.09461359443E-06
 -9.99757276077E-07
 -8.96769506653E-07
 -7.86418638654E-07
 -6.69533505970E-07
 -5.46997796391E-07
 -4.19743372504E-07
 -2.88743194687E-07
 -1.55004357794E-07
 -1.95604101805E-08
  1.16536419625E-07
  2.52223003372E-07
  3.86433498534E-07
  5.18107242442E-07
  6.46197065635E-07
  7.69677058088E-07
  8.87550527295E-07
  9.98857558443E-07
  1.10268274511E-06
  1.19816195365E-06
  1.28448925807E-06
  1.36092330649E-06
  1.42679311921E-06
  1.48150388668E-06
  1.52454060753E-06
  1.55547400027E-06
  1.57396289069E-06
  1.57975762249E-06
  1.57270233103E-06
  1.55273687596E-06
  1.51989684127E-06
  1.47431444475E-06
  1.41621808325E-06
  1.34593051371E-06
  1.26386714783E-06
  1.17053332360E-06
  1.06652100840E-06
  9.52504478846E-07
  8.29236114441E-07
  6.97540713190E-07
  5.58309693588E-07
  4.12494898683E-07
  2.61101718024E-07
  1.05181726440E-07
 -5.41748370608E-08
 -2.15847038021E-07
 -3.78691396463E-07
 -5.41550377875E-07
 -7.03260639057E-07
 -8.62662034251E-07
 -1.01860541690E-06
 -1.16996204724E-06
 -1.31563103878E-06
 -1.45454839640E-06
 -1.58569378073E-06
 -1.70809914835E-06
 -1.82085545930E-06
 -1.92311881619E-06
 -2.01411785383E-06
 -2.09315840038E-06
 -2.15962950278E-06
 -2.21300683734E-06
 -2.25285680244E-06
 -2.27884106607E-06
 -2.29071656577E-06
 -2.28833937399E-06
 -2.27166378863E-06
 -2.24074460675E-06
 -2.19573416871E-06
 -2.13688304029E-06
 -2.06453705687E-06
 -1.97913504962E-06
 -1.88120441180E-06
 -1.77135859758E-06
 -1.65029075561E-06
 -1.51876986365E-06
 -1.37763390740E-06
 -1.22778396872E-06
 -1.07017763185E-06
 -9.05821195829E-07
 -7.35763080684E-07
 -5.61085300887E-07
 -3.82896018891E-07
 -2.02321217557E-07
 -2.04967989248E-08
  1.61439842827E-07
  3.42357679983E-07
  5.21140236742E-07
  6.96693177815E-07
  8.67951939654E-07
  1.03388902062E-06
  1.19352091588E-06
  1.34591448386E-06
  1.49019297169E-06
  1.62554147209E-06
  1.75121249413E-06
  1.86652960110E-06
  1.97089184439E-06
  2.06377694667E-06
  2.14474312088E-06
  2.21343225348E-06
  2.26957058658E-06
  2.31296849051E-06
  2.34352296502E-06
  2.36121331909E-06
  2.36610412685E-06
  2.35833931583E-06
  2.33814284911E-06
  2.30581395044E-06
  2.26172437578E-06
  2.20631386583E-06
  2.14008650801E-06
  2.06360618904E-06
  1.97748886421E-06
  1.88240096577E-06
  1.77905133114E-06
  1.66818563230E-06
  1.55058080509E-06
  1.42703868278E-06
  1.29838019802E-06
  1.16543913009E-06
  1.02905551103E-06
  8.90070452897E-07
  7.49320292925E-07
  6.07630340710E-07
  4.65810359174E-07
  3.24648908645E-07
  1.84908927281E-07
  4.73231018816E-08
 -8.74100933856E-08
 -2.18630063387E-07
 -3.45717438677E-07
 -4.68096800432E-07
 -5.85239206430E-07
 -6.96664130828E-07
 -8.01941098416E-07
 -9.00690736216E-07
 -9.92585341919E-07
 -1.07734933863E-06
 -1.15475938856E-06
 -1.22464325614E-06
 -1.28687952383E-06
 -1.34139588681E-06
 -1.38816790241E-06
 -1.42721751217E-06
 -1.45860985867E-06
 -1.48245214859E-06
 -1.49889012846E-06
 -1.50810615196E-06
 -1.51031588302E-06
 -1.50576511260E-06
 -1.49472737121E-06
 -1.47749972257E-06
 -1.45440117194E-06
 -1.42576789131E-06
 -1.39195105930E-06
 -1.35331367801E-06
 -1.31022761707E-06
 -1.26307054416E-06
 -1.21222296912E-06
 -1.15806653866E-06
 -1.10098039841E-06
 -1.04134005596E-06
 -9.79514084065E-07
 -9.15863495266E-07
 -8.50738672398E-07
 -7.84478970672E-07
 -7.17410443940E-07
 -6.49845389944E-07
 -5.82080929235E-07
 -5.14398379892E-07
 -4.47062888043E-07
 -3.80322489946E-07
 -3.14408339364E-07
 -2.49534252816E-07
 -1.85896894322E-07
 -1.23675917507E-07
 -6.30342782415E-08
 -4.11852152382E-09
  5.29406634087E-08
  1.08027933265E-07
  1.61042649438E-07
  2.11898168345E-07
  2.60521233031E-07
  3.06851120513E-07
  3.50838888608E-07
  3.92446679598E-07
  4.31646867582E-07
  4.68421234245E-07
  5.02760428844E-07
  5.34663058716E-07
  5.64135007153E-07
  5.91188779708E-07
  6.15842964180E-07
  6.38121377960E-07
  6.58053011193E-07
  6.75670889905E-07
  6.91012076004E-07
  7.04117042005E-07
  7.15029216281E-07
  7.23794812529E-07
  7.30462545562E-07
  7.35083006020E-07
  7.37708546694E-07
  7.38393509891E-07
  7.37193317946E-07
  7.34164814276E-07
  7.29365865482E-07
  7.22855133972E-07
  7.14692248494E-07
  7.04937349383E-07
  6.93651372785E-07
  6.80895311689E-07
  6.66730954890E-07
  6.51219863812E-07
  6.34424225154E-07
  6.16405770870E-07
  5.97226460286E-07
  5.76948025355E-07
  5.55632141186E-07
  5.33339687081E-07
  5.10131769715E-07
  4.86068358896E-07
  4.61209282321E-07
  4.35613543459E-07
  4.09339577345E-07
  3.82445023206E-07
  3.54986724460E-07
  3.27020785562E-07
  2.98602486737E-07
  2.69786369245E-07
  2.40626206960E-07
  2.11175020581E-07
  1.81485205530E-07
  1.51608546162E-07
  1.21596315239E-07
  9.14994018331E-08
  6.13683681649E-08
  3.12536272418E-08
  1.20551812977E-09
 -2.87255232934E-08
 -5.84888510957E-08
 -8.80334596332E-08
 -1.17307848768E-07
 -1.46259935718E-07
 -1.74836827682E-07
 -2.02984921316E-07
 -2.30649590094E-07
 -2.57775241153E-07
 -2.84305286868E-07
 -3.10182088015E-07
 -3.35346840075E-07
 -3.59739971145E-07
 -3.83300744033E-07
 -4.05967739425E-07
 -4.27678799042E-07
 -4.48371253015E-07
 -4.67982232522E-07
 -4.86448641368E-07
 -5.03707781263E-07
 -5.19697437085E-07
 -5.34356274784E-07
 -5.47624154024E-07
 -5.59442753456E-07
 -5.69755684410E-07
 -5.78509002480E-07
 -5.85652003338E-07
 -5.91137109041E-07
 -5.94920663843E-07
 -5.96963275257E-07
 -5.97230382482E-07
 -5.95692597471E-07
 -5.92326102833E-07
 -5.87112879202E-07
 -5.80041728426E-07
 -5.71107477754E-07
 -5.60312400921E-07
 -5.47665706563E-07
 -5.33183992957E-07
 -5.16891589086E-07
 -4.98820099892E-07
 -4.79009088394E-07
 -4.57505478835E-07
 -4.34364039847E-07
 -4.09646645494E-07
 -3.83422701589E-07
 -3.55768293048E-07
 -3.26766468106E-07
 -2.96506414088E-07
 -2.65083173190E-07
 -2.32597528793E-07
 -1.99155024916E-07
 -1.64865781471E-07
 -1.29843755303E-07
 -9.42063635989E-08
 -5.80736561062E-08
 -2.15678905846E-08
  1.51871795140E-08
  5.20668805848E-08
  8.89462583586E-08
  1.25700651665E-07
  1.62206276855E-07
  1.98340813995E-07
  2.33983939779E-07
  2.69017789378E-07
  3.03327425399E-07
  3.36801406320E-07
  3.69331928596E-07
  4.00815395096E-07
  4.31152614055E-07
  4.60249054868E-07
  4.88015018618E-07
  5.14365979143E-07
  5.39222412499E-07
  5.62510194868E-07
  5.84160318340E-07
  6.04109345659E-07
  6.22298784947E-07
  6.38675601294E-07
  6.53191705169E-07
  6.65804122946E-07
  6.76474940065E-07
  6.85170959969E-07
  6.91863647262E-07
  6.96529014022E-07
  6.99147847172E-07
  6.99705140050E-07
  6.98190149251E-07
  6.94596621997E-07
  6.88922284553E-07
  6.81169410655E-07
  6.71344423608E-07
  6.59458237351E-07
  6.45526029075E-07
  6.29567864507E-07
  6.11608243162E-07
  5.91677007833E-07
  5.69808946693E-07
  5.46044418570E-07
  5.20429466633E-07
  4.93016216296E-07
  4.63863074174E-07
  4.33035040714E-07
  4.00604250217E-07
  3.66649800299E-07
  3.31258434016E-07
  2.94524738820E-07
  2.56551089706E-07
  2.17448118178E-07
  1.77334754881E-07
  1.36338258017E-07
  9.45941636132E-08
  5.22463672326E-08
  9.44683620219E-09
 -3.36445786786E-08
 -7.68604877521E-08
 -1.20026342643E-07
 -1.62961057981E-07
 -2.05477533655E-07
 -2.47383439955E-07
 -2.88482056021E-07
 -3.28573179331E-07
 -3.67454077832E-07
 -4.04920882602E-07
 -4.40769440502E-07
 -4.74796792105E-07
 -5.06802621203E-07
 -5.36590448519E-07
 -5.63969365430E-07
 -5.88755312947E-07
 -6.10772815435E-07
 -6.29856401702E-07
 -6.45852537673E-07
 -6.58620422200E-07
 -6.68034203954E-07
 -6.73984288824E-07
 -6.76378476783E-07
 -6.75143610351E-07
 -6.70226540933E-07
 -6.61595493057E-07
 -6.49240973871E-07
 -6.33176398424E-07
 -6.13439055996E-07
 -5.90090849073E-07
 -5.63218179650E-07
 -5.32932176611E-07
 -4.99368979945E-07
 -4.62689513370E-07
 -4.23078603262E-07
 -3.80744893391E-07
 -3.35919565941E-07
 -2.88855574127E-07
 -2.39826306370E-07
 -1.89123980476E-07
 -1.37058194127E-07
 -8.39539282538E-08
 -3.01496747568E-08
  2.40048372291E-08
  7.81509328363E-08
  1.31923400204E-07
  1.84953108828E-07
  2.36869524883E-07
  2.87303635105E-07
  3.35890575798E-07
  3.82272332899E-07
  4.26100768891E-07
  4.67040109697E-07
  5.04770014231E-07
  5.38987819709E-07
  5.69411611195E-07
  5.95782012169E-07
  6.17865168806E-07
  6.35454341591E-07
  6.48372179057E-07
  6.56472479932E-07
  6.59641386846E-07
  6.57799319015E-07
  6.50901199606E-07
  6.38938104203E-07
  6.21936976586E-07
  5.99961538228E-07
  5.73111776703E-07
  5.41523888842E-07
  5.05369484927E-07
  4.64854508664E-07
  4.20218555064E-07
  3.71732880922E-07
  3.19698841622E-07
  2.64446100573E-07
  2.06329971775E-07
  1.45729217138E-07
  8.30433961596E-08
  1.86899047350E-08
 -4.68989931335E-08
 -1.13279341463E-07
 -1.79998707495E-07
 -2.46599654474E-07
 -3.12623001264E-07
 -3.77611399927E-07
 -4.41112803173E-07
 -5.02683690229E-07
 -5.61892761652E-07
 -6.18323838353E-07
 -6.71579471145E-07
 -7.21283811345E-07
 -7.67085168718E-07
 -8.08659422091E-07
 -8.45711838338E-07
 -8.77979800862E-07
 -9.05234401216E-07
 -9.27282712837E-07
 -9.43968757383E-07
 -9.55175096351E-07
 -9.60823513196E-07
 -9.60875240708E-07
 -9.55331870500E-07
 -9.44234955114E-07
 -9.27665439576E-07
 -9.05743263502E-07
 -8.78626224221E-07
 -8.46508498853E-07
 -8.09619564279E-07
 -7.68221525504E-07
 -7.22607751413E-07
 -6.73099975756E-07
 -6.20046023414E-07
 -5.63816740851E-07
 -5.04803267631E-07
 -4.43413824769E-07
 -3.80070389383E-07
 -3.15205454626E-07
 -2.49258675922E-07
 -1.82673218774E-07
 -1.15892490271E-07
 -4.93566680859E-08
  1.65007190134E-08
  8.12560827512E-08
  1.44498983445E-07
  2.05835178235E-07
  2.64889592927E-07
  3.21308846196E-07
  3.74764198341E-07
  4.24953412903E-07
  4.71602987773E-07
  5.14470002599E-07
  5.53343681986E-07
  5.88046304983E-07
  6.18434739863E-07
  6.44400358851E-07
  6.65870231842E-07
  6.82806046370E-07
  6.95205187640E-07
  7.03098919530E-07
  7.06552327756E-07
  7.05662955625E-07
  7.00559098732E-07
  6.91398668096E-07
  6.78366859574E-07
  6.61674164348E-07
  6.41554208869E-07
  6.18260855845E-07
  5.92066044192E-07
  5.63256719488E-07
  5.32131878117E-07
  4.99000009313E-07
  4.64175798243E-07
  4.27977113304E-07
  3.90722192378E-07
  3.52726630126E-07
  3.14300592663E-07
  2.75745804856E-07
  2.37353219745E-07
  1.99400290057E-07
  1.62148779737E-07
  1.25842532839E-07
  9.07056474375E-08
  5.69407099249E-08
  2.47274165588E-08
 -5.77865710838E-09
 -3.44469341940E-08
 -6.11724928490E-08
 -8.58764082068E-08
 -1.08505872731E-07
 -1.29033892904E-07
 -1.47458905531E-07
 -1.63803960618E-07
 -1.78115726612E-07
 -1.90463225636E-07
 -2.00936256078E-07
 -2.09643815197E-07
 -2.16712024326E-07
 -2.22282153572E-07
 -2.26508291234E-07
 -2.29554970588E-07
 -2.31594739830E-07
 -2.32805504652E-07
 -2.33368041336E-07
 -2.33463268273E-07
 -2.33269702221E-07
 -2.32960843505E-07
 -2.32702674907E-07
 -2.32651274246E-07
 -2.32950512213E-07
 -2.33729949173E-07
 -2.35102859847E-07
 -2.37164442751E-07
 -2.39990356476E-07
 -2.43635412289E-07
 -2.48132408842E-07
 -2.53491577951E-07
 -2.59699845628E-07
 -2.66720888931E-07
 -2.74494908581E-07
 -2.82939254248E-07
 -2.91949106668E-07
 -3.01398301872E-07
 -3.11140496478E-07
 -3.21010986681E-07
 -3.30828214601E-07
 -3.40395899912E-07
 -3.49505228314E-07
 -3.57937267381E-07
 -3.65465552932E-07
 -3.71858988046E-07
 -3.76884486286E-07
 -3.80310012815E-07
 -3.81907710789E-07
 -3.81456771947E-07
 -3.78746563001E-07
 -3.73579638335E-07
 -3.65774496913E-07
 -3.55168594979E-07
 -3.41620847166E-07
 -3.25014184455E-07
 -3.05257913169E-07
 -2.82289590814E-07
 -2.56077044014E-07
 -2.26619746968E-07
 -1.93950072003E-07
 -1.58134270123E-07
 -1.19272939969E-07
 -7.75013333509E-08
 -3.29891669537E-08
  1.40598528375E-08
  6.34088621609E-08
  1.14789081351E-07
  1.67901362147E-07
  2.22418151452E-07
  2.77985577668E-07
  3.34226285759E-07
  3.90742002310E-07
  4.47116718760E-07
  5.02920329382E-07
  5.57711757665E-07
  6.11043162735E-07
  6.62463378376E-07
  7.11522432084E-07
  7.57775353577E-07
  8.00786267519E-07
  8.40132770463E-07
  8.75409739365E-07
  9.06233765363E-07
  9.32246223329E-07
  9.53118217240E-07
  9.68552967606E-07
  9.78289676823E-07
  9.82106598713E-07
  9.79823425951E-07
  9.71304189079E-07
  9.56458620749E-07
  9.35244656830E-07
  9.07668948003E-07
  8.73788053468E-07
  8.33709066228E-07
  7.87589101492E-07
  7.35635239835E-07
  6.78103617702E-07
  6.15297892637E-07
  5.47567594822E-07
  4.75306080716E-07
  3.98947662461E-07
  3.18964936241E-07
  2.35865343257E-07
  1.50187602799E-07
  6.24976692620E-08
 -2.66154494000E-08
 -1.16544057960E-07
 -2.06666527447E-07
 -2.96351970519E-07
 -3.84965233025E-07
 -4.71871800301E-07
 -5.56442898869E-07
 -6.38060441815E-07
 -7.16121803634E-07
 -7.90044907717E-07
 -8.59272745402E-07
 -9.23277980291E-07
 -9.81567154668E-07
 -1.03368461168E-06
 -1.07921664494E-06
 -1.11779422696E-06
 -1.14909676086E-06
 -1.17285401302E-06
 -1.18884918265E-06
 -1.19692003864E-06
 -1.19696085221E-06
 -1.18892296541E-06
 -1.17281535950E-06
 -1.14870499601E-06
 -1.11671624836E-06
 -1.07702976493E-06
 -1.02988155959E-06
 -9.75560965344E-07
 -9.14408929020E-07
 -8.46814941724E-07
 -7.73214367200E-07
 -6.94085485975E-07
 -6.09945288943E-07
 -5.21346123605E-07
 -4.28871487657E-07
 -3.33131595198E-07
 -2.34758857687E-07
 -1.34403421725E-07
 -3.27282734247E-08
  6.95955861829E-08
  1.71893915990E-07
  2.73494094927E-07
  3.73729989178E-07
  4.71946492553E-07
  5.67504116589E-07
  6.59783779611E-07
  7.48190416289E-07
  8.32157468267E-07
  9.11150436878E-07
  9.84670464277E-07
  1.05225774405E-06
  1.11349379495E-06
  1.16800458727E-06
  1.21546270293E-06
  1.25558892705E-06
  1.28815361222E-06
  1.31297872485E-06
  1.32993704938E-06
  1.33895423460E-06
  1.34000720209E-06
  1.33312516937E-06
  1.31838817197E-06
  1.29592615394E-06
  1.26591748995E-06
  1.22858762097E-06
  1.18420678064E-06
  1.13308783511E-06
  1.07558400941E-06
  1.01208536307E-06
  9.43016914334E-07
  8.68834831635E-07
  7.90023307218E-07
  7.07091032837E-07
  6.20568016529E-07
  5.31001660420E-07
  4.38952923787E-07
  3.44993310364E-07
  2.49700462973E-07
  1.53654923452E-07
  5.74362140071E-08
 -3.83805378590E-08
 -1.33228212462E-07
 -2.26551094329E-07
 -3.17808087402E-07
 -4.06475891168E-07
 -4.92051981382E-07
 -5.74057480662E-07
 -6.52039659599E-07
 -7.25574523130E-07
 -7.94268885329E-07
 -8.57762643136E-07
 -9.15730311135E-07
 -9.67882897385E-07
 -1.01396881291E-06
 -1.05377557702E-06
 -1.08713027203E-06
 -1.11389999802E-06
 -1.13399312340E-06
 -1.14735860279E-06
 -1.15398631806E-06
 -1.15390662359E-06
 -1.14719000521E-06
 -1.13394617074E-06
 -1.11432325411E-06
 -1.08850645120E-06
 -1.05671676920E-06
 -1.01920943507E-06
 -9.76272417574E-07
 -9.28223983010E-07
 -8.75410933077E-07
 -8.18206387976E-07
 -7.57007398988E-07
 -6.92232333677E-07
 -6.24318261089E-07
 -5.53718450647E-07
 -4.80899075228E-07
 -4.06337079539E-07
 -3.30516456870E-07
 -2.53925719562E-07
 -1.77054758410E-07
 -1.00391829960E-07
 -2.44205118349E-08
  5.03832424670E-08
  1.23554087850E-07
  1.94640193740E-07
  2.63206089812E-07
  3.28835255914E-07
  3.91132942923E-07
  4.49728560170E-07
  5.04277977598E-07
  5.54465884761E-07
  6.00007524554E-07
  6.40650910100E-07
  6.76177933201E-07
  7.06406467543E-07
  7.31190823444E-07
  7.50423168938E-07
  7.64034098211E-07
  7.71992972659E-07
  7.74308205109E-07
  7.71027146129E-07
  7.62235856655E-07
  7.48058141653E-07
  7.28655152216E-07
  7.04223680259E-07
  6.74995192185E-07
  6.41234123577E-07
  6.03235605467E-07
  5.61323588499E-07
  5.15848739724E-07
  4.67185373054E-07
  4.15728948155E-07
  3.61893370382E-07
  3.06107494907E-07
  2.48812284553E-07
  1.90457470239E-07
  1.31498055111E-07
  7.23910673628E-08
  1.35920243949E-08
 -4.44484342665E-08
 -1.01288001986E-07
 -1.56496000159E-07
 -2.09656661809E-07
 -2.60372274852E-07
 -3.08266294269E-07
 -3.52985921381E-07
 -3.94205159182E-07
 -4.31626972386E-07
 -4.64985589588E-07
 -4.94048549626E-07
 -5.18618435308E-07
 -5.38534152383E-07
 -5.53672350634E-07
 -5.63947821774E-07
 -5.69314579479E-07
 -5.69765688851E-07
 -5.65333152736E-07
 -5.56087854875E-07
 -5.42138423043E-07
 -5.23630205862E-07
 -5.00744249621E-07
 -4.73695450864E-07
 -4.42730566874E-07
 -4.08126282991E-07
 -3.70186540977E-07
 -3.29240208430E-07
 -2.85638122932E-07
 -2.39750050923E-07
 -1.91961731844E-07
 -1.42671524372E-07
 -9.22871805642E-08
 -4.12223997159E-08
  1.01065245062E-08
  6.12841120073E-08
  1.11899026933E-07
  1.61547447419E-07
  2.09836173326E-07
  2.56385789044E-07
  3.00833619349E-07
  3.42836329992E-07
  3.82072840921E-07
  4.18246287381E-07
  4.51086606290E-07
  4.80351957322E-07
  5.05830712427E-07
  5.27342706391E-07
  5.44740146324E-07
  5.57908663268E-07
  5.66767710097E-07
  5.71270675209E-07
  5.71404825678E-07
  5.67191079881E-07
  5.58683268537E-07
  5.45967225207E-07
  5.29159592588E-07
  5.08406685640E-07
  4.83882445224E-07
  4.55787073861E-07
  4.24344761996E-07
  3.89801726897E-07
  3.52423597860E-07
  3.12493511956E-07
  2.70309243433E-07
  2.26180873142E-07
  1.80427960572E-07
  1.33377213274E-07
  8.53597228456E-08
  3.67084744823E-08
 -1.22441896622E-08
 -6.11690182950E-08
 -1.09742153143E-07
 -1.57647377819E-07
 -2.04578213925E-07
 -2.50239878596E-07
 -2.94351110597E-07
 -3.36645655352E-07
 -3.76873998675E-07
 -4.14804361526E-07
 -4.50223950565E-07
 -4.82939867652E-07
 -5.12779649853E-07
 -5.39592065252E-07
 -5.63247340324E-07
 -5.83637188356E-07
 -6.00674979978E-07
 -6.14295572632E-07
 -6.24455026355E-07
 -6.31129978501E-07
 -6.34317416370E-07
 -6.34033483493E-07
 -6.30313309102E-07
 -6.23209530204E-07
 -6.12791893673E-07
 -5.99145778324E-07
 -5.82371512792E-07
 -5.62583068131E-07
 -5.39907205166E-07
 -5.14482167091E-07
 -4.86456599447E-07
 -4.55988669046E-07
 -4.23244813419E-07
 -3.88398802897E-07
 -3.51630887963E-07
 -3.13126690799E-07
 -2.73076466328E-07
 -2.31674192719E-07
 -1.89116846627E-07
 -1.45603749502E-07
 -1.01335835723E-07
 -5.65150344300E-08
 -1.13437925719E-08
  3.39755032996E-08
  7.92409906580E-08
  1.24251755551E-07
  1.68808298895E-07
  2.12712862435E-07
  2.55769947444E-07
  2.97786527881E-07
  3.38572561986E-07
  3.77941432816E-07
  4.15710189827E-07
  4.51700202575E-07
  4.85737416511E-07
  5.17653063525E-07
  5.47284059849E-07
  5.74473574488E-07
  5.99071711349E-07
  6.20936191353E-07
  6.39932920876E-07
  6.55936844396E-07
  6.68832740303E-07
  6.78515789332E-07
  6.84892597747E-07
  6.87881936301E-07
  6.87415763423E-07
  6.83439736804E-07
  6.75914350268E-07
  6.64815445361E-07
  6.50135291380E-07
  6.31883040114E-07
  6.10085464814E-07
  5.84787755997E-07
  5.56053578293E-07
  5.23965979937E-07
  4.88627392770E-07
  4.50159831189E-07
  4.08705147947E-07
  3.64424721511E-07
  3.17499399216E-07
  2.68129014103E-07
  2.16531915953E-07
  1.62944260751E-07
  1.07619186451E-07
  5.08257045340E-08
 -7.15239822924E-09
 -6.60179466649E-08
 -1.25461866674E-07
 -1.85164836353E-07
 -2.44799025495E-07
 -3.04030123743E-07
 -3.62519159580E-07
 -4.19924958805E-07
 -4.75905949315E-07
 -5.30122918008E-07
 -5.82240829772E-07
 -6.31931698081E-07
 -6.78876631355E-07
 -7.22768277228E-07
 -7.63313494190E-07
 -8.00235056886E-07
 -8.33274498291E-07
 -8.62193644480E-07
 -8.86777115738E-07
 -9.06834202397E-07
 -9.22200285913E-07
 -9.32738487336E-07
 -9.38341315759E-07
 -9.38931691508E-07
 -9.34463514568E-07
 -9.24923199364E-07
 -9.10329390535E-07
 -8.90733645065E-07
 -8.66220375428E-07
 -8.36906338009E-07
 -8.02940462563E-07
 -7.64502772199E-07
 -7.21803530723E-07
 -6.75081935242E-07
 -6.24604524546E-07
 -5.70663644339E-07
 -5.13575059813E-07
 -4.53676250345E-07
 -3.91324022075E-07
 -3.26891779423E-07
 -2.60766938709E-07
 -1.93348284938E-07
 -1.25043072785E-07
 -5.62640032342E-08
  1.25737233958E-08
  8.10554112718E-08
  1.48769913721E-07
  2.15312610408E-07
  2.80288418253E-07
  3.43314525253E-07
  4.04023381861E-07
  4.62065145257E-07
  5.17110265719E-07
  5.68851930893E-07
  6.17008140580E-07
  6.61323667828E-07
  7.01571650552E-07
  7.37555581054E-07
  7.69110044985E-07
  7.96102028744E-07
  8.18431658445E-07
  8.36032654661E-07
  8.48872332426E-07
  8.56952226513E-07
  8.60307068251E-07
  8.59004387621E-07
  8.53144001667E-07
  8.42856593408E-07
  8.28302688660E-07
  8.09670666513E-07
  7.87175679307E-07
  7.61057094678E-07
  7.31576562885E-07
  6.99015970440E-07
  6.63674654788E-07
  6.25867244253E-07
  5.85920702179E-07
  5.44171712136E-07
  5.00964119965E-07
  4.56645864233E-07
  4.11566276171E-07
  3.66073464875E-07
  3.20511361451E-07
  2.75217189483E-07
  2.30518779176E-07
  1.86732123097E-07
  1.44159059801E-07
  1.03084950354E-07
  6.37766532918E-08
  2.64806239159E-08
 -8.57881676808E-09
 -4.12009981687E-08
 -7.12102306011E-08
 -9.84568941931E-08
 -1.22818306636E-07
 -1.44199447050E-07
 -1.62533254411E-07
 -1.77780989929E-07
 -1.89932052308E-07
 -1.99003821422E-07
 -2.05041160939E-07
 -2.08115636724E-07
 -2.08324721029E-07
 -2.05790598784E-07
 -2.00658945460E-07
 -1.93097349666E-07
 -1.83293778377E-07
 -1.71454672682E-07
 -1.57803128786E-07
 -1.42576723761E-07
 -1.26025454961E-07
 -1.08409452082E-07
 -8.99966678958E-08
 -7.10605192467E-08
 -5.18774925240E-08
 -3.27247207110E-08
 -1.38775968495E-08
  4.39261826912E-09
  2.18211333447E-08
  3.81519100756E-08
  5.31398676173E-08
  6.65529853450E-08
  7.81743167977E-08
  8.78038619589E-08
  9.52603045334E-08
  1.00382621326E-07
  1.03031467802E-07
  1.03090464165E-07
  1.00467261177E-07
  9.50943785938E-08
  8.69299441320E-08
  7.59581126886E-08
  6.21893576636E-08
  4.56605242505E-08
  2.64346624590E-08
  4.60067095531E-09
 -1.97272846947E-08
 -4.64105482934E-08
 -7.52869624421E-08
 -1.06172016956E-07
 -1.38860258403E-07
 -1.73126736058E-07
 -2.08728764051E-07
 -2.45407790089E-07
 -2.82891306824E-07
 -3.20895054529E-07
 -3.59125039040E-07
 -3.97280103925E-07
 -4.35054204218E-07
 -4.72138736995E-07
 -5.08225184603E-07
 -5.43007502074E-07
 -5.76184447709E-07
 -6.07462482094E-07
 -6.36557956568E-07
 -6.63199216433E-07
 -6.87129158905E-07
 -7.08107563696E-07
 -7.25912855160E-07
 -7.40344091810E-07
 -7.51222898998E-07
 -7.58394889999E-07
 -7.61731143939E-07
 -7.61129570037E-07
 -7.56515873945E-07
 -7.47844183024E-07
 -7.35097898996E-07
 -7.18289697943E-07
 -6.97462326116E-07
 -6.72687576753E-07
 -6.44066801669E-07
 -6.11729547018E-07
 -5.75833269068E-07
 -5.36562254183E-07
 -4.94125799833E-07
 -4.48757532467E-07
 -4.00712991677E-07
 -3.50268294369E-07
 -2.97717690501E-07
 -2.43371601982E-07
 -1.87554249464E-07
 -1.30601094384E-07
 -7.28563591679E-08
 -1.46703840187E-08
  4.36030624940E-08
  1.01609515468E-07
  1.58996499522E-07
  2.15416264382E-07
  2.70528488500E-07
  3.24002826346E-07
  3.75521381102E-07
  4.24781234187E-07
  4.71496747423E-07
  5.15401495704E-07
  5.56250370209E-07
  5.93821368966E-07
  6.27917131624E-07
  6.58366388961E-07
  6.85024758695E-07
  7.07776280251E-07
  7.26533357920E-07
  7.41237670354E-07
  7.51859886350E-07
  7.58400233281E-07
  7.60887473916E-07
  7.59378508519E-07
  7.53957749566E-07
  7.44735814351E-07
  7.31848501800E-07
  7.15454746114E-07
  6.95735877798E-07
  6.72892838338E-07
  6.47144759114E-07
  6.18726630819E-07
  5.87887029724E-07
  5.54885787096E-07
  5.19991999681E-07
  4.83480960156E-07
  4.45632139190E-07
  4.06726570645E-07
  3.67044606264E-07
  3.26863414557E-07
  2.86454877596E-07
  2.46083203592E-07
  2.06003122116E-07
  1.66457823525E-07
  1.27677310502E-07
  8.98767709145E-08
  5.32551780452E-08
  1.79942034606E-08
 -1.57428754477E-08
 -4.78118629132E-08
 -7.80882345452E-08
 -1.06467417993E-07
 -1.32864983016E-07
 -1.57216447860E-07
 -1.79477027018E-07
 -1.99621055685E-07
 -2.17641371592E-07
 -2.33548334450E-07
 -2.47368831197E-07
 -2.59145139125E-07
 -2.68933405323E-07
 -2.76802410326E-07
 -2.82832047560E-07
 -2.87111504349E-07
 -2.89737840831E-07
 -2.90814227810E-07
 -2.90448269880E-07
 -2.88750385380E-07
 -2.85832186364E-07
 -2.81804830138E-07
 -2.76777711861E-07
 -2.70856901352E-07
 -2.64143977802E-07
 -2.56734978166E-07
 -2.48719118190E-07
 -2.40178280819E-07
 -2.31186106703E-07
 -2.21807610501E-07
 -2.12098797192E-07
 -2.02106505753E-07
 -1.91868380739E-07
 -1.81413213340E-07
 -1.70761097706E-07
 -1.59924056220E-07
 -1.48906707409E-07
 -1.37706990699E-07
 -1.26317218019E-07
 -1.14724947764E-07
 -1.02914228250E-07
 -9.08667203703E-08
 -7.85629765687E-08
 -6.59836985051E-08
 -5.31110337931E-08
 -3.99298158982E-08
 -2.64288679830E-08
 -1.26021317826E-08
  1.55018409220E-09
  1.60205910760E-08
  3.07934158172E-08
  4.58440041484E-08
  6.11380883697E-08
  7.66313235090E-08
  9.22689409322E-08
  1.07985620446E-07
  1.23705561350E-07
  1.39342674288E-07
  1.54801085728E-07
  1.69975621134E-07
  1.84752721566E-07
  1.99011381596E-07
  2.12624243545E-07
  2.25459032777E-07
  2.37379865098E-07
  2.48248852586E-07
  2.57927865732E-07
  2.66280267169E-07
  2.73172730658E-07
  2.78477074289E-07
  2.82072448954E-07
  2.83846787852E-07
  2.83699108650E-07
  2.81541190361E-07
  2.77299136542E-07
  2.70915279543E-07
  2.62349573177E-07
  2.51580871691E-07
  2.38608265590E-07
  2.23451991133E-07
  2.06154140869E-07
  1.86779288924E-07
  1.65414803632E-07
  1.42170833328E-07
  1.17180178449E-07
  9.05977515231E-08
  6.25998453074E-08
  3.33831913224E-08
  3.16362958053E-09
 -2.78253864394E-08
 -5.93345355071E-08
 -9.11006168280E-08
 -1.22848760498E-07
 -1.54294809818E-07
 -1.85147854381E-07
 -2.15112919477E-07
 -2.43893879315E-07
 -2.71196256563E-07
 -2.96730149785E-07
 -3.20213388250E-07
 -3.41374402524E-07
 -3.59955180329E-07
 -3.75714222400E-07
 -3.88429128861E-07
 -3.97899469817E-07
 -4.03949172778E-07
 -4.06428824817E-07
 -4.05217633670E-07
 -4.00225417252E-07
 -3.91394081589E-07
 -3.78698757686E-07
 -3.62148881550E-07
 -3.41788847891E-07
 -3.17698180652E-07
 -2.89991533009E-07
 -2.58818289467E-07
 -2.24361784262E-07
 -1.86838263971E-07
 -1.46495452213E-07
 -1.03610638291E-07
 -5.84888510957E-08
 -1.14602984880E-08
  3.71222022011E-08
  8.68861320669E-08
  1.37442384585E-07
  1.88388568745E-07
  2.39312555550E-07
  2.89795991648E-07
  3.39418050999E-07
  3.87759200748E-07
  4.34405052374E-07
  4.78949914395E-07
  5.21000856679E-07
  5.60180978937E-07
  5.96132963437E-07
  6.28522911938E-07
  6.57042789953E-07
  6.81413609982E-07
  7.01388387370E-07
  7.16754072982E-07
  7.27333826944E-07
  7.32988723939E-07
  7.33619174298E-07
  7.29166004021E-07
  7.19610852684E-07
  7.04976741872E-07
  6.85327904648E-07
  6.60769330807E-07
  6.31445686849E-07
  5.97540179115E-07
  5.59273360068E-07
  5.16900627190E-07
  4.70710347145E-07
  4.21021269403E-07
  3.68179627230E-07
  3.12556181825E-07
  2.54542925404E-07
  1.94549699017E-07
  1.33000469305E-07
  7.03297970972E-08
  6.97899116275E-09
 -5.66077034136E-08
 -1.19986907521E-07
 -1.82719844588E-07
 -2.44376053615E-07
 -3.04536996509E-07
 -3.62799511322E-07
 -4.18779023903E-07
 -4.72112645866E-07
 -5.22462130448E-07
 -5.69516089399E-07
 -6.12992948845E-07
 -6.52642142995E-07
 -6.88246416303E-07
 -7.19623017176E-07
 -7.46624607473E-07
 -7.69140171997E-07
 -7.87094961652E-07
 -8.00450891347E-07
 -8.09206142094E-07
 -8.13394422039E-07
 -8.13083886442E-07
 -8.08375943961E-07
 -7.99403835572E-07
 -7.86330360825E-07
 -7.69346456764E-07
 -7.48668298911E-07
 -7.24535084373E-07
 -6.97206417044E-07
 -6.66959408591E-07
 -6.34085836282E-07
 -5.98889130288E-07
 -5.61681588351E-07
 -5.22780908341E-07
 -4.82507743982E-07
 -4.41182351096E-07
 -3.99121773853E-07
 -3.56637286814E-07
 -3.14031524340E-07
 -2.71596121593E-07
 -2.29609341318E-07
 -1.88333999063E-07
 -1.48015487866E-07
 -1.08880215066E-07
 -7.11340462090E-08
 -3.49611362083E-08
 -5.22992260610E-10
  3.20422195443E-08
  6.26201241971E-08
  9.11203343890E-08
  1.17476339767E-07
  1.41645273288E-07
  1.63607353443E-07
  1.83365102657E-07
  2.00942437800E-07
  2.16383440943E-07
  2.29751208281E-07
  2.41126173250E-07
  2.50604728080E-07
  2.58297234268E-07
  2.64326530441E-07
  2.68825829153E-07
  2.71936869467E-07
  2.73808069551E-07
  2.74592366623E-07
  2.74445511650E-07
  2.73524051408E-07
  2.71983481070E-07
  2.69976681011E-07
  2.67651898866E-07
  2.65151555823E-07
  2.62610484469E-07
  2.60154934040E-07
  2.57901120904E-07
  2.55954347494E-07
  2.54408064393E-07
  2.53343216627E-07
  2.52827732083E-07
  2.52915981491E-07
  2.53648693160E-07
  2.55052725606E-07
  2.57141408611E-07
  2.59914372691E-07
  2.63358259645E-07
  2.67447035185E-07
  2.72142642643E-07
  2.77395628245E-07
  2.83146050606E-07
  2.89324333380E-07
  2.95852203180E-07
  3.02643741179E-07
  3.09606377868E-07
  3.16642086773E-07
  3.23648436051E-07
  3.30519696945E-07
  3.37148009066E-07
  3.43424432003E-07
  3.49240139030E-07
  3.54487241339E-07
  3.59059953325E-07
  3.62855644198E-07
  3.65775434830E-07
  3.67725306205E-07
  3.68616667856E-07
  3.68367153669E-07
  3.66901304005E-07
  3.64150935184E-07
  3.60055764759E-07
  3.54563809424E-07
  3.47631640807E-07
  3.39224698109E-07
  3.29317401793E-07
  3.17893466217E-07
  3.04945729113E-07
  2.90476435794E-07
  2.74496983366E-07
  2.57027892303E-07
  2.38098735394E-07
  2.17747995634E-07
  1.96022753585E-07
  1.72978559476E-07
  1.48679134782E-07
  1.23196087998E-07
  9.66087014831E-08
  6.90034980266E-08
  4.04740170268E-08
  1.11203961595E-08
 -1.89509297144E-08
 -4.96276229001E-08
 -8.07918212331E-08
 -1.12320506673E-07
 -1.44085959164E-07
 -1.75956131443E-07
 -2.07795110896E-07
 -2.39463588514E-07
 -2.70819356274E-07
 -3.01717733464E-07
 -3.32012177751E-07
 -3.61554839401E-07
 -3.90197044453E-07
 -4.17790118945E-07
 -4.44185815240E-07
 -4.69237164680E-07
 -4.92799074436E-07
 -5.14729208589E-07
 -5.34888783932E-07
 -5.53142967874E-07
 -5.69362555325E-07
 -5.83423968692E-07
 -5.95210678966E-07
 -6.04613944688E-07
 -6.11533835126E-07
 -6.15879969246E-07
 -6.17572482042E-07
 -6.16543218257E-07
 -6.12736130279E-07
 -6.06108585544E-07
 -5.96631878125E-07
 -5.84292195072E-07
 -5.69091298530E-07
 -5.51046980490E-07
 -5.30193972281E-07
 -5.06583944571E-07
 -4.80286530546E-07
 -4.51388984857E-07
 -4.19996666778E-07
 -3.86232869687E-07
 -3.50238934743E-07
 -3.12173852990E-07
 -2.72213839025E-07
 -2.30551833624E-07
 -1.87396850038E-07
 -1.42973064499E-07
 -9.75187788299E-08
 -5.12853439716E-08
 -4.53576465276E-09
  4.24567225821E-08
  8.94102143434E-08
  1.36035936293E-07
  1.82039968877E-07
  2.27125340757E-07
  2.70993979257E-07
  3.13348806458E-07
  3.53896069782E-07
  3.92347459410E-07
  4.28422367804E-07
  4.61850305555E-07
  4.92372976169E-07
  5.19746834016E-07
  5.43744761217E-07
  5.64158710858E-07
  5.80801554406E-07
  5.93508843849E-07
  6.02140858064E-07
  6.06583967055E-07
  6.06752450949E-07
  6.02589295795E-07
  5.94067785187E-07
  5.81192011850E-07
  5.63997616609E-07
  5.42552186289E-07
  5.16955310559E-07
  4.87338525090E-07
  4.53864942074E-07
  4.16728568098E-07
  3.76153280968E-07
  3.32391806523E-07
  2.85724127025E-07
  2.36455903746E-07
  1.84916530088E-07
  1.31456829422E-07
  7.64468737202E-08
  2.02732213239E-08
 -3.66637102900E-08
 -9.39526429988E-08
 -1.51174432972E-07
 -2.07905316074E-07
 -2.63720011162E-07
 -3.18195304772E-07
 -3.70913028291E-07
 -4.21463653311E-07
 -4.69449673801E-07
 -5.14488647241E-07
 -5.56216434688E-07
 -5.94290497702E-07
 -6.28392626822E-07
 -6.58231726902E-07
 -6.83546431901E-07
 -7.04107435467E-07
 -7.19719764675E-07
 -7.30224542167E-07
 -7.35500407245E-07
 -7.35465164325E-07
 -7.30076578748E-07
 -7.19332945209E-07
 -7.03273656200E-07
 -6.81979145156E-07
 -6.55570602248E-07
 -6.24209064881E-07
 -5.88094849263E-07
 -5.47465788259E-07
 -5.02595923990E-07
 -4.53793603583E-07
 -4.01398921213E-07
 -3.45781472788E-07
 -2.87337599048E-07
 -2.26487273380E-07
 -1.63670961228E-07
 -9.93462663246E-08
 -3.39843460040E-08
  3.19336912469E-08
  9.79206404850E-08
  1.63486916449E-07
  2.28144514836E-07
  2.91410714226E-07
  3.52812151050E-07
  4.11888294138E-07
  4.68195338499E-07
  5.21309573287E-07
  5.70830877678E-07
  6.16385989360E-07
  6.57631119338E-07
  6.94255390954E-07
  7.25982488348E-07
  7.52573498630E-07
  7.73828674028E-07
  7.89588739281E-07
  7.99736483259E-07
  8.04197668458E-07
  8.02941428901E-07
  7.95980611201E-07
  7.83371547186E-07
  7.65213712839E-07
  7.41648818803E-07
  7.12859673513E-07
  6.79068591580E-07
  6.40535688490E-07
  5.97556720550E-07
  5.50460754312E-07
  4.99607153870E-07
  4.45383278702E-07
  3.88200760426E-07
  3.28492518520E-07
  2.66709150765E-07
  2.03315394742E-07
  1.38786290904E-07
  7.36035516979E-08
  8.25153634310E-09
 -5.67864759660E-08
 -1.21032115885E-07
 -1.84015789273E-07
 -2.45280261879E-07
 -3.04384258243E-07
 -3.60906085461E-07
 -4.14446560626E-07
 -4.64632307740E-07
 -5.11118685154E-07
 -5.53592144570E-07
 -5.91772788994E-07
 -6.25416305411E-07
 -6.54315954307E-07
 -6.78303649693E-07
 -6.97251380188E-07
 -7.11072118520E-07
 -7.19719878362E-07
 -7.23190396457E-07
 -7.21520507341E-07
 -7.14787518064E-07
 -7.03108980815E-07
 -6.86640987624E-07
 -6.65576635583E-07
 -6.40144719455E-07
 -6.10607060025E-07
 -5.77256685119E-07
 -5.40415044270E-07
 -5.00429166550E-07
 -4.57668789977E-07
 -4.12523007753E-07
 -3.65397283986E-07
 -3.16709815706E-07
 -2.66887951739E-07
 -2.16364696826E-07
 -1.65575187339E-07
 -1.14952925401E-07
 -6.49262119623E-08
 -1.59146953393E-08
  3.16742045925E-08
  7.74485684474E-08
  1.21035228062E-07
  1.62082784527E-07
  2.00264551609E-07
  2.35281092387E-07
  2.66862713261E-07
  2.94771751896E-07
  3.18804183053E-07
  3.38791636523E-07
  3.54602377683E-07
  3.66142586472E-07
  3.73357067929E-07
  3.76229394305E-07
  3.74782302970E-07
  3.69077355344E-07
  3.59214254786E-07
  3.45330192886E-07
  3.27598513650E-07
  3.06227121882E-07
  2.81457175788E-07
  2.53560500596E-07
  2.22837613251E-07
  1.89615178670E-07
  1.54243139150E-07
  1.17091879304E-07
  7.85490286148E-08
  3.90162568920E-08
 -1.09416098404E-09
 -4.13627958551E-08
 -8.13666503063E-08
 -1.20682699389E-07
 -1.58891580782E-07
 -1.95581108642E-07
 -2.30349783692E-07
 -2.62810374352E-07
 -2.92593227869E-07
 -3.19349396705E-07
 -3.42753878613E-07
 -3.62508387752E-07
 -3.78344140017E-07
 -3.90024240460E-07
 -3.97345928604E-07
 -4.00142539547E-07
 -3.98285067149E-07
 -3.91683670387E-07
 -3.80288668111E-07
 -3.64091164329E-07
 -3.43123701896E-07
 -3.17460091992E-07
 -2.87215215167E-07
 -2.52544481327E-07
 -2.13642863400E-07
 -1.70743646777E-07
 -1.24116837696E-07
 -7.40672945199E-08
 -2.09325552447E-08
  3.49196334071E-08
  9.30940089461E-08
  1.53170773842E-07
  2.14708720137E-07
  2.77248659586E-07
  3.40316887559E-07
  4.03428913387E-07
  4.66093240448E-07
  5.27815132045E-07
  5.88100704135E-07
  6.46460762255E-07
  7.02414524767E-07
  7.55494113491E-07
  8.05247736935E-07
  8.51243441957E-07
  8.93073263342E-07
  9.30355952278E-07
  9.62740500654E-07
  9.89909267446E-07
  1.01158036614E-06
  1.02751027953E-06
  1.03749619029E-06
  1.04137779999E-06
  1.03903857962E-06
  1.03040758859E-06
  1.01545958842E-06
  9.94215952232E-07
  9.66745005826E-07
  9.33161004468E-07
  8.93624417131E-07
  8.48340391713E-07
  7.97557390797E-07
  7.41565884255E-07
  6.80695848132E-07
  6.15314775132E-07
  5.45824832443E-07
  4.72659706929E-07
  3.96281961912E-07
  3.17179029707E-07
  2.35859744180E-07
  1.52850631707E-07
  6.86916692416E-08
 -1.60675917016E-08
 -1.00872370012E-07
 -1.85166825872E-07
 -2.68398309800E-07
 -3.50021622353E-07
 -4.29503216992E-07
 -5.06325193328E-07
 -5.79989318794E-07
 -6.50020865578E-07
 -7.15972134913E-07
 -7.77425952947E-07
 -8.33998740291E-07
 -8.85343411028E-07
 -9.31151930672E-07
 -9.71157646745E-07
 -1.00513693724E-06
 -1.03291131381E-06
 -1.05434787656E-06
 -1.06936079192E-06
 -1.07791152004E-06
 -1.08000836008E-06
 -1.07570701857E-06
 -1.06510913156E-06
 -1.04836146875E-06
 -1.02565434190E-06
 -9.97220467980E-07
 -9.63331217463E-07
 -9.24295932236E-07
 -8.80458117081E-07
 -8.32192711187E-07
 -7.79902848080E-07
 -7.24016160802E-07
 -6.64981428145E-07
 -6.03264481924E-07
 -5.39344625849E-07
 -4.73710116466E-07
 -4.06854695711E-07
 -3.39273185546E-07
 -2.71457537337E-07
 -2.03892966510E-07
 -1.37054001925E-07
 -7.14007555302E-08
 -7.37548999652E-09
  5.46008926960E-08
  1.14131893270E-07
  1.70848338144E-07
  2.24410982241E-07
  2.74512842680E-07
  3.20881184734E-07
  3.63279099247E-07
  4.01507037395E-07
  4.35403649135E-07
  4.64846408477E-07
  4.89751869281E-07
  5.10075665261E-07
  5.25811913121E-07
  5.36992615707E-07
  5.43686383025E-07
  5.45996897472E-07
  5.44061549590E-07
  5.38049050647E-07
  5.28157272583E-07
  5.14610690061E-07
  4.97657936194E-07
  4.77568335100E-07
  4.54629542901E-07
  4.29143824476E-07
  4.01425154450E-07
  3.71795863430E-07
  3.40583170555E-07
  3.08116199221E-07
  2.74722424365E-07
  2.40724858713E-07
  2.06438670602E-07
  1.72168611812E-07
  1.38206047495E-07
  1.04826618497E-07
  7.22878041870E-08
  4.08269222874E-08
  1.06593089910E-08
 -1.80232202496E-08
 -4.50536212782E-08
 -7.02905680328E-08
 -9.36191142387E-08
 -1.14951056673E-07
 -1.34224947601E-07
 -1.51405842530E-07
 -1.66484909414E-07
 -1.79478334417E-07
 -1.90426462154E-07
 -1.99392374611E-07
 -2.06460299523E-07
 -2.11733848232E-07
 -2.15334026166E-07
 -2.17397086999E-07
 -2.18072258917E-07
 -2.17519342982E-07
 -2.15906254653E-07
 -2.13406451621E-07
 -2.10196503758E-07
 -2.06453307783E-07
 -2.02351870371E-07
 -1.98062721779E-07
 -1.93749485788E-07
 -1.89566847553E-07
 -1.85658294072E-07
 -1.82154323625E-07
 -1.79170669412E-07
 -1.76806793206E-07
 -1.75144577952E-07
 -1.74247304585E-07
 -1.74158898858E-07
 -1.74903306061E-07
 -1.76484221015E-07
 -1.78885159130E-07
 -1.82069655352E-07
 -1.85981775758E-07
 -1.90546884937E-07
 -1.95672726022E-07
 -2.01250514920E-07
 -2.07156588772E-07
 -2.13253912307E-07
 -2.19393953671E-07
 -2.25418730793E-07
 -2.31162815112E-07
 -2.36455662161E-07
 -2.41123899514E-07
 -2.44993572096E-07
 -2.47892700145E-07
 -2.49653510309E-07
 -2.50114823075E-07
 -2.49124383345E-07
 -2.46540963644E-07
 -2.42236552594E-07
 -2.36098202322E-07
 -2.28029819027E-07
 -2.17953868287E-07
 -2.05812597187E-07
 -1.91569370145E-07
 -1.75209535769E-07
 -1.56741052137E-07
 -1.36195112077E-07
 -1.13626164477E-07
 -8.91118645541E-08
 -6.27527612096E-08
 -3.46716575450E-08
 -5.01274044495E-09
  2.60595243162E-08
  5.83617421057E-08
  9.16931952588E-08
  1.25837559040E-07
  1.60564951557E-07
  1.95634029865E-07
  2.30794199751E-07
  2.65788173692E-07
  3.00354258798E-07
  3.34229156351E-07
  3.67150221336E-07
  3.98858418293E-07
  4.29100737165E-07
  4.57632580719E-07
  4.84220663566E-07
  5.08644916408E-07
  5.30700958734E-07
  5.50202173599E-07
  5.66981611883E-07
  5.80893697588E-07
  5.91815819462E-07
  5.99649467858E-07
  6.04321371611E-07
  6.05784407526E-07
  6.04017884598E-07
  5.99027941917E-07
  5.90847662352E-07
  5.79536447276E-07
  5.65179789191E-07
  5.47888589608E-07
  5.27797510586E-07
  5.05064349454E-07
  4.79868162984E-07
  4.52407590501E-07
  4.22898949637E-07
  3.91574275227E-07
  3.58678818202E-07
  3.24469027646E-07
  2.89209822313E-07
  2.53172174780E-07
  2.16630567706E-07
  1.79860364824E-07
  1.43135252983E-07
  1.06724684201E-07
  7.08914384973E-08
  3.58891867336E-08
  1.96023353105E-09
 -3.06666052552E-08
 -6.17780102630E-08
 -9.11779451940E-08
 -1.18689300166E-07
 -1.44155251292E-07
 -1.67440447285E-07
 -1.88431968695E-07
 -2.07040088185E-07
 -2.23198583171E-07
 -2.36865105308E-07
 -2.48020995741E-07
 -2.56671199850E-07
 -2.62843428800E-07
 -2.66587818487E-07
 -2.67975622137E-07
 -2.67098101858E-07
 -2.64065334932E-07
 -2.59004451664E-07
 -2.52058015349E-07
 -2.43382231702E-07
 -2.33144930917E-07
 -2.21523592359E-07
 -2.08703184512E-07
 -1.94874004933E-07
 -1.80229591251E-07
 -1.64964532701E-07
 -1.49272267436E-07
 -1.33343149855E-07
 -1.17362283447E-07
 -1.01507779959E-07
 -8.59488480387E-08
 -7.08442513542E-08
 -5.63407311915E-08
 -4.25717168184E-08
 -2.96561744051E-08
 -1.76976637789E-08
 -6.78356260053E-09
  3.01548364057E-09
  1.16458922506E-08
  1.90712885484E-08
  2.52724294825E-08
  3.02469302937E-08
  3.40087851214E-08
  3.65877070863E-08
  3.80282862977E-08
  3.83889897648E-08
  3.77410032115E-08
  3.61669165727E-08
  3.37593419886E-08
  3.06193932431E-08
  2.68550834903E-08
  2.25796963349E-08
  1.79100876352E-08
  1.29649775360E-08
  7.86325582425E-09
  2.72230238352E-09
 -2.34364549989E-09
 -7.22506054984E-09
 -1.18186074261E-08
 -1.60285313910E-08
 -1.97679206337E-08
 -2.29598509094E-08
 -2.55383678649E-08
 -2.74493299202E-08
 -2.86510939418E-08
 -2.91149913068E-08
 -2.88256778447E-08
 -2.77812777227E-08
 -2.59933514712E-08
 -2.34866828208E-08
 -2.02989074438E-08
 -1.64799605074E-08
 -1.20913652424E-08
 -7.20537540744E-09
 -1.90397897448E-09
  3.72222741518E-09
  9.57527213075E-09
  1.55511390432E-08
  2.15411812832E-08
  2.74335860695E-08
  3.31148868327E-08
  3.84715121982E-08
  4.33913136533E-08
  4.77651092012E-08
  5.14881683955E-08
  5.44616725051E-08
  5.65940787567E-08
  5.78024312858E-08
  5.80135370853E-08
  5.71650602410E-08
  5.52064811643E-08
  5.20998888476E-08
  4.78206843013E-08
  4.23580495124E-08
  3.57153275843E-08
  2.79101968204E-08
  1.89746884871E-08
  8.95503582399E-09
 -2.08865880147E-09
 -1.40828841921E-08
 -2.69413824583E-08
 -4.05659150715E-08
 -5.48472236517E-08
 -6.96660507060E-08
 -8.48943599863E-08
 -1.00396604807E-07
 -1.16031088737E-07
 -1.31651418656E-07
 -1.47108053739E-07
 -1.62249790492E-07
 -1.76925411211E-07
 -1.90985204540E-07
 -2.04282571303E-07
 -2.16675559273E-07
 -2.28028355309E-07
 -2.38212805925E-07
 -2.47109625207E-07
 -2.54609801686E-07
 -2.60615763636E-07
 -2.65042388037E-07
 -2.67817881650E-07
 -2.68884718935E-07
 -2.68200238907E-07
 -2.65736986194E-07
 -2.61483336317E-07
 -2.55443325159E-07
 -2.47637132134E-07
 -2.38100497540E-07
 -2.26884708354E-07
 -2.14056115055E-07
 -1.99695463721E-07
 -1.83897213901E-07
 -1.66768728604E-07
 -1.48429265323E-07
 -1.29008824956E-07
 -1.08647071784E-07
 -8.74919834359E-08
 -6.56985719161E-08
 -4.34273772498E-08
 -2.08431583104E-08
  1.88668125567E-09
  2.45935325438E-08
  4.71090757515E-08
  6.92667541102E-08
  9.09031854235E-08
  1.11859598917E-07
  1.31983114215E-07
  1.51128077164E-07
  1.69157118535E-07
  1.85942411690E-07
