 -2.11354404200E-07
 -2.09756450431E-07
 -2.07944665931E-07
 -2.05923569752E-07
 -2.03698334644E-07
 -2.01274815481E-07
 -1.98659535044E-07
 -1.95859726659E-07
 -1.92883121031E-07
 -1.89738145195E-07
 -1.86433609883E-07
 -1.82978880048E-07
 -1.79383647492E-07
 -1.75657945078E-07
 -1.71811961991E-07
 -1.67856072153E-07
 -1.63800692121E-07
 -1.59656096343E-07
 -1.55432502424E-07
 -1.51139815330E-07
 -1.46787627386E-07
 -1.42385076174E-07
 -1.37940844525E-07
 -1.33462904728E-07
 -1.28958660639E-07
 -1.24434777149E-07
 -1.19897109130E-07
 -1.15350772489E-07
 -1.10799966535E-07
 -1.06248101872E-07
 -1.01697708033E-07
 -9.71504618974E-08
 -9.26072729612E-08
 -8.80682335946E-08
 -8.35327256254E-08
 -7.89994771822E-08
 -7.44666053265E-08
 -6.99317368458E-08
 -6.53920864124E-08
 -6.08445347439E-08
 -5.62857742636E-08
 -5.17123552868E-08
 -4.71208636554E-08
 -4.25079775823E-08
 -3.78706204174E-08
 -3.32060210440E-08
 -2.85118346710E-08
 -2.37862476382E-08
 -1.90280449175E-08
 -1.42366847200E-08
 -9.41236333318E-09
 -4.55607285232E-09
  3.30376531688E-10
  5.24432897109E-09
  1.01822763554E-08
  1.51398680259E-08
  2.01119405574E-08
  2.50925538126E-08
  3.00750464532E-08
  3.50521069947E-08
  4.00158590708E-08
  4.49579573569E-08
  4.98696799411E-08
  5.47420704322E-08
  5.95660303304E-08
  6.43324611360E-08
  6.90324029051E-08
  7.36571337256E-08
  7.81983473530E-08
  8.26482278171E-08
  8.69996128472E-08
  9.12460933478E-08
  9.53820702421E-08
  9.94029178969E-08
  1.03305026755E-07
  1.07085824652E-07
  1.10743890502E-07
  1.14278911667E-07
  1.17691733692E-07
  1.20984324781E-07
  1.24159726056E-07
  1.27222051560E-07
  1.30176331936E-07
  1.33028450477E-07
  1.35785086286E-07
  1.38453486898E-07
  1.41041397228E-07
  1.43556860621E-07
  1.46008062529E-07
  1.48403159983E-07
  1.50750082639E-07
  1.53056348040E-07
  1.55328876872E-07
  1.57573822435E-07
  1.59796357480E-07
  1.62000517889E-07
  1.64189060570E-07
  1.66363335552E-07
  1.68523129673E-07
  1.70666496047E-07
  1.72789839326E-07
  1.74887674120E-07
  1.76952738684E-07
  1.78975895437E-07
  1.80946187811E-07
  1.82850925512E-07
  1.84675670312E-07
  1.86404449209E-07
  1.88019839698E-07
  1.89503154502E-07
  1.90834597902E-07
  1.91993564158E-07
  1.92958751200E-07
  1.93708515894E-07
  1.94221115635E-07
  1.94474907289E-07
  1.94448816160E-07
  1.94122478092E-07
  1.93476552113E-07
  1.92493104123E-07
  1.91155734797E-07
  1.89450048538E-07
  1.87363724535E-07
  1.84886886245E-07
  1.82012215078E-07
  1.78735248824E-07
  1.75054452711E-07
  1.70971304669E-07
  1.66490565334E-07
  1.61620107519E-07
  1.56371129378E-07
  1.50758012296E-07
  1.44798249835E-07
  1.38512461945E-07
  1.31924124958E-07
  1.25059486322E-07
  1.17947294598E-07
  1.10618572080E-07
  1.03106380323E-07
  9.54454364432E-08
  8.76718573295E-08
  7.98227759446E-08
  7.19359860568E-08
  6.40495869675E-08
  5.62015891603E-08
  4.84295412662E-08
  4.07701392646E-08
  3.32589031871E-08
  2.59297756600E-08
  1.88148199243E-08
  1.19438965385E-08
  5.34439115185E-09
 -9.59052504079E-10
 -6.94473500928E-09
 -1.25940911033E-08
 -1.78918249105E-08
 -2.28260077506E-08
 -2.73881415325E-08
 -3.15731512046E-08
 -3.53793723207E-08
 -3.88084622216E-08
 -4.18652916778E-08
 -4.45577654773E-08
 -4.68966554479E-08
 -4.88953375566E-08
 -5.05695645359E-08
 -5.19371283758E-08
 -5.30175903179E-08
 -5.38319255838E-08
 -5.44021823146E-08
 -5.47511191940E-08
 -5.49018679408E-08
 -5.48775709319E-08
 -5.47010188257E-08
 -5.43943414755E-08
 -5.39786881859E-08
 -5.34739399427E-08
 -5.28984358539E-08
 -5.22687564342E-08
 -5.15995246531E-08
 -5.09032567209E-08
 -5.01902448491E-08
 -4.94684933017E-08
 -4.87436828678E-08
 -4.80191992835E-08
 -4.72961936282E-08
 -4.65737031163E-08
 -4.58487825483E-08
 -4.51167068150E-08
 -4.43711876130E-08
 -4.36046434515E-08
 -4.28084803161E-08
 -4.19734078605E-08
 -4.10897555980E-08
 -4.01478281731E-08
 -3.91382570797E-08
 -3.80523417221E-08
 -3.68823833696E-08
 -3.56220404285E-08
 -3.42666268693E-08
 -3.28134071026E-08
 -3.12618446685E-08
 -2.96138455980E-08
 -2.78739307191E-08
 -2.60493742132E-08
 -2.41503084197E-08
 -2.21897504815E-08
 -2.01835987923E-08
 -1.81505708241E-08
 -1.61120699005E-08
 -1.40920191072E-08
 -1.21166321421E-08
 -1.02141308744E-08
 -8.41441494259E-09
 -6.74869538031E-09
 -5.24907495247E-09
 -3.94810939497E-09
 -2.87833179513E-09
 -2.07175454570E-09
 -1.55936530355E-09
 -1.37060929273E-09
 -1.53287837978E-09
 -2.07100758765E-09
 -3.00679303677E-09
 -4.35853264591E-09
 -6.14060624571E-09
 -8.36309510532E-09
 -1.10314513080E-08
 -1.41462264125E-08
 -1.77028649517E-08
 -2.16915569951E-08
 -2.60971724231E-08
 -3.08992724740E-08
 -3.60721905679E-08
 -4.15852028368E-08
 -4.74027785913E-08
 -5.34848823008E-08
 -5.97874247887E-08
 -6.62626931103E-08
 -7.28599189870E-08
 -7.95258969788E-08
 -8.62056168671E-08
 -9.28430168301E-08
 -9.93817081962E-08
 -1.05765771252E-07
 -1.11940558156E-07
 -1.17853488746E-07
 -1.23454896084E-07
 -1.28698744106E-07
 -1.33543480274E-07
 -1.37952710588E-07
 -1.41895867500E-07
 -1.45348863612E-07
 -1.48294546420E-07
 -1.50723323600E-07
 -1.52633290895E-07
 -1.54030701083E-07
 -1.54930006602E-07
 -1.55353902187E-07
 -1.55333353291E-07
 -1.54907255023E-07
 -1.54122176355E-07
 -1.53031933792E-07
 -1.51697051365E-07
 -1.50183993242E-07
 -1.48564424762E-07
 -1.46914388210E-07
 -1.45313194366E-07
 -1.43842470379E-07
 -1.42584895002E-07
 -1.41623146988E-07
 -1.41038540846E-07
 -1.40909847346E-07
 -1.41311886637E-07
 -1.42314405593E-07
 -1.43980685152E-07
 -1.46366417653E-07
 -1.49518498915E-07
 -1.53473962428E-07
 -1.58258956162E-07
 -1.63887875715E-07
 -1.70362653762E-07
 -1.77672049517E-07
 -1.85791208196E-07
 -1.94681376797E-07
 -2.04289719363E-07
 -2.14549430666E-07
 -2.25379821472E-07
 -2.36686872768E-07
 -2.48363733135E-07
 -2.60291557197E-07
 -2.72340486163E-07
 -2.84370685222E-07
 -2.96233736208E-07
 -3.07774172370E-07
 -3.18830871038E-07
 -3.29239043140E-07
 -3.38831881663E-07
 -3.47442608017E-07
 -3.54906518396E-07
 -3.61062802767E-07
 -3.65756818610E-07
 -3.68842250964E-07
 -3.70182817733E-07
 -3.69654600263E-07
 -3.67147748648E-07
 -3.62568329138E-07
 -3.55840029442E-07
 -3.46905665083E-07
 -3.35728458367E-07
 -3.22293317367E-07
 -3.06607631728E-07
 -2.88701897944E-07
 -2.68630429900E-07
 -2.46471216769E-07
 -2.22326065114E-07
 -1.96320087298E-07
 -1.68601047790E-07
 -1.39338524718E-07
 -1.08722510106E-07
 -7.69621095742E-08
 -4.42836487480E-08
 -1.09287290329E-08
  2.28480345754E-08
  5.67814559815E-08
  9.05984265387E-08
  1.24020729686E-07
  1.56767967496E-07
  1.88560647985E-07
  2.19123222678E-07
  2.48187433272E-07
  2.75495267488E-07
  3.00802270203E-07
  3.23880470887E-07
  3.44521595252E-07
  3.62539594789E-07
  3.77773574201E-07
  3.90090036717E-07
  3.99385271521E-07
  4.05587087471E-07
  4.08656546824E-07
  4.08589471590E-07
  4.05417011962E-07
  3.99206442125E-07
  3.90061444477E-07
  3.78121796984E-07
  3.63562662642E-07
  3.46593935774E-07
  3.27458451466E-07
  3.06430422370E-07
  2.83813079704E-07
  2.59936314251E-07
  2.35153436279E-07
  2.09838205478E-07
  1.84381107715E-07
  1.59185518100E-07
  1.34663636686E-07
  1.11232210998E-07
  8.93080880360E-08
  6.93036099619E-08
  5.16220346469E-08
  3.66528283280E-08
  2.47670310927E-08
  1.63127200636E-08
  1.16105249859E-08
  1.09493765166E-08
  1.45824401443E-08
  2.27233254435E-08
  3.55426053034E-08
  5.31646762170E-08
  7.56650280209E-08
  1.03067918644E-07
  1.35344535579E-07
  1.72411589006E-07
  2.14130523091E-07
  2.60307103872E-07
  3.10691689265E-07
  3.64980024870E-07
  4.22814480316E-07
  4.83785981942E-07
  5.47436400211E-07
  6.13261533999E-07
  6.80714606460E-07
  7.49209959849E-07
  8.18128000901E-07
  8.86819407242E-07
  9.54610754889E-07
  1.02080991837E-06
  1.08471181193E-06
  1.14560486963E-06
  1.20277672977E-06
  1.25552128338E-06
  1.30314481339E-06
  1.34497224735E-06
  1.38035431974E-06
  1.40867314258E-06
  1.42934879932E-06
  1.44184571127E-06
  1.44567673033E-06
  1.44041098338E-06
  1.42567637340E-06
  1.40116526381E-06
  1.36663879857E-06
  1.32192928959E-06
  1.26694442315E-06
  1.20166816941E-06
  1.12616373826E-06
  1.04057380668E-06
  9.45121257701E-07
  8.40108668854E-07
  7.25917630007E-07
  6.03006810707E-07
  4.71909771704E-07
  3.33232179628E-07
  1.87647842154E-07
  3.58949812096E-08
 -1.21228822536E-07
 -2.82871724266E-07
 -4.48133448572E-07
 -6.16071417880E-07
 -7.85707243267E-07
 -9.56033886723E-07
 -1.12602265290E-06
 -1.29463023768E-06
 -1.46080685681E-06
 -1.62350352184E-06
 -1.78167954346E-06
 -1.93431060325E-06
 -2.08039523386E-06
 -2.21896357289E-06
 -2.34908293351E-06
 -2.46986587626E-06
 -2.58047521129E-06
 -2.68013195637E-06
 -2.76811852018E-06
 -2.84378597826E-06
 -2.90655748358E-06
 -2.95593190458E-06
 -2.99148837257E-06
 -3.01288810078E-06
 -3.01987734019E-06
 -3.01228760691E-06
 -2.99003750115E-06
 -2.95313316201E-06
 -2.90166644845E-06
 -2.83581493932E-06
 -2.75584034171E-06
 -2.66208439825E-06
 -2.55496888713E-06
 -2.43498948294E-06
 -2.30271302826E-06
 -2.15877366827E-06
 -2.00386625693E-06
 -1.83874340109E-06
 -1.66420795722E-06
 -1.48110882492E-06
 -1.29033423946E-06
 -1.09280540528E-06
 -8.89470982202E-07
 -6.81300377892E-07
 -4.69277523507E-07
 -2.54394706189E-07
 -3.76465116858E-08
  1.79976069603E-07
  3.97491504600E-07
  6.13933082150E-07
  8.28354359328E-07
  1.03983359168E-06
  1.24747873542E-06
  1.45043134125E-06
  1.64787070389E-06
  1.83901670425E-06
  2.02313322006E-06
  2.19953017222E-06
  2.36756636696E-06
  2.52665040534E-06
  2.67624227490E-06
  2.81585471384E-06
  2.94505230158E-06
  3.06345305034E-06
  3.17072749567E-06
  3.26659755956E-06
  3.35083700520E-06
  3.42326893588E-06
  3.48376511283E-06
  3.53224481842E-06
  3.56867235496E-06
  3.59305477104E-06
  3.60544186151E-06
  3.60592184734E-06
  3.59462069355E-06
  3.57169983545E-06
  3.53735367753E-06
  3.49180845660E-06
  3.43531951330E-06
  3.36816992785E-06
  3.29066915583E-06
  3.20315052704E-06
  3.10597033604E-06
  2.99950715998E-06
  2.88415981231E-06
  2.76034688795E-06
  2.62850539912E-06
  2.48909009315E-06
  2.34257390730E-06
  2.18944637709E-06
  2.03021340894E-06
  1.86539602964E-06
  1.69553254636E-06
  1.52117547714E-06
  1.34289257403E-06
  1.16126625471E-06
  9.76893034021E-07
  7.90382955529E-07
  6.02358852575E-07
  4.13455694570E-07
  2.24319265385E-07
  3.56051508277E-08
 -1.52022749944E-07
 -3.37893851565E-07
 -5.21332935932E-07
 -7.01662088431E-07
 -8.78203479715E-07
 -1.05028175312E-06
 -1.21722678159E-06
 -1.37837776037E-06
 -1.53308565132E-06
 -1.68071733242E-06
 -1.82065923582E-06
 -1.95232178157E-06
 -2.07514267458E-06
 -2.18859236156E-06
 -2.29217721426E-06
 -2.38544384956E-06
 -2.46798504122E-06
 -2.53944176620E-06
 -2.59950843429E-06
 -2.64793675342E-06
 -2.68453914032E-06
 -2.70919213108E-06
 -2.72183933703E-06
 -2.72249349109E-06
 -2.71124031315E-06
 -2.68823873739E-06
 -2.65372182184E-06
 -2.60799811258E-06
 -2.55145187111E-06
 -2.48454148277E-06
 -2.40779831984E-06
 -2.32182492255E-06
 -2.22729249799E-06
 -2.12493728213E-06
 -2.01555621970E-06
 -1.90000241673E-06
 -1.77917968358E-06
 -1.65403673691E-06
 -1.52556037847E-06
 -1.39476776440E-06
 -1.26270026612E-06
 -1.13041369332E-06
 -9.98970449473E-07
 -8.69431687534E-07
 -7.42846850699E-07
 -6.20245657501E-07
 -5.02628324739E-07
 -3.90956955698E-07
 -2.86146132567E-07
 -1.89054517818E-07
 -1.00476043485E-07
 -2.11322515042E-08
  4.83354725134E-08
  1.07372727598E-07
  1.55518449674E-07
  1.92410297473E-07
  2.17789505541E-07
  2.31504543535E-07
  2.33514029446E-07
  2.23888591222E-07
  2.02811591521E-07
  1.70578985603E-07
  1.27597857613E-07
  7.43839692063E-08
  1.15582805549E-08
 -6.01577951898E-08
 -1.39948056699E-07
 -2.26908241530E-07
 -3.20053771929E-07
 -4.18328340857E-07
 -5.20613355093E-07
 -6.25738209692E-07
 -7.32491230337E-07
 -8.39631127292E-07
 -9.45898761984E-07
 -1.05002959572E-06
 -1.15076647944E-06
 -1.24687142034E-06
 -1.33713911055E-06
 -1.42040903484E-06
 -1.49557706663E-06
 -1.56160820097E-06
 -1.61754689998E-06
 -1.66252812051E-06
 -1.69578629539E-06
 -1.71666533788E-06
 -1.72462523551E-06
 -1.71924932602E-06
 -1.70024964063E-06
 -1.66747122421E-06
 -1.62089520472E-06
 -1.56063936174E-06
 -1.48695937696E-06
 -1.40024701523E-06
 -1.30102705498E-06
 -1.18995308185E-06
 -1.06780271381E-06
 -9.35469131491E-07
 -7.93954143319E-07
 -6.44357839974E-07
 -4.87868021537E-07
 -3.25748629848E-07
 -1.59326916105E-07
  1.00200097108E-08
  1.80879425216E-07
  3.51817533328E-07
  5.21394838415E-07
  6.88181046371E-07
  8.50770959460E-07
  1.00779914192E-06
  1.15795523925E-06
  1.29999875753E-06
  1.43277179632E-06
  1.55521399847E-06
  1.66637312304E-06
  1.76541709607E-06
  1.85164321920E-06
  1.92448783309E-06
  1.98353200176E-06
  2.02850810638E-06
  2.05930359698E-06
  2.07596303881E-06
  2.07868811231E-06
  2.06783738577E-06
  2.04392222258E-06
  2.00760246116E-06
  1.95967913896E-06
  1.90108710285E-06
  1.83288420885E-06
  1.75623972609E-06
  1.67242171756E-06
  1.58278282925E-06
  1.48874403294E-06
  1.39177893743E-06
  1.29339548494E-06
  1.19511867069E-06
  1.09847167096E-06
  1.00495640254E-06
  9.16035617138E-07
  8.33113006138E-07
  7.57515351779E-07
  6.90474337262E-07
  6.33109607406E-07
  5.86412227221E-07
  5.51229788925E-07
  5.28253053744E-07
  5.18003162142E-07
  5.20821856753E-07
  5.36862728495E-07
  5.66084224829E-07
  6.08245841249E-07
  6.62905449644E-07
  7.29419241452E-07
  8.06944228771E-07
  8.94442848676E-07
  9.90689613900E-07
  1.09428083306E-06
  1.20364586564E-06
  1.31706065076E-06
  1.43266390751E-06
  1.54847475642E-06
  1.66241181887E-06
  1.77231504495E-06
  1.87596765500E-06
  1.97112012756E-06
  2.05551600629E-06
  2.12691543311E-06
  2.18312379729E-06
  2.22201560973E-06
  2.24156246986E-06
  2.23985830416E-06
  2.21514574150E-06
  2.16583885049E-06
  2.09054860534E-06
  1.98810266738E-06
  1.85756823612E-06
  1.69826796537E-06
  1.50979815317E-06
  1.29204136101E-06
  1.04517778254E-06
  7.69695020608E-07
  4.66392208409E-07
  1.36383562221E-07
 -2.18902258098E-07
 -5.97725772877E-07
 -9.98043333311E-07
 -1.41751752381E-06
 -1.85352985227E-06
 -2.30319733419E-06
 -2.76339142147E-06
 -3.23076119457E-06
 -3.70175666831E-06
 -4.17265800934E-06
 -4.63960441266E-06
 -5.09862502440E-06
 -5.54567486688E-06
 -5.97666939939E-06
 -6.38751816950E-06
 -6.77416755934E-06
 -7.13263352736E-06
 -7.45904253563E-06
 -7.74966974859E-06
 -8.00097222964E-06
 -8.20963214210E-06
 -8.37258721731E-06
 -8.48706440593E-06
 -8.55061443872E-06
 -8.56113820191E-06
 -8.51691402204E-06
 -8.41662495077E-06
 -8.25937058835E-06
 -8.04469618743E-06
 -7.77259447204E-06
 -7.44352246329E-06
 -7.05840420778E-06
 -6.61863305140E-06
 -6.12606754657E-06
 -5.58302554055E-06
 -4.99227189721E-06
 -4.35700349044E-06
 -3.68082805835E-06
 -2.96774260278E-06
 -2.22210383072E-06
 -1.44859723150E-06
 -6.52203084428E-07
  1.61842720559E-07
  9.88088345366E-07
  1.82090968792E-06
  2.65455582849E-06
  3.48319622390E-06
  4.30096861237E-06
  5.10202835358E-06
  5.88059901929E-06
  6.63102127874E-06
  7.34780223866E-06
  8.02566319180E-06
  8.65958645591E-06
  9.24486357690E-06
  9.77713170869E-06
  1.02524163594E-05
  1.06671714093E-05
  1.10183073048E-05
  1.13032228910E-05
  1.15198281492E-05
  1.16665669339E-05
  1.17424342534E-05
  1.17469799079E-05
  1.16803248602E-05
  1.15431512313E-05
  1.13367059384E-05
  1.10627852337E-05
  1.07237219709E-05
  1.03223683254E-05
  9.86206214293E-06
  9.34660511120E-06
  8.78022819961E-06
  8.16754709376E-06
  7.51352263251E-06
  6.82341897118E-06
  6.10274764767E-06
  5.35722301720E-06
  4.59270131614E-06
  3.81513336833E-06
  3.03050160255E-06
  2.24476707444E-06
  1.46381228205E-06
  6.93384492934E-07
 -6.09582215816E-08
 -7.93900142071E-07
 -1.50041842062E-06
 -2.17583055928E-06
 -2.81583857031E-06
 -3.41656937053E-06
 -3.97461053581E-06
 -4.48704076916E-06
 -4.95145877721E-06
 -5.36599827683E-06
 -5.72934868615E-06
 -6.04075921729E-06
 -6.30004569757E-06
 -6.50758329357E-06
 -6.66429968987E-06
 -6.77165644447E-06
 -6.83163170834E-06
 -6.84668702888E-06
 -6.81973506289E-06
 -6.75410683471E-06
 -6.65349807605E-06
 -6.52192784401E-06
 -6.36368486084E-06
 -6.18326839685E-06
 -5.98533324592E-06
 -5.77462560614E-06
 -5.55592168894E-06
 -5.33396269020E-06
 -5.11338839715E-06
 -4.89867852593E-06
 -4.69408314530E-06
 -4.50356674264E-06
 -4.33074728790E-06
 -4.17884257331E-06
 -4.05061609854E-06
 -3.94833477912E-06
 -3.87372392652E-06
 -3.82793405151E-06
 -3.81151176043E-06
 -3.82437610824E-06
 -3.86580541090E-06
 -3.93442860513E-06
 -4.02822706747E-06
 -4.14454234487E-06
 -4.28009207099E-06
 -4.43099634140E-06
 -4.59280954601E-06
 -4.76056038679E-06
 -4.92880144520E-06
 -5.09166511620E-06
 -5.24292227055E-06
 -5.37605546924E-06
 -5.48433081349E-06
 -5.56087843506E-06
 -5.59877344131E-06
 -5.59112686460E-06
 -5.53117251911E-06
 -5.41236113349E-06
 -5.22844902662E-06
 -4.97359314977E-06
 -4.64243885290E-06
 -4.23021128881E-06
 -3.73279976884E-06
 -3.14683575198E-06
 -2.46977242568E-06
 -1.69995075794E-06
 -8.36663616610E-07
  1.19791394582E-07
  1.16806688766E-06
  2.30572891269E-06
  3.52923370883E-06
  4.83391158923E-06
  6.21396384304E-06
  7.66247376305E-06
  9.17142278922E-06
  1.07317255242E-05
  1.23332756630E-05
  1.39650010169E-05
  1.56149289978E-05
  1.72702712007E-05
  1.89175098058E-05
  2.05424985324E-05
  2.21305836021E-05
  2.36667001445E-05
  2.51355249929E-05
  2.65215894615E-05
  2.78094303212E-05
  2.89837353193E-05
  3.00294777844E-05
  3.09320748784E-05
  3.16775440297E-05
  3.22526284435E-05
  3.26449626300E-05
  3.28432106471E-05
  3.28371897922E-05
  3.26180197590E-05
  3.21782281389E-05
  3.15118704748E-05
  3.06146212097E-05
  2.94838719128E-05
  2.81188076769E-05
  2.65204544121E-05
  2.46917461482E-05
  2.26375304919E-05
  2.03646050068E-05
  1.78816953849E-05
  1.51994481712E-05
  1.23303816508E-05
  9.28883855522E-06
  6.09090420767E-06
  2.75432535091E-06
 -7.01606154507E-07
 -4.25617099609E-06
 -7.88736087998E-06
 -1.15720358735E-05
 -1.52860811795E-05
 -1.90045939235E-05
 -2.27020609600E-05
 -2.63525707851E-05
 -2.99299954349E-05
 -3.34082142217E-05
 -3.67613320122E-05
 -3.99638774979E-05
 -4.29910251114E-05
 -4.58188187622E-05
 -4.84243646497E-05
 -5.07860422658E-05
 -5.28836935700E-05
 -5.46988267160E-05
 -5.62147579330E-05
 -5.74168079766E-05
 -5.82924294577E-05
 -5.88313305343E-05
 -5.90256131545E-05
 -5.88698349020E-05
 -5.83611144975E-05
 -5.74991609028E-05
 -5.62863133382E-05
 -5.47275594727E-05
 -5.28304990439E-05
 -5.06053438585E-05
 -4.80648268422E-05
 -4.52241511084E-05
 -4.21008662670E-05
 -3.87147556467E-05
 -3.50877053279E-05
 -3.12435222440E-05
 -2.72077650152E-05
 -2.30075620493E-05
 -1.86713914445E-05
 -1.42288572533E-05
 -9.71045756160E-06
 -5.14735302204E-06
 -5.71105431391E-07
  3.98656447942E-06
  8.49404204928E-06
  1.29200607262E-05
  1.72339769051E-05
  2.14059946302E-05
  2.54074275290E-05
  2.92109216389E-05
  3.27906818711E-05
  3.61226921086E-05
  3.91848880099E-05
  4.19573589170E-05
  4.44224933744E-05
  4.65651392005E-05
  4.83726944367E-05
  4.98352346767E-05
  5.09455676365E-05
  5.16993059136E-05
  5.20948742633E-05
  5.21335168742E-05
  5.18192900927E-05
  5.11590078531E-05
  5.01621616422E-05
  4.88408550154E-05
  4.72096580779E-05
  4.52855019830E-05
  4.30874970334E-05
  4.06367835240E-05
  3.79563171009E-05
  3.50706759491E-05
  3.20058352372E-05
  2.87889506581E-05
  2.54481001321E-05
  2.20120455197E-05
  1.85099834198E-05
  1.49712896018E-05
  1.14252588901E-05
  7.90086687630E-06
  4.42651162302E-06
  1.02977958250E-06
 -2.26278621085E-06
 -5.42590942132E-06
 -8.43578254717E-06
 -1.12702655315E-05
 -1.39090534503E-05
 -1.63338427228E-05
 -1.85284625331E-05
 -2.04789994314E-05
 -2.21738901018E-05
 -2.36039959418E-05
 -2.47626576311E-05
 -2.56457205978E-05
 -2.62515459326E-05
 -2.65809849225E-05
 -2.66373535851E-05
 -2.64263508143E-05
 -2.59560019913E-05
 -2.52365225606E-05
 -2.42802343564E-05
 -2.31013891607E-05
 -2.17160377360E-05
 -2.01418479264E-05
 -1.83979173016E-05
 -1.65045876201E-05
 -1.44832310980E-05
 -1.23560475913E-05
 -1.01458426798E-05
 -7.87580574979E-06
 -5.56929489903E-06
 -3.24961388287E-06
 -9.39799463140E-07
  1.33759249366E-06
  3.56068858309E-06
  5.70849215364E-06
  7.76106753619E-06
  9.69971097220E-06
  1.15071061373E-05
  1.31674696604E-05
  1.46666698129E-05
  1.59923420142E-05
  1.71339743247E-05
  1.80829756573E-05
  1.88327394426E-05
  1.93786545424E-05
  1.97181343538E-05
  1.98506113520E-05
  1.97774988919E-05
  1.95021530089E-05
  1.90298105736E-05
  1.83675056178E-05
  1.75239765667E-05
  1.65095589182E-05
  1.53360560944E-05
  1.40166030178E-05
  1.25655224110E-05
  1.09981656351E-05
  9.33075352805E-06
  7.58020178182E-06
  5.76395450480E-06
  3.89980050386E-06
  2.00570616471E-06
  9.96347111482E-08
 -1.80062215804E-06
 -3.67761276721E-06
 -5.51438552066E-06
 -7.29464318283E-06
 -9.00288614503E-06
 -1.06245452116E-05
 -1.21461107483E-05
 -1.35552318170E-05
 -1.48408253153E-05
 -1.59931496455E-05
 -1.70038783835E-05
 -1.78661521204E-05
 -1.85746121133E-05
 -1.91254348465E-05
 -1.95163320313E-05
 -1.97465360543E-05
 -1.98167963390E-05
 -1.97293229576E-05
 -1.94877466129E-05
 -1.90970640688E-05
 -1.85635417438E-05
 -1.78946520464E-05
 -1.70989605977E-05
 -1.61860352819E-05
 -1.51663207362E-05
 -1.40510346682E-05
 -1.28520305225E-05
 -1.15816801554E-05
 -1.02527401395E-05
 -8.87821988727E-06
 -7.47125523048E-06
 -6.04497972745E-06
 -4.61239551441E-06
 -3.18625347973E-06
 -1.77894048647E-06
 -4.02362502427E-07
  9.32152659061E-07
  2.21395339395E-06
  3.43314854945E-06
  4.58068507214E-06
  5.64841411688E-06
  6.62914635541E-06
  7.51669858801E-06
  8.30592671264E-06
  8.99274800759E-06
  9.57415613811E-06
  1.00482184280E-05
  1.04140699477E-05
  1.06718916868E-05
  1.08228769022E-05
  1.08692001959E-05
  1.08139647637E-05
  1.06611460069E-05
  1.04155305962E-05
  1.00826464404E-05
  9.66868537944E-06
  9.18043042475E-06
  8.62516390043E-06
  8.01058649813E-06
  7.34472814656E-06
  6.63586115479E-06
  5.89240835325E-06
  5.12285714649E-06
  4.33567447544E-06
  3.53922246177E-06
  2.74167814496E-06
  1.95095958588E-06
  1.17465390304E-06
  4.19952556285E-07
 -3.06408622919E-07
 -9.98202153824E-07
 -1.64975517691E-06
 -2.25598887482E-06
 -2.81245138467E-06
 -3.31534079123E-06
 -3.76152343051E-06
 -4.14854503106E-06
 -4.47463162345E-06
 -4.73868658446E-06
 -4.94027926834E-06
 -5.07962749907E-06
 -5.15757392350E-06
 -5.17555736224E-06
 -5.13557779414E-06
 -5.04015815750E-06
 -4.89229887535E-06
 -4.69543465442E-06
 -4.45338127975E-06
 -4.17028695665E-06
 -3.85057683161E-06
 -3.49889705831E-06
 -3.12006181957E-06
 -2.71899693871E-06
 -2.30068576457E-06
 -1.87011471553E-06
 -1.43222337101E-06
 -9.91853994492E-07
 -5.53704921913E-07
 -1.22287445947E-07
  2.98115168107E-07
  7.03483578945E-07
  1.09009533844E-06
  1.45455305756E-06
  1.79380867849E-06
  2.10518237509E-06
  2.38637812799E-06
  2.63549509327E-06
  2.85103192255E-06
  3.03188971884E-06
  3.17736953548E-06
  3.28716532749E-06
  3.36135417456E-06
  3.40038081958E-06
  3.40504220731E-06
  3.37646542903E-06
  3.31608634951E-06
  3.22562164001E-06
  3.10704331241E-06
  2.96254847854E-06
  2.79452956420E-06
  2.60554088527E-06
  2.39826886173E-06
  2.17549927584E-06
  1.94008271137E-06
  1.69490544977E-06
  1.44285752413E-06
  1.18680213745E-06
  9.29547468331E-07
  6.73819329222E-07
  4.22235956421E-07
  1.77284306346E-07
 -5.87010617892E-08
 -2.83557000103E-07
 -4.95308540849E-07
 -6.92182766215E-07
 -8.72620944392E-07
 -1.03528702766E-06
 -1.17907507047E-06
 -1.30311218527E-06
 -1.40676104365E-06
 -1.48961896684E-06
 -1.55151428771E-06
 -1.59250191700E-06
 -1.61285538525E-06
 -1.61305820257E-06
 -1.59379226261E-06
 -1.55592636020E-06
 -1.50050095726E-06
 -1.42871431308E-06
 -1.34190588597E-06
 -1.24153893921E-06
 -1.12918371542E-06
 -1.00649879187E-06
 -8.75212776918E-07
 -7.37106176985E-07
 -5.93992581344E-07
 -4.47700756467E-07
 -3.00056740343E-07
 -1.52866618919E-07
 -7.89984166971E-09
  1.33126533797E-07
  2.68562814654E-07
  3.96840789563E-07
  5.16486295510E-07
  6.26131395620E-07
  7.24524625184E-07
  8.10540541352E-07
  8.83187794898E-07
  9.41615553529E-07
  9.85119413599E-07
  1.01314537915E-06
  1.02529247670E-06
  1.02131446056E-06
  1.00112026757E-06
  9.64772766565E-07
  9.12486768812E-07
  8.44626015351E-07
  7.61698231599E-07
  6.64350068291E-07
  5.53361019229E-07
  4.29635520049E-07
  2.94195359629E-07
  1.48170542502E-07
 -7.21009651983E-09
 -1.70629235186E-07
 -3.40691713063E-07
 -5.15935596468E-07
 -6.94844061400E-07
 -8.75856869698E-07
 -1.05738274669E-06
 -1.23781171624E-06
 -1.41552720834E-06
 -1.58891816682E-06
 -1.75639229383E-06
 -1.91638696379E-06
 -2.06738195629E-06
 -2.20791093852E-06
 -2.33657192439E-06
 -2.45203932536E-06
 -2.55307327279E-06
 -2.63852984972E-06
 -2.70737064056E-06
 -2.75866932498E-06
 -2.79162190964E-06
 -2.80555218524E-06
 -2.79991741081E-06
 -2.77431536233E-06
 -2.72848592431E-06
 -2.66231722890E-06
 -2.57584565588E-06
 -2.46925833380E-06
 -2.34289291257E-06
 -2.19723801820E-06
 -2.03292916012E-06
 -1.85074759429E-06
 -1.65161577570E-06
 -1.43659212881E-06
 -1.20686524951E-06
 -9.63746970228E-07
 -7.08664288140E-07
 -4.43150156570E-07
 -1.68834091596E-07
  1.12568685040E-07
  3.99268515139E-07
  6.89413241162E-07
  9.81101038633E-07
  1.27239343328E-06
  1.56132864504E-06
  1.84593625363E-06
  2.12425015889E-06
  2.39432438320E-06
  2.65424546342E-06
  2.90214893539E-06
  3.13623058901E-06
  3.35476374858E-06
  3.55610927727E-06
  3.73873012904E-06
  3.90120294469E-06
  4.04223055739E-06
  4.16065086029E-06
  4.25544840255E-06
  4.32576234743E-06
  4.37089374827E-06
  4.39031282440E-06
  4.38366396338E-06
  4.35076935901E-06
  4.29163310400E-06
  4.20644164478E-06
  4.09556378145E-06
  3.95954930354E-06
  3.79912717108E-06
  3.61520051229E-06
  3.40884275829E-06
  3.18128763865E-06
  2.93392622552E-06
  2.66829260909E-06
  2.38605707636E-06
  2.08901406040E-06
  1.77906827048E-06
  1.45822320974E-06
  1.12856639589E-06
  7.92254297721E-07
  4.51498095799E-07
  1.08546757360E-07
 -2.34328283000E-07
 -5.74849707391E-07
 -9.10750429739E-07
 -1.23979009459E-06
 -1.55977124905E-06
 -1.86855447737E-06
 -2.16407488551E-06
 -2.44435591412E-06
 -2.70752389042E-06
 -2.95182167065E-06
 -3.17562034979E-06
 -3.37743153977E-06
 -3.55591714651E-06
 -3.70989982912E-06
 -3.83836959372E-06
 -3.94049129682E-06
 -4.01561101171E-06
 -4.06325898439E-06
 -4.08315281675E-06
 -4.07519883083E-06
 -4.03949252359E-06
 -3.97631765736E-06
 -3.88614125768E-06
 -3.76961247639E-06
 -3.62755554306E-06
 -3.46096362591E-06
 -3.27099064634E-06
 -3.05894400299E-06
 -2.82627229353E-06
 -2.57455690189E-06
 -2.30549790103E-06
 -2.02090404855E-06
 -1.72267789367E-06
 -1.41280258958E-06
 -1.09332813736E-06
 -7.66356379245E-07
 -4.34027043639E-07
 -9.85021486599E-08
  2.38048428969E-07
  5.73461647946E-07
  9.05595925360E-07
  1.23234531202E-06
  1.55165309934E-06
  1.86152567494E-06
  2.16004445974E-06
  2.44537864091E-06
  2.71579551736E-06
  2.96967255053E-06
  3.20550498145E-06
  3.42191651725E-06
  3.61766501555E-06
  3.79165066988E-06
  3.94292146666E-06
  4.07067636843E-06
  4.17427054344E-06
  4.25321650255E-06
  4.30718637290E-06
  4.33601098848E-06
  4.33967943536E-06
  4.31833859693E-06
  4.27228815170E-06
  4.20197693529E-06
  4.10800021200E-06
  3.99109148930E-06
  3.85211797038E-06
  3.69207236872E-06
  3.51206494997E-06
  3.31331466441E-06
  3.09714141622E-06
  2.86495583168E-06
  2.61824675363E-06
  2.35857555708E-06
  2.08756114262E-06
  1.80687118245E-06
  1.51821109284E-06
  1.22331232433E-06
  9.23921277263E-07
  6.21789070010E-07
  3.18659999721E-07
  1.62613993382E-08
 -2.83706867776E-07
 -5.79582319915E-07
 -8.69749328558E-07
 -1.15264811029E-06
 -1.42678379689E-06
 -1.69073382494E-06
 -1.94315612134E-06
 -2.18279478759E-06
 -2.40848771682E-06
 -2.61917080024E-06
 -2.81388361145E-06
 -2.99177395391E-06
 -3.15209831570E-06
 -3.29422846335E-06
 -3.41765053236E-06
 -3.52196752829E-06
 -3.60689841727E-06
 -3.67227903553E-06
 -3.71806095245E-06
 -3.74430874217E-06
 -3.75119861928E-06
 -3.73901502826E-06
 -3.70814700545E-06
 -3.65908363165E-06
 -3.59241039405E-06
 -3.50880236510E-06
 -3.40902033713E-06
 -3.29390331899E-06
 -3.16436239700E-06
 -3.02137459585E-06
 -2.86597514787E-06
 -2.69925067187E-06
 -2.52233098763E-06
 -2.33638297686E-06
 -2.14260171560E-06
 -1.94220342564E-06
 -1.73641763013E-06
 -1.52648010499E-06
 -1.31362469347E-06
 -1.09907693968E-06
 -8.84046642113E-07
 -6.69720975566E-07
 -4.57258352071E-07
 -2.47781997587E-07
 -4.23743919953E-08
  1.57928312206E-07
  3.52141199755E-07
  5.39335132999E-07
  7.18640990272E-07
  8.89253101377E-07
  1.05043261556E-06
  1.20151003102E-06
  1.34188724132E-06
  1.47104003645E-06
  1.58851798915E-06
  1.69394627392E-06
  1.78702521225E-06
  1.86753084108E-06
  1.93531286641E-06
  1.99029568648E-06
  2.03247464015E-06
  2.06191543839E-06
  2.07875200431E-06
  2.08318283512E-06
  2.07546941056E-06
  2.05593210012E-06
  2.02494743462E-06
  1.98294355869E-06
  1.93039772967E-06
  1.86783120171E-06
  1.79580592885E-06
  1.71492024492E-06
  1.62580431606E-06
  1.52911604800E-06
  1.42553756177E-06
  1.31576985041E-06
  1.20052948205E-06
  1.08054450720E-06
  9.56549797593E-07
  8.29283976600E-07
  6.99485269706E-07
  5.67888037040E-07
  4.35219419614E-07
  3.02196156099E-07
  1.69521413795E-07
  3.78819429159E-08
 -9.20544849237E-08
 -2.19641677290E-07
 -3.44257131246E-07
 -4.65304310637E-07
 -5.82214340739E-07
 -6.94447976457E-07
 -8.01496753411E-07
 -9.02884551124E-07
 -9.98168957267E-07
 -1.08694166556E-06
 -1.16883040846E-06
 -1.24349821817E-06
 -1.31064530251E-06
 -1.37000915856E-06
 -1.42136423165E-06
 -1.46452316585E-06
 -1.49933612192E-06
 -1.52569157308E-06
 -1.54351550918E-06
 -1.55277143676E-06
 -1.55346072006E-06
 -1.54562201260E-06
 -1.52933057507E-06
 -1.50469770688E-06
 -1.47187131461E-06
 -1.43103386563E-06
 -1.38240284286E-06
 -1.32622938054E-06
 -1.26279769574E-06
 -1.19242406527E-06
 -1.11545591608E-06
 -1.03227034742E-06
 -9.43273448684E-07
 -8.48898650929E-07
 -7.49605362671E-07
 -6.45877548777E-07
 -5.38221684110E-07
 -4.27165389283E-07
 -3.13255384299E-07
 -1.97055371132E-07
 -7.91439092040E-08
  3.98878050589E-08
  1.59438471314E-07
  2.78899079831E-07
  3.97655668394E-07
  5.15091926445E-07
  6.30592239759E-07
  7.43544433135E-07
  8.53342726259E-07
  9.59390945354E-07
  1.06110553588E-06
  1.15791885946E-06
  1.24928203604E-06
  1.33466812713E-06
  1.41357531902E-06
  1.48552987866E-06
  1.55008922320E-06
  1.60684487582E-06
  1.65542473951E-06
  1.69549605289E-06
  1.72676777765E-06
  1.74899298599E-06
  1.76197045221E-06
  1.76554658537E-06
  1.75961758941E-06
  1.74412991782E-06
  1.71908163793E-06
  1.68452311300E-06
  1.64055722962E-06
  1.58733985245E-06
  1.52507891471E-06
  1.45403475926E-06
  1.37451820592E-06
  1.28688964196E-06
  1.19155777156E-06
  1.08897734208E-06
  9.79646642918E-07
  8.64105174969E-07
  7.42931206332E-07
  6.16737736436E-07
  4.86169597025E-07
  3.51899927864E-07
  2.14625927697E-07
  7.50649533643E-08
 -6.60496937144E-08
 -2.07973215538E-07
 -3.49953722889E-07
 -4.91236903599E-07
 -6.31070349755E-07
 -7.68708616761E-07
 -9.03417173959E-07
 -1.03447746369E-06
 -1.16119133509E-06
 -1.28288479573E-06
 -1.39891267281E-06
 -1.50866208060E-06
 -1.61155685419E-06
 -1.70706027802E-06
 -1.79467906491E-06
 -1.87396540241E-06
 -1.94452036339E-06
 -2.00599583877E-06
 -2.05809647014E-06
 -2.10058033190E-06
 -2.13326211451E-06
 -2.15601266973E-06
 -2.16875855585E-06
 -2.17148385673E-06
 -2.16422813537E-06
 -2.14708757085E-06
 -2.12021177504E-06
 -2.08380356526E-06
 -2.03811669053E-06
 -1.98345378521E-06
 -1.92016386791E-06
 -1.84863915820E-06
 -1.76931234819E-06
 -1.68265364664E-06
 -1.58916645887E-06
 -1.48938408984E-06
 -1.38386576509E-06
 -1.27319276544E-06
 -1.15796376576E-06
 -1.03879176550E-06
 -9.16298688480E-07
 -7.91111858689E-07
 -6.63859736960E-07
 -5.35167714588E-07
 -4.05654304814E-07
 -2.75927106941E-07
 -1.46579282045E-07
 -1.81858421655E-08
  1.08699396151E-07
  2.33547069683E-07
  3.55854865575E-07
  4.75150244483E-07
  5.90992556226E-07
  7.02974773503E-07
  8.10725509837E-07
  9.13909843803E-07
  1.01223054116E-06
  1.10542850962E-06
  1.19328319670E-06
  1.27561202135E-06
  1.35227105602E-06
  1.42315320772E-06
  1.48818764956E-06
  1.54733868385E-06
  1.60060403687E-06
  1.64801315350E-06
  1.68962446878E-06
  1.72552461208E-06
  1.75582454176E-06
  1.78065783984E-06
  1.80017741513E-06
  1.81455368420E-06
  1.82397070603E-06
  1.82862345355E-06
  1.82871610832E-06
  1.82445762675E-06
  1.81605980742E-06
  1.80373467629E-06
  1.78769175818E-06
  1.76813546204E-06
  1.74526348928E-06
  1.71926399162E-06
  1.69031409314E-06
  1.65857863976E-06
  1.62420849392E-06
  1.58733928401E-06
  1.54809174546E-06
  1.50656967435E-06
  1.46286083691E-06
  1.41703662848E-06
  1.36915252824E-06
  1.31924934976E-06
  1.26735346839E-06
  1.21347807180E-06
  1.15762543373E-06
  1.09978770979E-06
  1.03994966594E-06
  9.78090383796E-07
  9.14185591228E-07
  8.48210447657E-07
  7.80141590440E-07
  7.09960204404E-07
  6.37654409275E-07
  5.63222215533E-07
  4.86673741307E-07
  4.08034225075E-07
  3.27346299400E-07
  2.44672293093E-07
  1.60096490731E-07
  7.37270227091E-08
 -1.43023193289E-08
 -1.03830757325E-07
 -1.94669240727E-07
 -2.86599714627E-07
 -3.79374569093E-07
 -4.72716436661E-07
 -5.66318590245E-07
 -6.59845454720E-07
 -7.52933658532E-07
 -8.45193198984E-07
 -9.36209858082E-07
 -1.02554702153E-06
 -1.11274755454E-06
 -1.19733806514E-06
 -1.27883151890E-06
 -1.35673053592E-06
 -1.43053159718E-06
 -1.49972913732E-06
 -1.56381975103E-06
 -1.62230719525E-06
 -1.67470648194E-06
 -1.72054876657E-06
 -1.75938646407E-06
 -1.79079756890E-06
 -1.81439111202E-06
 -1.82981102625E-06
 -1.83674103482E-06
 -1.83490919881E-06
 -1.82409178251E-06
 -1.80411632300E-06
 -1.77486595021E-06
 -1.73628200173E-06
 -1.68836686498E-06
 -1.63118545515E-06
 -1.56486737524E-06
 -1.48960759816E-06
 -1.40566714890E-06
 -1.31337321818E-06
 -1.21311802559E-06
 -1.10535768272E-06
 -9.90610601548E-07
 -8.69454765962E-07
 -7.42524889574E-07
 -6.10508379850E-07
 -4.74141614859E-07
 -3.34204912633E-07
 -1.91517614212E-07
 -4.69322358754E-08
  9.86713715179E-08
  2.44392538207E-07
  3.89316397786E-07
  5.32520687102E-07
  6.73083093261E-07
  8.10088238268E-07
  9.42634983403E-07
  1.06984373360E-06
  1.19086337236E-06
  1.30487876504E-06
  1.41111695484E-06
  1.50885387029E-06
  1.59742057804E-06
  1.67620896718E-06
  1.74467675151E-06
  1.80235247171E-06
  1.84883992915E-06
  1.88382102806E-06
  1.90705895875E-06
  1.91840081243E-06
  1.91777849068E-06
  1.90520950127E-06
  1.88079809504E-06
  1.84473253739E-06
  1.79728556304E-06
  1.73881107912E-06
  1.66974155036E-06
  1.59058413374E-06
  1.50191738157E-06
  1.40438532981E-06
  1.29869215471E-06
  1.18559694329E-06
  1.06590653104E-06
  9.40469078614E-07
  8.10166795873E-07
  6.75908268022E-07
  5.38621236501E-07
  3.99244612481E-07
  2.58720547208E-07
  1.17986800774E-07
 -2.20309388510E-08
 -1.60426665730E-07
 -2.96321303495E-07
 -4.28869668667E-07
 -5.57267128443E-07
 -6.80755533722E-07
 -7.98629116616E-07
 -9.10239577934E-07
 -1.01500040728E-06
 -1.11239080525E-06
 -1.20195932141E-06
 -1.28332567328E-06
 -1.35618302011E-06
 -1.42029898598E-06
 -1.47551611462E-06
 -1.52175107360E-06
 -1.55899442689E-06
 -1.58730813382E-06
 -1.60682338901E-06
 -1.61773812124E-06
 -1.62031233231E-06
 -1.61486491379E-06
 -1.60176875852E-06
 -1.58144541729E-06
 -1.55435986926E-06
 -1.52101483764E-06
 -1.48194465055E-06
 -1.43770921568E-06
 -1.38888754009E-06
 -1.33607159114E-06
 -1.27985993004E-06
 -1.22085168641E-06
 -1.15963996450E-06
 -1.09680684091E-06
 -1.03291733922E-06
 -9.68514200395E-07
 -9.04113448996E-07
 -8.40199732011E-07
 -7.77222567194E-07
 -7.15592932465E-07
 -6.55680423733E-07
 -5.97811094849E-07
 -5.42265468084E-07
 -4.89277965698E-07
 -4.39035602540E-07
 -3.91678611322E-07
 -3.47300925796E-07
 -3.05951033397E-07
 -2.67633964768E-07
 -2.32313169590E-07
 -1.99913159804E-07
 -1.70322564941E-07
 -1.43397329566E-07
 -1.18964464946E-07
 -9.68258149214E-08
 -7.67622552189E-08
 -5.85378785445E-08
 -4.19043040267E-08
 -2.66050630415E-08
 -1.23798846730E-08
  1.03106079230E-09
  1.38830635876E-08
  2.64229704783E-08
  3.88855170286E-08
  5.14899234361E-08
  6.44368682856E-08
  7.79057387490E-08
  9.20523319792E-08
  1.07006925987E-07
  1.22872819475E-07
  1.39725258919E-07
  1.57610912765E-07
  1.76547629849E-07
  1.96524837293E-07
  2.17504251054E-07
  2.39420927528E-07
  2.62185011479E-07
  2.85683483980E-07
  3.09782450358E-07
  3.34329712359E-07
  3.59157411367E-07
  3.84085353744E-07
  4.08923938267E-07
  4.33477509887E-07
  4.57547656652E-07
  4.80936819258E-07
  5.03451531131E-07
  5.24905601651E-07
  5.45123327811E-07
  5.63942592180E-07
  5.81217648232E-07
  5.96821166710E-07
  6.10647191479E-07
  6.22612503776E-07
  6.32658384347E-07
  6.40751693481E-07
  6.46885666811E-07
  6.51080256375E-07
  6.53382187465E-07
  6.53864503875E-07
  6.52625487874E-07
  6.49787523344E-07
  6.45495731533E-07
  6.39915242573E-07
  6.33229831237E-07
  6.25638449492E-07
  6.17352668542E-07
  6.08593381912E-07
  5.99587565375E-07
  5.90564980030E-07
  5.81754136419E-07
  5.73378997615E-07
  5.65655454920E-07
  5.58787348837E-07
  5.52963285827E-07
  5.48353455088E-07
  5.45106104255E-07
  5.43345095139E-07
  5.43166891021E-07
  5.44638737665E-07
  5.47796446426E-07
  5.52642802631E-07
  5.59146997148E-07
  5.67243489513E-07
  5.76831837407E-07
  5.87777151395E-07
  5.99910890742E-07
  6.13031659213E-07
  6.26907365131E-07
  6.41277210889E-07
  6.55853739318E-07
  6.70326642194E-07
  6.84365204506E-07
  6.97622681400E-07
  7.09739708782E-07
  7.20348907635E-07
  7.29079204120E-07
  7.35560149678E-07
  7.39427036933E-07
  7.40325333481E-07
  7.37915627269E-07
  7.31878174065E-07
  7.21917388091E-07
  7.07766787400E-07
  6.89192347636E-07
  6.65997106353E-07
  6.38024346244E-07
  6.05160948908E-07
  5.67340123325E-07
  5.24543963820E-07
  4.76804984828E-07
  4.24207598826E-07
  3.66888997405E-07
  3.05039208115E-07
  2.38901037619E-07
  1.68768821140E-07
  9.49873353306E-08
  1.79494215047E-08
 -6.19063627028E-08
 -1.44098990518E-07
 -2.28108532951E-07
 -3.13380269290E-07
 -3.99329252332E-07
 -4.85345196921E-07
 -5.70797794808E-07
 -6.55042356357E-07
 -7.37425523312E-07
 -8.17291379462E-07
 -8.93987589734E-07
 -9.66871539276E-07
 -1.03531669993E-06
 -1.09871893983E-06
 -1.15650209409E-06
 -1.20812387649E-06
 -1.25308258703E-06
 -1.29092086354E-06
 -1.32123182084E-06
 -1.34366291604E-06
 -1.35792049605E-06
 -1.36377343551E-06
 -1.36105541060E-06
 -1.34966865062E-06
 -1.32958496124E-06
 -1.30084663397E-06
 -1.26356837882E-06
 -1.21793573271E-06
 -1.16420562790E-06
 -1.10270423193E-06
 -1.03382467387E-06
 -9.58025339060E-07
 -8.75825833191E-07
 -7.87803344338E-07
 -6.94587924954E-07
 -5.96858058088E-07
 -4.95334688821E-07
 -3.90775511505E-07
 -2.83968802250E-07
 -1.75726952989E-07
 -6.68792807801E-08
  4.17346974757E-08
  1.49272594285E-07
  2.54896320939E-07
  3.57779327942E-07
  4.57113912944E-07
  5.52118137875E-07
  6.42042834897E-07
  7.26177972865E-07
  8.03859336429E-07
  8.74474039847E-07
  9.37466325013E-07
  9.92342506834E-07
  1.03867535017E-06
  1.07610787836E-06
  1.10435712486E-06
  1.12321629331E-06
  1.13255714496E-06
  1.13233090815E-06
  1.12256941520E-06
  1.10338453396E-06
  1.07496737201E-06
  1.03758748082E-06
  9.91589672594E-07
  9.37391575917E-07
  8.75480452578E-07
  8.06408422704E-07
  7.30788315195E-07
  6.49287869692E-07
  5.62624450140E-07
  4.71558337267E-07
  3.76886532649E-07
  2.79435482753E-07
  1.80054001930E-07
  7.96057406660E-08
 -2.10383888088E-08
 -1.21007943221E-07
 -2.19440650540E-07
 -3.15490012781E-07
 -4.08332965662E-07
 -4.97177040870E-07
 -5.81267727284E-07
 -6.59895022181E-07
 -7.32399826120E-07
 -7.98180110451E-07
 -8.56696374285E-07
 -9.07476248813E-07
 -9.50119215304E-07
 -9.84300413620E-07
 -1.00977308648E-06
 -1.02637170585E-06
 -1.03401316665E-06
 -1.03269758256E-06
 -1.02250908185E-06
 -1.00361467048E-06
 -9.76262981567E-07
 -9.40782342695E-07
 -8.97577933756E-07
 -8.47128035275E-07
 -7.89980333593E-07
 -7.26746748114E-07
 -6.58097803807E-07
 -5.84757174238E-07
 -5.07494519297E-07
 -4.27118891366E-07
 -3.44471430935E-07
 -2.60417237996E-07
 -1.75837826077E-07
 -9.16225886272E-08
 -8.66068550209E-09
  7.21674240367E-08
  1.49998314214E-07
  2.23993893655E-07
  2.93349359026E-07
  3.57301303211E-07
  4.15134962850E-07
  4.66191607984E-07
  5.09875064836E-07
  5.45657997009E-07
  5.73087561406E-07
  5.91790126236E-07
  6.01475790063E-07
  6.01941962941E-07
  5.93075867528E-07
  5.74856869662E-07
  5.47357444702E-07
  5.10743461746E-07
  4.65273757300E-07
  4.11298600511E-07
  3.49257561538E-07
  2.79676299897E-07
  2.03162613843E-07
  1.20401864478E-07
  3.21512665380E-08
 -6.07661760910E-08
 -1.57468690531E-07
 -2.57023174299E-07
 -3.58453291938E-07
 -4.60748083242E-07
 -5.62871036891E-07
 -6.63768958020E-07
 -7.62382285302E-07
 -8.57654470110E-07
 -9.48541469370E-07
 -1.03402260265E-06
 -1.11310907869E-06
 -1.18485456824E-06
 -1.24836435589E-06
 -1.30280363919E-06
 -1.34740696467E-06
 -1.38148550377E-06
 -1.40443512464E-06
 -1.41574219015E-06
 -1.41499049278E-06
 -1.40186591580E-06
 -1.37616041229E-06
 -1.33777609790E-06
 -1.28672729716E-06
 -1.22314156670E-06
 -1.14726083211E-06
 -1.05944013740E-06
 -9.60146508078E-07
 -8.49955483773E-07
 -7.29548389700E-07
 -5.99706652338E-07
 -4.61306655097E-07
 -3.15313002375E-07
 -1.62770987799E-07
 -4.79823869526E-09
  1.57424281610E-07
  3.22662003782E-07
  4.89637159262E-07
  6.57039436192E-07
  8.23537391170E-07
  9.87790144791E-07
  1.14845840926E-06
  1.30421778977E-06
  1.45376850469E-06
  1.59584919857E-06
  1.72924751496E-06
  1.85281078302E-06
  1.96545784092E-06
  2.06618869925E-06
  2.15409340854E-06
  2.22836229113E-06
  2.28829321713E-06
  2.33329774346E-06
  2.36290884459E-06
  2.37678568737E-06
  2.37471590481E-06
  2.35662059822E-06
  2.32255479204E-06
  2.27270857067E-06
  2.20740525947E-06
  2.12709960579E-06
  2.03237595997E-06
  1.92394213627E-06
  1.80262509275E-06
  1.66936285950E-06
  1.52519828589E-06
  1.37126937716E-06
  1.20879940368E-06
  1.03908735127E-06
  8.63495756676E-07
  6.83439168370E-07
  5.00371584167E-07
  3.15773547754E-07
  1.31138989445E-07
 -5.20380964986E-08
 -2.32277301393E-07
 -4.08125032436E-07
 -5.78167714593E-07
 -7.41044857477E-07
 -8.95461198525E-07
 -1.04019909486E-06
 -1.17412912459E-06
 -1.29622094391E-06
 -1.40555277994E-06
 -1.50132018462E-06
 -1.58284285590E-06
 -1.64957225479E-06
 -1.70109501596E-06
 -1.73713908680E-06
 -1.75757418219E-06
 -1.76241439931E-06
 -1.75181764916E-06
 -1.72608451976E-06
 -1.68565497916E-06
 -1.63110485119E-06
 -1.56313967636E-06
 -1.48258902755E-06
 -1.39039798341E-06
 -1.28761814722E-06
 -1.17539775601E-06
 -1.05497099412E-06
 -9.27645942284E-07
 -7.94792185843E-07
 -6.57827513351E-07
 -5.18204331001E-07
 -3.77395821261E-07
 -2.36881717797E-07
 -9.81338033057E-08
  3.73981841051E-08
  1.68300672954E-07
  2.93210007385E-07
  4.10825720110E-07
  5.19923389675E-07
  6.19366403498E-07
  7.08117227077E-07
  7.85247891599E-07
  8.49948889936E-07
  9.01537305253E-07
  9.39463802752E-07
  9.63318143476E-07
  9.72833277046E-07
  9.67888468040E-07
  9.48510773924E-07
  9.14874533464E-07
  8.67300684604E-07
  8.06253353858E-07
  7.32335649900E-07
  6.46284718187E-07
  5.48963896563E-07
  4.41355240355E-07
  3.24549802144E-07
  1.99737527851E-07
  6.81956180415E-08
 -6.87235086616E-08
 -2.09605403256E-07
 -3.52987086671E-07
 -4.97371274832E-07
 -6.41240831101E-07
 -7.83073403454E-07
 -9.21356502204E-07
 -1.05460173927E-06
 -1.18135983485E-06
 -1.30023431666E-06
 -1.40989584452E-06
 -1.50909443164E-06
 -1.59667240496E-06
 -1.67157554642E-06
 -1.73286389327E-06
 -1.77972026449E-06
 -1.81145969691E-06
 -1.82753524314E-06
 -1.82754422440E-06
 -1.81123289167E-06
 -1.77849801730E-06
 -1.72938928245E-06
 -1.66410916336E-06
 -1.58301088504E-06
 -1.48659614752E-06
 -1.37551023727E-06
 -1.25053634292E-06
 -1.11258896140E-06
 -9.62704916674E-07
 -8.02034719527E-07
 -6.31831255760E-07
 -4.53439156445E-07
 -2.68281610261E-07
 -7.78479076757E-08
  1.16320386212E-07
  3.12643663847E-07
  5.09518486069E-07
  7.05332638518E-07
  8.98479299849E-07
  1.08737231130E-06
  1.27045996123E-06
  1.44623936649E-06
  1.61326988746E-06
  1.77018603154E-06
  1.91570961761E-06
  2.04866114473E-06
  2.16796956920E-06
  2.27268287745E-06
  2.36197411141E-06
  2.43515000875E-06
  2.49165645982E-06
  2.53108146353E-06
  2.55315944742E-06
  2.55777240454E-06
  2.54494921137E-06
  2.51486585512E-06
  2.46784179581E-06
  2.40433632825E-06
  2.32494380725E-06
  2.23038614422E-06
  2.12150712287E-06
  1.99926125788E-06
  1.86470686003E-06
  1.71899409906E-06
  1.56335420343E-06
  1.39908740948E-06
  1.22755056964E-06
  1.05014521523E-06
  8.68303516199E-07
  6.83475320784E-07
  4.97115706821E-07
  3.10671225634E-07
  1.25567297005E-07
 -5.68040832150E-08
 -2.35096393908E-07
 -4.08019928955E-07
 -5.74352213789E-07
 -7.32948194582E-07
 -8.82749077391E-07
 -1.02278977465E-06
 -1.15220677799E-06
 -1.27024316043E-06
 -1.37625397656E-06
 -1.46970933201E-06
 -1.55019711201E-06
 -1.61742400451E-06
 -1.67121561390E-06
 -1.71151566519E-06
 -1.73838270712E-06
 -1.75198863417E-06
 -1.75261209279E-06
 -1.74063529812E-06
 -1.71653607595E-06
 -1.68088160990E-06
 -1.63432139288E-06
 -1.57757722263E-06
 -1.51143535732E-06
 -1.43673696584E-06
 -1.35436857818E-06
 -1.26525173982E-06
 -1.17033346214E-06
 -1.07057599052E-06
 -9.66947027337E-07
 -8.60410125370E-07
 -7.51915251840E-07
 -6.42389977656E-07
 -5.32731178282E-07
 -4.23796819859E-07
 -3.16399166422E-07
 -2.11298171848E-07
 -1.09195951836E-07
 -1.07318181009E-08
  8.35216198425E-08
  1.73061536657E-07
  2.57457088537E-07
  3.36350609587E-07
  4.09458124295E-07
  4.76568715158E-07
  5.37543201062E-07
  5.92311891978E-07
  6.40871746782E-07
  6.83282735281E-07
  7.19663319160E-07
  7.50185563447E-07
  7.75070247983E-07
  7.94580159891E-07
  8.09014579772E-07
  8.18702687866E-07
  8.23996799681E-07
  8.25265942694E-07
  8.22889091978E-07
  8.17248462681E-07
  8.08723484624E-07
  7.97684435838E-07
  7.84486815064E-07
  7.69466112160E-07
  7.52932805881E-07
  7.35168384836E-07
  7.16421254765E-07
  6.96904066899E-07
  6.76791444221E-07
  6.56217935102E-07
  6.35277274341E-07
  6.14022440004E-07
  5.92465937643E-07
  5.70580709791E-07
  5.48303034975E-07
  5.25533721429E-07
  5.02142654568E-07
  4.77971525470E-07
  4.52838520459E-07
  4.26543067533E-07
  3.98870668050E-07
  3.69598467387E-07
  3.38500797170E-07
  3.05354745933E-07
  2.69946383469E-07
  2.32075947793E-07
  1.91564055285E-07
  1.48256887655E-07
  1.02031421534E-07
  5.28003631928E-08
  5.16503007031E-10
 -5.48233032305E-08
 -1.13174799310E-07
 -1.74443528067E-07
 -2.38482726900E-07
 -3.05091930386E-07
 -3.74016366322E-07
 -4.44946920197E-07
 -5.17521129950E-07
 -5.91324635479E-07
 -6.65893821861E-07
 -7.40718689940E-07
 -8.15247005903E-07
 -8.88888621375E-07
 -9.61020987233E-07
 -1.03099455373E-06
 -1.09813936433E-06
 -1.16177204745E-06
 -1.22120263768E-06
 -1.27574230646E-06
 -1.32471086545E-06
 -1.36744529300E-06
 -1.40330701015E-06
 -1.43168949762E-06
 -1.45202727708E-06
 -1.46380261867E-06
 -1.46655213484E-06
 -1.45987462474E-06
 -1.44343721331E-06
 -1.41698046718E-06
 -1.38032396535E-06
 -1.33337027819E-06
 -1.27610883283E-06
 -1.20861852793E-06
 -1.13106943900E-06
 -1.04372406895E-06
 -9.46936722812E-07
 -8.41153507736E-07
 -7.26909149762E-07
 -6.04825572736E-07
 -4.75606697137E-07
 -3.40034858937E-07
 -1.98964556830E-07
 -5.33162562988E-08
  9.59306731829E-08
  2.47745958859E-07
  4.01056723831E-07
  5.54756695692E-07
  7.07715571480E-07
  8.58788723690E-07
  1.00682768789E-06
  1.15069008189E-06
  1.28924966702E-06
  1.42140754633E-06
  1.54610131631E-06
  1.66231529874E-06
  1.76909020411E-06
  1.86553188541E-06
  1.95082020582E-06
  2.02421688300E-06
  2.08507185562E-06
  2.13283078665E-06
  2.16703983824E-06
  2.18735021917E-06
  2.19352295971E-06
  2.18542913899E-06
  2.16305375034E-06
  2.12649501918E-06
  2.07596485780E-06
  2.01178499992E-06
  1.93438791030E-06
  1.84430916761E-06
  1.74218621396E-06
  1.62875039678E-06
  1.50482196659E-06
  1.37130166422E-06
  1.22916401324E-06
  1.07944720185E-06
  9.23245011109E-07
  7.61696469453E-07
  5.95975677697E-07
  4.27281861448E-07
  2.56828371903E-07
  8.58323261355E-08
 -8.44962926294E-08
 -2.52964895253E-07
 -4.18408660607E-07
 -5.79700383696E-07
 -7.35759954296E-07
 -8.85563508746E-07
 -1.02815135961E-06
 -1.16263629479E-06
 -1.28820954615E-06
 -1.40414795169E-06
 -1.50981861680E-06
 -1.60468277954E-06
 -1.68830047187E-06
 -1.76033154276E-06
 -1.82053781828E-06
 -1.86878310160E-06
 -1.90503340036E-06
 -1.92935408450E-06
 -1.94190897673E-06
 -1.94295580513E-06
 -1.93284222405E-06
 -1.91200115296E-06
 -1.88094429632E-06
 -1.84025725503E-06
 -1.79059065886E-06
 -1.73265334524E-06
 -1.66720485595E-06
 -1.59504622843E-06
 -1.51701226514E-06
 -1.43396175645E-06
 -1.34676997732E-06
 -1.25631856918E-06
 -1.16348758183E-06
 -1.06914717435E-06
 -9.74148179012E-07
 -8.79315962266E-07
 -7.85441500284E-07
 -6.93275467256E-07
 -6.03521300491E-07
 -5.16829572916E-07
 -4.33793417187E-07
 -3.54943438197E-07
 -2.80744615111E-07
 -2.11593416566E-07
 -1.47815683249E-07
 -8.96653062910E-08
 -3.73239572582E-08
  9.09873243415E-09
  4.95640612996E-08
  8.41024601073E-08
  1.12810980113E-07
  1.35850129368E-07
  1.53440140593E-07
  1.65856619105E-07
  1.73425760863E-07
  1.76519080242E-07
  1.75547825165E-07
  1.70957036971E-07
  1.63219453952E-07
  1.52829144895E-07
  1.40295242090E-07
  1.26135503820E-07
  1.10870011838E-07
  9.50149328105E-08
  7.90765781744E-08
  6.35456558484E-08
  4.88918239228E-08
  3.55586458056E-08
  2.39589468265E-08
  1.44706424621E-08
  7.43303107953E-09
  3.14364512199E-09
  1.85563031607E-09
  3.77568953880E-09
  9.06261021782E-09
  1.78263626083E-08
  3.01277758297E-08
  4.59787727891E-08
  6.53431513342E-08
  8.81379378370E-08
  1.14235128024E-07
  1.43464035318E-07
  1.75613948272E-07
  2.10437278270E-07
  2.47652991447E-07
  2.86950296413E-07
  3.27992694338E-07
  3.70422213791E-07
  4.13863489257E-07
  4.57928592823E-07
  5.02221155330E-07
  5.46340856999E-07
  5.89888088598E-07
  6.32467902051E-07
  6.73694273701E-07
  7.13194026503E-07
  7.50610524847E-07
  7.85607142006E-07
  8.17870329684E-07
  8.47112346491E-07
  8.73073702223E-07
  8.95525488431E-07
  9.14270742669E-07
  9.29145699047E-07
  9.40021323004E-07
  9.46803083934E-07
  9.49431239405E-07
  9.47881346747E-07
  9.42162444062E-07
  9.32317391289E-07
  9.18420766993E-07
  9.00577504126E-07
  8.78921412095E-07
  8.53612903029E-07
  8.24836831725E-07
  7.92800108229E-07
  7.57729139877E-07
  7.19867500720E-07
  6.79472577758E-07
  6.36813638266E-07
  5.92168703406E-07
  5.45821762898E-07
  4.98060728660E-07
  4.49174081041E-07
  3.99449334054E-07
  3.49170107938E-07
  2.98614423855E-07
  2.48052629104E-07
  1.97745677610E-07
  1.47943680417E-07
  9.88844774952E-08
  5.07926358750E-08
  3.87849574679E-09
 -4.16624708066E-08
 -8.56501287672E-08
 -1.27919975057E-07
 -1.68323197158E-07
 -2.06726554097E-07
 -2.43012181045E-07
 -2.77077106148E-07
 -3.08832852625E-07
 -3.38204614536E-07
 -3.65130745195E-07
 -3.89561790826E-07
 -4.11459808447E-07
 -4.30797342688E-07
 -4.47556715244E-07
 -4.61729200651E-07
 -4.73313917837E-07
 -4.82317489059E-07
 -4.88752959882E-07
 -4.92639401273E-07
 -4.94001199058E-07
 -4.92867798130E-07
 -4.89273134008E-07
 -4.83255519157E-07
 -4.74857529298E-07
 -4.64125776034E-07
 -4.51111247912E-07
 -4.35869282001E-07
 -4.18459791263E-07
 -3.98947776148E-07
 -3.77403495122E-07
 -3.53903146788E-07
 -3.28529154103E-07
 -3.01370818079E-07
 -2.72524658840E-07
 -2.42095154590E-07
 -2.10195096884E-07
 -1.76945931685E-07
 -1.42478313592E-07
 -1.06932262156E-07
 -7.04574105725E-08
 -3.32130660752E-08
  4.63181581978E-09
  4.28987938506E-08
  8.14002945049E-08
  1.19940025911E-07
  1.58313682164E-07
  1.96309642320E-07
  2.33709954500E-07
  2.70291366178E-07
  3.05826802105E-07
  3.40086472761E-07
  3.72839508600E-07
  4.03855636932E-07
  4.32907086179E-07
  4.59770120642E-07
  4.84227200559E-07
  5.06069000039E-07
  5.25096140791E-07
  5.41121437436E-07
  5.53972029138E-07
  5.63491028061E-07
  5.69539452044E-07
  5.71998498344E-07
  5.70770509967E-07
  5.65780965189E-07
  5.56980126021E-07
  5.44343549791E-07
  5.27873737610E-07
  5.07600589117E-07
  4.83582084598E-07
  4.55904569208E-07
  4.24682752964E-07
  3.90059597066E-07
  3.52205717036E-07
  3.11318672175E-07
  2.67621913963E-07
  2.21363379183E-07
  1.72814168309E-07
  1.22266442304E-07
  7.00314544133E-08
  1.64373279432E-08
 -3.81734999166E-08
 -9.34469568392E-08
 -1.49020124240E-07
 -2.04524241099E-07
 -2.59587721985E-07
 -3.13839336741E-07
 -3.66911393712E-07
 -4.18442908767E-07
 -4.68082731686E-07
 -5.15492729392E-07
 -5.60350827072E-07
 -6.02353793511E-07
 -6.41220310627E-07
 -6.76693161950E-07
 -7.08541847416E-07
 -7.36564686576E-07
 -7.60590751270E-07
 -7.80481343554E-07
 -7.96131644165E-07
 -8.07471224107E-07
 -8.14465181520E-07
 -8.17114369056E-07
 -8.15455166503E-07
 -8.09559594472E-07
 -7.99534291218E-07
 -7.85519546298E-07
 -7.67688447922E-07
 -7.46244552374E-07
 -7.21420349237E-07
 -6.93475158187E-07
 -6.62692343667E-07
 -6.29376813777E-07
 -5.93852007569E-07
 -5.56456939194E-07
 -5.17542730449E-07
 -4.77469427551E-07
 -4.36602590526E-07
 -3.95309541545E-07
 -3.53956068011E-07
 -3.12902955102E-07
 -2.72502319376E-07
 -2.33094439750E-07
 -1.95004489001E-07
 -1.58539421591E-07
 -1.23985032019E-07
 -9.16033258136E-08
 -6.16300539491E-08
 -3.42725243740E-08
 -9.70763558428E-09
  1.19196794657E-08
  3.04977731957E-08
  4.59492603966E-08
  5.82316381781E-08
  6.73376092664E-08
  7.32949914095E-08
  7.61663940807E-08
  7.60484297757E-08
  7.30706943841E-08
  6.73944029472E-08
  5.92106950137E-08
  4.87387197268E-08
  3.62233656404E-08
  2.19328253337E-08
  6.15590600717E-09
 -1.08008446631E-08
 -2.86161796481E-08
 -4.69573322448E-08
 -6.54832845726E-08
 -8.38481213350E-08
 -1.01704436872E-07
 -1.18706722674E-07
 -1.34514763772E-07
 -1.48796928556E-07
 -1.61233501217E-07
 -1.71519715764E-07
 -1.79368797149E-07
 -1.84514831858E-07
 -1.86715311656E-07
 -1.85753677329E-07
 -1.81441350833E-07
 -1.73619895349E-07
 -1.62162464790E-07
 -1.46975409621E-07
 -1.27999214783E-07
 -1.05209402079E-07
 -7.86170417655E-08
 -4.82689515025E-08
 -1.42475711229E-08
  2.33293633300E-08
  6.43095745545E-08
  1.08507151708E-07
  1.55703887117E-07
  2.05650607654E-07
  2.58069206893E-07
  3.12654321988E-07
  3.69075763729E-07
  4.26980847124E-07
  4.85996906718E-07
  5.45734110347E-07
  6.05788102348E-07
  6.65743414174E-07
  7.25175823391E-07
  7.83656275871E-07
  8.40753216380E-07
  8.96036340237E-07
  9.49079378643E-07
  9.99463395601E-07
  1.04677985746E-06
  1.09063353193E-06
  1.13064515972E-06
  1.16645458093E-06
  1.19772357721E-06
  1.22413757708E-06
  1.24540872548E-06
  1.26127781641E-06
  1.27151565721E-06
  1.27592659283E-06
  1.27434748265E-06
  1.26665145217E-06
  1.25274743823E-06
  1.23258189433E-06
  1.20613924537E-06
  1.17344222872E-06
  1.13455200790E-06
  1.08956817257E-06
  1.03862907963E-06
  9.81910261544E-07
  9.19624483231E-07
  8.52020377806E-07
  7.79381707616E-07
  7.02025431565E-07
  6.20300568244E-07
  5.34586263257E-07
  4.45289799700E-07
  3.52844352847E-07
  2.57706858520E-07
  1.60355654089E-07
  6.12874657691E-08
 -3.89848544557E-08
 -1.39935409038E-07
 -2.41028175196E-07
 -3.41719982089E-07
 -4.41463669176E-07
 -5.39711095371E-07
 -6.35916592273E-07
 -7.29539863187E-07
 -8.20049365302E-07
 -9.06925777144E-07
 -9.89664613371E-07
 -1.06777963538E-06
 -1.14080648927E-06
 -1.20830463857E-06
 -1.26986094529E-06
 -1.32509251216E-06
 -1.37364872899E-06
 -1.41521479691E-06
 -1.44951275161E-06
 -1.47630453284E-06
 -1.49539391714E-06
 -1.50662731357E-06
 -1.50989649228E-06
 -1.50513892549E-06
 -1.49233892444E-06
 -1.47152877616E-06
 -1.44278851621E-06
 -1.40624626965E-06
 -1.36207836476E-06
 -1.31050842356E-06
 -1.25180656596E-06
 -1.18628884138E-06
 -1.11431495498E-06
 -1.03628713077E-06
 -9.52647610575E-07
 -8.63876948642E-07
 -7.70490544255E-07
 -6.73036367971E-07
 -5.72091494178E-07
 -4.68258491537E-07
 -3.62162069223E-07
 -2.54445069459E-07
 -1.45764317949E-07
 -3.67865311546E-08
  7.18162169733E-08
  1.79370800879E-07
  2.85207676143E-07
  3.88665370110E-07
  4.89095214107E-07
  5.85865905123E-07
  6.78367712226E-07
  7.66017194564E-07
  8.48261549891E-07
  9.24582366224E-07
  9.94499828266E-07
  1.05757590063E-06
  1.11341876163E-06
  1.16168462228E-06
  1.20208142107E-06
  1.23437087041E-06
  1.25837027554E-06
  1.27395480831E-06
  1.28105818931E-06
  1.27967314256E-06
  1.26985310089E-06
  1.25171015952E-06
  1.22541587189E-06
  1.19119943065E-06
  1.14934687190E-06
  1.10019823296E-06
  1.04414539237E-06
  9.81629455055E-07
  9.13137512271E-07
  8.39198207814E-07
  7.60378725317E-07
  6.77279729189E-07
  5.90530703448E-07
  5.00785574786E-07
  4.08717085065E-07
  3.15011533303E-07
  2.20363304493E-07
  1.25469512113E-07
  3.10242427304E-08
 -6.22870430789E-08
 -1.53792939273E-07
 -2.42841622367E-07
 -3.28806038397E-07
 -4.11089104091E-07
 -4.89128296977E-07
 -5.62400487070E-07
 -6.30425972759E-07
 -6.92772232469E-07
 -7.49057676330E-07
 -7.98954033598E-07
 -8.42189820105E-07
 -8.78551304595E-07
 -9.07884725621E-07
 -9.30097144192E-07
 -9.45156614307E-07
 -9.53092353484E-07
 -9.53994231168E-07
 -9.48010892898E-07
 -9.35349078190E-07
 -9.16270437301E-07
 -8.91089257493E-07
 -8.60169222960E-07
 -8.23919776849E-07
 -7.82791971687E-07
 -7.37274035600E-07
 -6.87886654305E-07
 -6.35178025732E-07
 -5.79718346216E-07
 -5.22094637745E-07
 -4.62904864662E-07
 -4.02752306172E-07
 -3.42239957263E-07
 -2.81964702253E-07
 -2.22511957304E-07
 -1.64449730278E-07
 -1.08323767734E-07
 -5.46522649358E-08
 -3.92121002335E-09
  4.34201083976E-08
  8.69631335831E-08
  1.26343664419E-07
  1.61245097274E-07
  1.91401113625E-07
  2.16597882741E-07
  2.36675731458E-07
  2.51530394735E-07
  2.61113399347E-07
  2.65432362312E-07
  2.64550322981E-07
  2.58584606172E-07
  2.47705486345E-07
  2.32133771760E-07
  2.12138473898E-07
  1.88033524751E-07
  1.60174394637E-07
  1.28954127376E-07
  9.47991125599E-08
  5.81645203113E-08
  1.95293967664E-08
 -2.06082866328E-08
 -6.17369408928E-08
 -1.03336638801E-07
 -1.44884481301E-07
 -1.85860059787E-07
 -2.25750682148E-07
 -2.64056666310E-07
 -3.00296335354E-07
 -3.34011048153E-07
 -3.64769448424E-07
 -3.92172125885E-07
 -4.15855311076E-07
 -4.35494484918E-07
 -4.50807533525E-07
 -4.61557448261E-07
 -4.67554542638E-07
 -4.68658072350E-07
 -4.64777457410E-07
 -4.55873134797E-07
 -4.41956530040E-07
 -4.23089716151E-07
 -3.99384731509E-07
 -3.71001874555E-07
 -3.38148197443E-07
 -3.01074948084E-07
 -2.60074926928E-07
 -2.15479218468E-07
 -1.67653837480E-07
 -1.16995721555E-07
 -6.39286810156E-08
 -8.89894380407E-09
  4.76293386953E-08
  1.05178870058E-07
  1.63263976560E-07
  2.21395495714E-07
  2.79085668353E-07
  3.35852718081E-07
  3.91225881913E-07
  4.44749616690E-07
  4.95988160765E-07
  5.44529257240E-07
  5.89988644606E-07
  6.32012643109E-07
  6.70281906423E-07
  7.04514150129E-07
  7.34465913865E-07
  7.59935176120E-07
  7.80762320574E-07
  7.96831216121E-07
  8.08070240055E-07
  8.14451368569E-07
  8.15990802039E-07
  8.12747657619E-07
  8.04822605005E-07
  7.92356559032E-07
  7.75528405939E-07
  7.54552672788E-07
  7.29676514766E-07
  7.01177043538E-07
  6.69357973493E-07
  6.34545699540E-07
  5.97086057041E-07
  5.57340115392E-07
  5.15680653734E-07
  4.72487499792E-07
  4.28144346643E-07
  3.83034034712E-07
  3.37535254857E-07
  2.92018484060E-07
  2.46842375873E-07
  2.02350562972E-07
  1.58868303402E-07
  1.16699659714E-07
  7.61249125958E-08
  3.73982231849E-08
  7.45687789294E-10
 -3.36362369069E-08
 -6.55820073803E-08
 -9.49578193854E-08
 -1.21662154129E-07
 -1.45625847381E-07
 -1.66811844338E-07
 -1.85214602766E-07
 -2.00859176402E-07
 -2.13799850712E-07
 -2.24118579695E-07
 -2.31923223737E-07
 -2.37345247456E-07
 -2.40537474383E-07
 -2.41671585854E-07
 -2.40935293050E-07
 -2.38529565877E-07
 -2.34665847643E-07
 -2.29562857612E-07
 -2.23443805680E-07
 -2.16533322828E-07
 -2.09054604738E-07
 -2.01226626473E-07
 -1.93261399772E-07
 -1.85361486160E-07
 -1.77717652150E-07
 -1.70506680774E-07
 -1.63889552596E-07
 -1.58009711981E-07
 -1.52991717073E-07
 -1.48940074496E-07
 -1.45938514606E-07
 -1.44049380424E-07
 -1.43313414469E-07
 -1.43749815606E-07
 -1.45356608527E-07
 -1.48111212184E-07
 -1.51971406126E-07
 -1.56876325264E-07
 -1.62747966215E-07
 -1.69492679447E-07
 -1.77002959845E-07
 -1.85159251487E-07
 -1.93832136119E-07
 -2.02884379519E-07
 -2.12173162595E-07
 -2.21552312496E-07
 -2.30874576346E-07
 -2.39993852347E-07
 -2.48767406674E-07
 -2.57057905628E-07
 -2.64735490418E-07
 -2.71679539310E-07
 -2.77780458191E-07
 -2.82941215346E-07
 -2.87078648853E-07
 -2.90124404501E-07
 -2.92026214765E-07
 -2.92748069342E-07
 -2.92271010949E-07
 -2.90593050067E-07
 -2.87729136517E-07
 -2.83710932081E-07
 -2.78585929436E-07
 -2.72416940561E-07
 -2.65280988287E-07
 -2.57267942061E-07
 -2.48479182119E-07
 -2.39026121562E-07
 -2.29028287890E-07
 -2.18611575065E-07
 -2.07906367677E-07
 -1.97045395112E-07
 -1.86161813076E-07
 -1.75387128820E-07
 -1.64849126350E-07
 -1.54669891117E-07
 -1.44963976823E-07
 -1.35836486947E-07
 -1.27381483139E-07
 -1.19680393595E-07
 -1.12800691454E-07
 -1.06794679766E-07
 -1.01698546473E-07
 -9.75315899154E-08
 -9.42957711914E-08
 -9.19753588846E-08
 -9.05369432758E-08
 -8.99296210832E-08
 -9.00854999486E-08
 -9.09203450306E-08
 -9.23345666592E-08
 -9.42143572047E-08
 -9.64330553188E-08
 -9.88527091295E-08
 -1.01325809965E-07
 -1.03697210818E-07
 -1.05806101658E-07
 -1.07488176582E-07
 -1.08577808078E-07
 -1.08910334973E-07
 -1.08324293535E-07
 -1.06663755162E-07
 -1.03780500638E-07
 -9.95362583467E-08
 -9.38047577392E-08
 -8.64737188522E-08
 -7.74466428766E-08
 -6.66445316710E-08
 -5.40072875310E-08
 -3.94950561144E-08
 -2.30892140962E-08
 -4.79316319968E-09
  1.53670924874E-08
  3.73426907174E-08
  6.10618897667E-08
  8.64302975856E-08
  1.13331424245E-07
  1.41627467087E-07
  1.71160323248E-07
  2.01752911266E-07
  2.33210670331E-07
  2.65323365056E-07
  2.97866904475E-07
  3.30605644194E-07
  3.63294446970E-07
  3.95681325926E-07
  4.27509689871E-07
  4.58521128621E-07
  4.88457942538E-07
  5.17065927852E-07
  5.44096678823E-07
  5.69310486753E-07
  5.92478784256E-07
  6.13386532677E-07
  6.31834211617E-07
  6.47640490570E-07
  6.60643650008E-07
  6.70703741434E-07
  6.77703667407E-07
  6.81550829995E-07
  6.82177926592E-07
  6.79543632032E-07
  6.73633394399E-07
  6.64459321342E-07
  6.52060123230E-07
  6.36500885776E-07
  6.17872331077E-07
  5.96289794430E-07
  5.71892201151E-07
  5.44840588645E-07
  5.15316287419E-07
  4.83519386307E-07
  4.49666288205E-07
  4.13987777392E-07
  3.76726518425E-07
  3.38134583444E-07
  2.98470865800E-07
  2.57998607367E-07
  2.16982598999E-07
  1.75686523107E-07
  1.34370509386E-07
  9.32884987037E-08
  5.26857490968E-08
  1.27966064412E-08
 -2.61577106642E-08
 -6.39711501549E-08
 -1.00454570884E-07
 -1.35437431936E-07
 -1.68769076936E-07
 -2.00319931309E-07
 -2.29982248356E-07
 -2.57670905057E-07
 -2.83323515760E-07
 -3.06900602709E-07
 -3.28385453940E-07
 -3.47783498000E-07
 -3.65121479717E-07
 -3.80446806503E-07
 -3.93825899891E-07
 -4.05342973409E-07
 -4.15098384110E-07
 -4.23206699907E-07
 -4.29794710044E-07
 -4.34999265053E-07
 -4.38965145122E-07
 -4.41842644250E-07
 -4.43785268089E-07
 -4.44947261258E-07
 -4.45481276756E-07
 -4.45536102234E-07
 -4.45254215720E-07
 -4.44769852948E-07
 -4.44206762040E-07
 -4.43676327677E-07
 -4.43275951056E-07
 -4.43087543545E-07
 -4.43175963483E-07
 -4.43588248800E-07
 -4.44352593831E-07
 -4.45477894573E-07
 -4.46953265509E-07
 -4.48748266990E-07
 -4.50812933650E-07
 -4.53078428109E-07
 -4.55457666249E-07
 -4.57846539348E-07
 -4.60125164636E-07
 -4.62159277959E-07
 -4.63802251716E-07
 -4.64896771746E-07
 -4.65277111061E-07
 -4.64771375164E-07
 -4.63204003154E-07
 -4.60398041469E-07
 -4.56177986052E-07
 -4.50372226624E-07
 -4.42815803581E-07
 -4.33352795426E-07
 -4.21839018827E-07
 -4.08144529729E-07
 -3.92155783402E-07
 -3.73777965024E-07
 -3.52937036041E-07
 -3.29581325786E-07
 -3.03683350467E-07
 -2.75241092140E-07
 -2.44279021899E-07
 -2.10848952520E-07
 -1.75030464789E-07
 -1.36931149086E-07
 -9.66864490692E-08
 -5.44592424490E-08
 -1.04390176503E-08
  3.51591467052E-08
  8.20960224246E-08
  1.30109867769E-07
  1.78918483584E-07
  2.28221338716E-07
  2.77702213225E-07
  3.27031727920E-07
  3.75870428115E-07
  4.23871881594E-07
  4.70685563414E-07
  5.15960721259E-07
  5.59349473406E-07
  6.00510247750E-07
  6.39111192413E-07
  6.74833927405E-07
  7.07376614173E-07
  7.36457252515E-07
  7.61816750128E-07
  7.83222276368E-07
  8.00469194928E-07
  8.13384531284E-07
  8.21828336939E-07
  8.25696304219E-07
  8.24921073672E-07
  8.19473370939E-07
  8.09363427834E-07
  7.94641209723E-07
  7.75396586050E-07
  7.51759387185E-07
  7.23898551769E-07
  6.92021274062E-07
  6.56371867080E-07
  6.17229545696E-07
  5.74906721340E-07
  5.29746444045E-07
  4.82119730805E-07
  4.32422325503E-07
  3.81071345146E-07
  3.28501926106E-07
  2.75163102970E-07
  2.21514127929E-07
  1.68019994362E-07
  1.15147521740E-07
  6.33607371014E-08
  1.31167778861E-08
 -3.51385764930E-08
 -8.09751057318E-08
 -1.23982317746E-07
 -1.63773520967E-07
 -1.99989628413E-07
 -2.32302809877E-07
 -2.60419795950E-07
 -2.84085047042E-07
 -3.03083481867E-07
 -3.17242921710E-07
 -3.26435952047E-07
 -3.30581798380E-07
 -3.29647377839E-07
 -3.23648094991E-07
 -3.12648097633E-07
 -2.96760276797E-07
 -2.76145613043E-07
 -2.51012210128E-07
 -2.21613589702E-07
 -1.88246943367E-07
 -1.51250716840E-07
 -1.11001853043E-07
 -6.79126017644E-08
 -2.24270237936E-08
  2.49828371324E-08
  7.38211198836E-08
  1.23572547750E-07
  1.73707007889E-07
  2.23684381240E-07
  2.72959539416E-07
  3.20987197711E-07
  3.67227215747E-07
  4.11149528645E-07
  4.52239191873E-07
  4.90001298203E-07
  5.23965809407E-07
  5.53692245830E-07
  5.78773722282E-07
  5.98841552346E-07
  6.13568545305E-07
  6.22672757800E-07
  6.25920449693E-07
  6.23128642019E-07
  6.14167504409E-07
  5.98961889864E-07
  5.77492698994E-07
  5.49797505300E-07
  5.15970953074E-07
  4.76164359497E-07
  4.30585032518E-07
  3.79494792924E-07
  3.23208382724E-07
  2.62090964043E-07
  1.96555447474E-07
  1.27059294641E-07
  5.41008660093E-08
 -2.17846647388E-08
 -1.00029666328E-07
 -1.80038767894E-07
 -2.61193832785E-07
 -3.42859181046E-07
 -4.24387081921E-07
 -5.05123182393E-07
 -5.84412248372E-07
 -6.61603849039E-07
 -7.36058041184E-07
 -8.07150854598E-07
 -8.74279919572E-07
 -9.36870037549E-07
 -9.94377728603E-07
 -1.04629668840E-06
 -1.09216193778E-06
 -1.13155454073E-06
 -1.16410478768E-06
 -1.18949617445E-06
 -1.20746835819E-06
 -1.21781909002E-06
 -1.22040671613E-06
 -1.21515176943E-06
 -1.20203742426E-06
 -1.18110995118E-06
 -1.15247917165E-06
 -1.11631698019E-06
 -1.07285632112E-06
 -1.02238959698E-06
 -9.65266167441E-07
 -9.01889620764E-07
 -8.32714249555E-07
 -7.58241810672E-07
 -6.79016864069E-07
 -5.95622452693E-07
 -5.08675327637E-07
 -4.18820718551E-07
 -3.26726848243E-07
 -2.33079461509E-07
 -1.38576041309E-07
 -4.39199503433E-08
  5.01854273693E-08
  1.43042598211E-07
  2.33965764096E-07
  3.22286553001E-07
  4.07359436849E-07
  4.88567309276E-07
  5.65326331525E-07
  6.37090806777E-07
  7.03357500242E-07
  7.63670016113E-07
  8.17621923943E-07
  8.64860226102E-07
  9.05088086256E-07
  9.38066989420E-07
  9.63618163041E-07
  9.81624111773E-07
  9.92029185909E-07
  9.94839183477E-07
  9.90121748146E-07
  9.78004436547E-07
  9.58673695095E-07
  9.32373211526E-07
  8.99400390608E-07
  8.60104364619E-07
  8.14882071154E-07
  7.64174728829E-07
  7.08463517185E-07
  6.48265370273E-07
  5.84127803904E-07
  5.16624368174E-07
  4.46349361027E-07
  3.73912371288E-07
  2.99933219594E-07
  2.25036217216E-07
  1.49844922248E-07
  7.49767892216E-08
  1.03785446903E-09
 -7.13823240517E-08
 -1.41715560176E-07
 -2.09419724229E-07
 -2.73983062016E-07
 -3.34928358825E-07
 -3.91816541878E-07
 -4.44250105147E-07
 -4.91875937314E-07
 -5.34387993412E-07
 -5.71528971705E-07
 -6.03092416895E-07
 -6.28923487511E-07
 -6.48919581181E-07
 -6.63030675696E-07
 -6.71258987950E-07
 -6.73658121286E-07
 -6.70331871788E-07
 -6.61432579818E-07
 -6.47159140499E-07
 -6.27754502602E-07
 -6.03502599006E-07
 -5.74725561364E-07
 -5.41780366348E-07
 -5.05054515543E-07
 -4.64962596425E-07
 -4.21942132789E-07
 -3.76449037276E-07
 -3.28953603912E-07
 -2.79935733261E-07
 -2.29880640745E-07
 -1.79274408652E-07
 -1.28599609184E-07
 -7.83309630492E-08
 -2.89312378499E-08
  1.91527114168E-08
  6.54937295508E-08
  1.09687881888E-07
  1.51357710365E-07
  1.90155233781E-07
  2.25764537731E-07
  2.57904162027E-07
  2.86329054688E-07
  3.10832149353E-07
  3.31245615826E-07
  3.47441783788E-07
  3.59333597544E-07
  3.66874672864E-07
  3.70059183297E-07
  3.68921035943E-07
  3.63533189329E-07
  3.54006175485E-07
  3.40486479899E-07
  3.23154722537E-07
  3.02223526205E-07
  2.77935015447E-07
  2.50558201742E-07
  2.20386198180E-07
  1.87733206758E-07
  1.52931406205E-07
  1.16327747435E-07
  7.82806353072E-08
  3.91566672420E-08
 -6.72767619392E-10
 -4.08347560210E-08
 -8.09581166550E-08
 -1.20676602933E-07
 -1.59631937890E-07
 -1.97476765607E-07
 -2.33877500477E-07
 -2.68516771484E-07
 -3.01096008570E-07
 -3.31337588477E-07
 -3.58986710580E-07
 -3.83813301141E-07
 -4.05613434395E-07
 -4.24210384153E-07
 -4.39455988044E-07
 -4.51230903309E-07
 -4.59445516299E-07
 -4.64039686676E-07
 -4.64983031634E-07
 -4.62274414303E-07
 -4.55941517430E-07
 -4.46040019142E-07
 -4.32652512927E-07
 -4.15887512872E-07
 -3.95877918891E-07
 -3.72779624058E-07
 -3.46769553516E-07
 -3.18044271808E-07
 -2.86817595452E-07
 -2.53318859222E-07
 -2.17790798729E-07
 -1.80487177204E-07
 -1.41670867038E-07
 -1.01611483672E-07
 -6.05832468636E-08
 -1.88627584663E-08
  2.32731061089E-08
  6.55492939927E-08
  1.07694567930E-07
  1.49443522446E-07
  1.90538315792E-07
  2.30730435646E-07
  2.69782361784E-07
  3.07468951632E-07
  3.43578903994E-07
  3.77915881700E-07
  4.10299520581E-07
  4.40566452653E-07
  4.68571045076E-07
  4.94185883326E-07
  5.17302396474E-07
  5.37831112979E-07
  5.55701547000E-07
  5.70862596305E-07
  5.83282314892E-07
  5.92947287714E-07
  5.99862858053E-07
  6.04051876962E-07
  6.05554532740E-07
  6.04427896178E-07
  6.00744101575E-07
  5.94590460423E-07
  5.86067812947E-07
  5.75289675453E-07
  5.62381103464E-07
  5.47477441160E-07
  5.30723127667E-07
  5.12270503350E-07
  4.92278331876E-07
  4.70910634931E-07
  4.48335498504E-07
  4.24723623382E-07
  4.00246989329E-07
  3.75077775061E-07
  3.49387107690E-07
  3.23343670061E-07
  2.97112876524E-07
  2.70855423423E-07
  2.44726550136E-07
  2.18874902203E-07
  1.93441664464E-07
  1.68559736835E-07
  1.44352966913E-07
  1.20935482073E-07
  9.84110712920E-08
  7.68726948763E-08
  5.64020758986E-08
  3.70693378215E-08
  1.89328268618E-08
  2.03887906558E-09
 -1.35781599298E-08
 -2.78959433331E-08
 -4.09039877525E-08
 -5.26034540371E-08
 -6.30068655028E-08
 -7.21377304558E-08
 -8.00300625770E-08
 -8.67278941996E-08
 -9.22846012941E-08
 -9.67623208226E-08
 -1.00231147826E-07
 -1.02768389354E-07
 -1.04457747341E-07
 -1.05388387794E-07
 -1.05654081040E-07
 -1.05352256696E-07
 -1.04583030236E-07
 -1.03448229538E-07
 -1.02050464079E-07
 -1.00492087540E-07
 -9.88742812069E-08
 -9.72960947365E-08
 -9.58535437690E-08
 -9.46387004319E-08
 -9.37389117439E-08
 -9.32359185413E-08
 -9.32052230951E-08
 -9.37153288305E-08
 -9.48271932089E-08
 -9.65936948205E-08
 -9.90591217942E-08
 -1.02258901791E-07
 -1.06219218310E-07
 -1.10956875687E-07
 -1.16479185408E-07
 -1.22783930578E-07
 -1.29859458298E-07
 -1.37684878609E-07
 -1.46230235032E-07
 -1.55456930884E-07
 -1.65318155609E-07
 -1.75759311105E-07
 -1.86718679629E-07
 -1.98128034867E-07
 -2.09913295635E-07
 -2.21995435368E-07
 -2.34291164247E-07
 -2.46713796059E-07
 -2.59174214534E-07
 -2.71581683364E-07
 -2.83844769911E-07
 -2.95872354172E-07
 -3.07574424596E-07
 -3.18862987569E-07
 -3.29653062181E-07
 -3.39863305499E-07
 -3.49417007328E-07
 -3.58242630227E-07
 -3.66274718999E-07
 -3.73454270175E-07
 -3.79729414135E-07
 -3.85055898278E-07
 -3.89397285971E-07
 -3.92725439724E-07
 -3.95020720134E-07
 -3.96271843783E-07
 -3.96476195874E-07
 -3.95639574435E-07
 -3.93776048213E-07
 -3.90907842984E-07
 -3.87064744700E-07
 -3.82283815270E-07
 -3.76608937813E-07
 -3.70090106117E-07
 -3.62782969887E-07
 -3.54747982101E-07
 -3.46049716882E-07
 -3.36756073693E-07
 -3.26937538375E-07
 -3.16666472600E-07
 -3.06015806473E-07
 -2.95058754318E-07
 -2.83867791495E-07
 -2.72513688060E-07
 -2.61064968754E-07
 -2.49587088774E-07
 -2.38141666387E-07
 -2.26786028179E-07
 -2.15572498519E-07
 -2.04547930593E-07
 -1.93753308508E-07
 -1.83223349381E-07
 -1.72986290181E-07
 -1.63063702985E-07
 -1.53470367081E-07
 -1.44214240549E-07
 -1.35296701842E-07
 -1.26712450310E-07
 -1.18449989372E-07
 -1.10491853889E-07
 -1.02815029379E-07
 -9.53913854573E-08
 -8.81882584736E-08
 -8.11690057390E-08
 -7.42936308029E-08
 -6.75194655742E-08
 -6.08018879689E-08
 -5.40949649519E-08
 -4.73522590028E-08
 -4.05275031312E-08
 -3.35753362890E-08
 -2.64519801618E-08
 -1.91159372775E-08
 -1.15285976321E-08
 -3.65482977216E-09
  4.53647652776E-09
  1.30719461922E-08
  2.19733049533E-08
  3.12570378469E-08
  4.09341396335E-08
  5.10099056328E-08
  6.14838455704E-08
  7.23496498267E-08
  8.35952604916E-08
  9.52029566292E-08
  1.07149617179E-07
  1.19406990962E-07
  1.31942059056E-07
  1.44717404282E-07
  1.57691758318E-07
  1.70820456447E-07
  1.84056105468E-07
  1.97349052655E-07
  2.10648110510E-07
  2.23901196250E-07
  2.37055928665E-07
  2.50060367080E-07
  2.62863522948E-07
  2.75416141449E-07
  2.87671099386E-07
  2.99584229424E-07
  3.11114433771E-07
  3.22224508409E-07
  3.32881342047E-07
  3.43056200336E-07
  3.52725209041E-07
  3.61869183507E-07
  3.70474054989E-07
  3.78530700118E-07
  3.86034969324E-07
  3.92987459463E-07
  3.99393371708E-07
  4.05262227332E-07
  4.10607441381E-07
  4.15445981616E-07
  4.19797686391E-07
  4.23685094120E-07
  4.27132505365E-07
  4.30165442822E-07
  4.32810139728E-07
  4.35092800899E-07
  4.37038806922E-07
  4.38672287828E-07
  4.40015270442E-07
  4.41087109948E-07
  4.41903893034E-07
  4.42477869456E-07
  4.42816940449E-07
  4.42924374511E-07
  4.42798125277E-07
  4.42430717840E-07
  4.41809163476E-07
  4.40914590172E-07
  4.39722327883E-07
  4.38202022224E-07
  4.36317577623E-07
  4.34027725760E-07
  4.31286110825E-07
  4.28041943223E-07
  4.24240340635E-07
  4.19823066977E-07
  4.14729242948E-07
  4.08896056570E-07
  4.02259558996E-07
  3.94755858224E-07
  3.86321573842E-07
  3.76895201271E-07
  3.66417935993E-07
  3.54834696736E-07
  3.42095205497E-07
  3.28154811768E-07
  3.12975629413E-07
  2.96527389310E-07
  2.78788292007E-07
  2.59745775111E-07
  2.39397394353E-07
  2.17751306764E-07
  1.94826853317E-07
  1.70655056309E-07
  1.45278946206E-07
  1.18753703759E-07
  9.11468234222E-08
  6.25380067731E-08
  3.30190204068E-08
  2.69339039960E-09
 -2.83240577659E-08
 -5.99077480956E-08
 -9.19220752849E-08
 -1.24222211184E-07
 -1.56655090677E-07
 -1.89060315847E-07
 -2.21271520218E-07
 -2.53117434568E-07
 -2.84423293806E-07
 -3.15012187002E-07
 -3.44706506894E-07
 -3.73329470449E-07
 -4.00706539949E-07
 -4.26667043030E-07
 -4.51045650607E-07
 -4.73683854807E-07
 -4.94431446896E-07
 -5.13148108894E-07
 -5.29704436758E-07
 -5.43983503576E-07
 -5.55881968012E-07
 -5.65311154332E-07
 -5.72198189275E-07
 -5.76486513637E-07
 -5.78137132834E-07
 -5.77128560053E-07
 -5.73458123654E-07
 -5.67141285046E-07
 -5.58212434498E-07
 -5.46724947981E-07
 -5.32750334514E-07
 -5.16378747761E-07
 -4.97717906001E-07
 -4.76892637380E-07
 -4.54044084108E-07
 -4.29328906648E-07
 -4.02918061582E-07
 -3.74995664743E-07
 -3.45757712239E-07
 -3.15410659368E-07
 -2.84170056375E-07
 -2.52258757882E-07
 -2.19905444965E-07
 -1.87342905633E-07
 -1.54806286901E-07
 -1.22531417901E-07
 -9.07529482674E-08
 -5.97026925675E-08
 -2.96078326301E-08
 -6.89263701670E-10
  2.68400803805E-08
  5.27768158065E-08
  7.69286216951E-08
  9.91157165231E-08
  1.19172128166E-07
  1.36947008400E-07
  1.52305688061E-07
  1.65130785490E-07
  1.75322981022E-07
  1.82801798587E-07
  1.87506245197E-07
  1.89395251482E-07
  1.88448012750E-07
  1.84664088465E-07
  1.78063586986E-07
  1.68686909774E-07
  1.56594595069E-07
  1.41866834724E-07
  1.24603076301E-07
  1.04921213051E-07
  8.29569373195E-08
  5.88627493414E-08
  3.28069660327E-08
  4.97262098165E-09
 -2.44437590169E-08
 -5.52334746828E-08
 -8.71769927357E-08
 -1.20045456242E-07
 -1.53602144337E-07
 -1.87604015878E-07
 -2.21803389877E-07
 -2.55949458960E-07
 -2.89790079933E-07
 -3.23073322761E-07
 -3.55549133246E-07
 -3.86970896216E-07
 -4.17097396621E-07
 -4.45694013251E-07
 -4.72534566143E-07
 -4.97402538713E-07
 -5.20092896750E-07
 -5.40413111594E-07
 -5.58184808597E-07
 -5.73244676616E-07
 -5.85445945944E-07
 -5.94659127273E-07
 -6.00773034876E-07
 -6.03696037160E-07
 -6.03356056672E-07
 -5.99701763804E-07
 -5.92702917857E-07
 -5.82350480727E-07
 -5.68657412714E-07
 -5.51657990400E-07
 -5.31408431925E-07
 -5.07986499088E-07
 -4.81491042592E-07
 -4.52041717836E-07
 -4.19778388050E-07
 -3.84860527447E-07
 -3.47465913819E-07
 -3.07790116949E-07
 -2.66045219632E-07
 -2.22458538701E-07
 -1.77271274993E-07
 -1.30737120685E-07
 -8.31205966279E-08
 -3.46954465158E-08
  1.42571243700E-08
  6.34503010133E-08
  1.12593554036E-07
  1.61394567044E-07
  2.09561264342E-07
  2.56803815546E-07
  3.02836781430E-07
  3.47380904486E-07
  3.90165496356E-07
  4.30930185757E-07
  4.69426964855E-07
  5.05422178776E-07
  5.38698316177E-07
  5.69055600863E-07
  5.96314009726E-07
  6.20314551725E-07
  6.40920688966E-07
  6.58019700950E-07
  6.71523537221E-07
  6.81370181610E-07
  6.87524050136E-07
  6.89976616286E-07
  6.88746865762E-07
  6.83881410168E-07
  6.75454259635E-07
  6.63566993353E-07
  6.48347452170E-07
  6.29950079656E-07
  6.08553875736E-07
  5.84362112477E-07
  5.57600401407E-07
  5.28515442966E-07
  4.97373036978E-07
  4.64456206828E-07
  4.30063124668E-07
  3.94504638734E-07
  3.58101999609E-07
  3.21184217000E-07
  2.84085444946E-07
  2.47142111220E-07
  2.10690245694E-07
  1.75062581320E-07
  1.40585655117E-07
  1.07576958897E-07
  7.63421397210E-08
  4.71722252371E-08
  2.03409573629E-08
 -3.89777143894E-09
 -2.53123637606E-08
 -4.36957492411E-08
 -5.88675206359E-08
 -7.06757532498E-08
 -7.89987382177E-08
 -8.37463005610E-08
 -8.48610284265E-08
 -8.23191470545E-08
 -7.61310872122E-08
 -6.63417765168E-08
 -5.30306891733E-08
 -3.63114622814E-08
 -1.63313345070E-08
  6.72980338123E-09
  3.26606510725E-08
  6.12200139471E-08
  9.21386416053E-08
  1.25121260908E-07
  1.59848994485E-07
  1.95981940010E-07
  2.33161955521E-07
  2.71015608178E-07
  3.09157570655E-07
  3.47193719108E-07
  3.84724557989E-07
  4.21349113822E-07
  4.56668061588E-07
  4.90287504817E-07
  5.21822869359E-07
  5.50901859242E-07
  5.77168577820E-07
  6.00286284680E-07
  6.19941204150E-07
  6.35845253782E-07
  6.47738886528E-07
  6.55393819216E-07
  6.58615419979E-07
  6.57244697777E-07
  6.51160178222E-07
  6.40279438358E-07
  6.24559959306E-07
  6.04000149451E-07
  5.78639799187E-07
  5.48559910385E-07
  5.13882525865E-07
  4.74770132541E-07
  4.31424268754E-07
  3.84084501093E-07
  3.33026491717E-07
  2.78559838307E-07
  2.21025800329E-07
  1.60794428439E-07
  9.82617862633E-08
  3.38465149241E-08
 -3.20134851961E-08
 -9.88647457234E-08
 -1.66242003274E-07
 -2.33672139416E-07
 -3.00678209442E-07
 -3.66783382333E-07
 -4.31515161381E-07
 -4.94409334806E-07
 -5.55014082693E-07
 -6.12893586549E-07
 -6.67632207296E-07
 -7.18837611657E-07
 -7.66144580666E-07
 -8.09217908682E-07
 -8.47755472932E-07
 -8.81490564097E-07
 -9.10194444259E-07
 -9.33678450110E-07
 -9.51795129822E-07
 -9.64439891504E-07
 -9.71551685325E-07
 -9.73113856162E-07
 -9.69153347796E-07
 -9.59741555562E-07
 -9.44993018948E-07
 -9.25064114199E-07
 -9.00152315353E-07
 -8.70493863658E-07
 -8.36361891743E-07
 -7.98063865659E-07
 -7.55938799557E-07
 -7.10354527200E-07
 -6.61704007143E-07
 -6.10402139500E-07
 -5.56882014280E-07
 -5.01591102875E-07
 -4.44987279025E-07
 -3.87535010304E-07
 -3.29701066448E-07
 -2.71950540309E-07
 -2.14742954086E-07
 -1.58528209226E-07
 -1.03742728186E-07
 -5.08057453885E-08
 -1.15836965020E-10
  4.79525006369E-08
  9.30519306053E-08
  1.34865103973E-07
  1.73107281398E-07
  2.07528557894E-07
  2.37915841694E-07
  2.64094410340E-07
  2.85929303345E-07
  3.03326032736E-07
  3.16231279385E-07
  3.24632992488E-07
  3.28560190610E-07
  3.28082506940E-07
  3.23308967154E-07
  3.14387250455E-07
  3.01501614786E-07
  2.84871134681E-07
  2.64747797019E-07
  2.41413516733E-07
  2.15177792029E-07
  1.86374677469E-07
  1.55359543896E-07
  1.22505866784E-07
  8.82017658910E-08
  5.28463957039E-08
  1.68463962780E-08
 -1.93878317845E-08
 -5.54457528779E-08
 -9.09203876631E-08
 -1.25411858676E-07
 -1.58530951921E-07
 -1.89902465308E-07
 -2.19168455828E-07
 -2.45991316206E-07
 -2.70056716545E-07
 -2.91076162284E-07
 -3.08789452674E-07
 -3.22966769772E-07
 -3.33410667963E-07
 -3.39957693996E-07
 -3.42479410165E-07
 -3.40883730132E-07
 -3.35115259986E-07
 -3.25155838254E-07
 -3.11024564326E-07
 -2.92777372124E-07
 -2.70506575362E-07
 -2.44339844357E-07
 -2.14439126012E-07
 -1.80999123245E-07
 -1.44245547062E-07
 -1.04433169668E-07
 -6.18436004629E-08
 -1.67828417830E-08
  3.04212619540E-08
  7.94218166789E-08
  1.29855806108E-07
  1.81347019179E-07
  2.33509268810E-07
  2.85949482759E-07
  3.38270922384E-07
  3.90076365875E-07
  4.40971348326E-07
  4.90567288125E-07
  5.38484471235E-07
  5.84355234423E-07
  6.27826580057E-07
  6.68563131967E-07
