 -4.12267517902E-08
 -4.64742306860E-08
 -5.15290672354E-08
 -5.63682966970E-08
 -6.09689223552E-08
 -6.53080647339E-08
 -6.93631179161E-08
 -7.31119129682E-08
 -7.65329275509E-08
 -7.96054280272E-08
 -8.23096755198E-08
 -8.46270467036E-08
 -8.65402824957E-08
 -8.80335733200E-08
 -8.90927793762E-08
 -8.97055514315E-08
 -8.98614231915E-08
 -8.95520457789E-08
 -8.87711522068E-08
 -8.75147705415E-08
 -8.57812239019E-08
 -8.35711873037E-08
 -8.08877516079E-08
 -7.77364235205E-08
 -7.41250971714E-08
 -7.00640541140E-08
 -6.55658922710E-08
 -6.06454690910E-08
 -5.53197914144E-08
 -4.96079337609E-08
 -4.35308891156E-08
 -3.71114374786E-08
 -3.03739646768E-08
 -2.33443238074E-08
 -1.60496291812E-08
 -8.51806625235E-09
 -7.78695774528E-10
  7.13875403235E-09
  1.52040975365E-08
  2.33868941990E-08
  3.16566577396E-08
  3.99830675235E-08
  4.83361510817E-08
  5.66864635232E-08
  6.50053095796E-08
  7.32648430812E-08
  8.14382730141E-08
  8.94999701018E-08
  9.74255911501E-08
  1.05192164312E-07
  1.12778231198E-07
  1.20163832662E-07
  1.27330579858E-07
  1.34261725293E-07
  1.40942105986E-07
  1.47358150571E-07
  1.53497865085E-07
  1.59350776130E-07
  1.64907874023E-07
  1.70161527535E-07
  1.75105384415E-07
  1.79734328754E-07
  1.84044296248E-07
  1.88032203141E-07
  1.91695846752E-07
  1.95033734940E-07
  1.98045000843E-07
  2.00729303401E-07
  2.03086599981E-07
  2.05117203222E-07
  2.06821525239E-07
  2.08200091834E-07
  2.09253400385E-07
  2.09981834587E-07
  2.10385678656E-07
  2.10465003647E-07
  2.10219653241E-07
  2.09649243743E-07
  2.08753149877E-07
  2.07530504781E-07
  2.05980271062E-07
  2.04101212375E-07
  2.01891992901E-07
  1.99351262609E-07
  1.96477714098E-07
  1.93270111026E-07
  1.89727458633E-07
  1.85849060585E-07
  1.81634618457E-07
  1.77084416464E-07
  1.72199278836E-07
  1.66980754557E-07
  1.61431259471E-07
  1.55554062076E-07
  1.49353439838E-07
  1.42834764461E-07
  1.36004487672E-07
  1.28870269123E-07
  1.21440976386E-07
  1.13726756013E-07
  1.05738948264E-07
  9.74901794848E-08
  8.89942697313E-08
  8.02662398769E-08
  7.13222547688E-08
  6.21795166467E-08
  5.28562154045E-08
  4.33714291148E-08
  3.37450138943E-08
  2.39974742300E-08
  1.41498563977E-08
  4.22360102448E-09
 -5.75959235860E-09
 -1.57779087573E-08
 -2.58095553818E-08
 -3.58329188543E-08
 -4.58266846692E-08
 -5.57699912918E-08
 -6.56425385159E-08
 -7.54247153623E-08
 -8.50977244227E-08
 -9.46436387039E-08
 -1.04045518867E-07
 -1.13287470072E-07
 -1.22354691712E-07
 -1.31233520051E-07
 -1.39911406905E-07
 -1.48376997799E-07
 -1.56620032499E-07
 -1.64631401844E-07
 -1.72403005649E-07
 -1.79927809540E-07
 -1.87199589163E-07
 -1.94213058080E-07
 -2.00963597763E-07
 -2.07447286016E-07
 -2.13660655390E-07
 -2.19600650553E-07
 -2.25264514597E-07
 -2.30649646937E-07
 -2.35753489619E-07
 -2.40573427845E-07
 -2.45106662078E-07
 -2.49350136983E-07
 -2.53300413533E-07
 -2.56953711641E-07
 -2.60305654365E-07
 -2.63351410013E-07
 -2.66085635303E-07
 -2.68502361678E-07
 -2.70595165830E-07
 -2.72357056019E-07
 -2.73780614179E-07
 -2.74857967497E-07
 -2.75581101050E-07
 -2.75941744121E-07
 -2.75931483884E-07
 -2.75542106465E-07
 -2.74765483255E-07
 -2.73594025657E-07
 -2.72020457714E-07
 -2.70038498229E-07
 -2.67642576546E-07
 -2.64828145191E-07
 -2.61592077777E-07
 -2.57932470049E-07
 -2.53849066212E-07
 -2.49343344194E-07
 -2.44418544071E-07
 -2.39079952280E-07
 -2.33334830568E-07
 -2.27192586522E-07
 -2.20664858830E-07
 -2.13765460444E-07
 -2.06510478051E-07
 -1.98918101546E-07
 -1.91008794559E-07
 -1.82805038662E-07
 -1.74331290737E-07
 -1.65613897707E-07
 -1.56680883379E-07
 -1.47561834751E-07
 -1.38287646223E-07
 -1.28890377482E-07
 -1.19402955079E-07
 -1.09858987685E-07
 -1.00292481875E-07
 -9.07375792281E-08
 -8.12283005303E-08
 -7.17982899801E-08
 -6.24805380767E-08
 -5.33071045083E-08
 -4.43089298585E-08
 -3.55155300724E-08
 -2.69548277032E-08
 -1.86529369728E-08
 -1.06339737016E-08
 -2.91991009149E-09
  4.46955139566E-09
  1.15170930570E-08
  1.82078370159E-08
  2.45294131673E-08
  3.04719449673E-08
  3.60280552059E-08
  4.11928304800E-08
  4.59637057304E-08
  5.03404145036E-08
  5.43248290796E-08
  5.79208396800E-08
  6.11341661738E-08
  6.39721946527E-08
  6.64437536102E-08
  6.85589327531E-08
  7.03288733916E-08
  7.17655055382E-08
  7.28813773776E-08
  7.36894349984E-08
  7.42028092304E-08
  7.44346237980E-08
  7.43978247897E-08
  7.41050314446E-08
  7.35683869379E-08
  7.27994731164E-08
  7.18091683893E-08
  7.06076761503E-08
  6.92044395123E-08
  6.76081270967E-08
  6.58267396147E-08
  6.38676027620E-08
  6.17374666945E-08
  5.94426836642E-08
  5.69892613100E-08
  5.43830971367E-08
  5.16301277287E-08
  4.87365454660E-08
  4.57089903705E-08
  4.25547881377E-08
  3.92821704054E-08
  3.59004843631E-08
  3.24204165736E-08
  2.88541848192E-08
  2.52157406067E-08
  2.15209219334E-08
  1.77875918439E-08
  1.40357565570E-08
  1.02876294150E-08
  6.56767795704E-09
  2.90260460112E-09
 -6.78686995492E-10
 -4.14519529812E-09
 -7.46395656392E-09
 -1.06002371325E-08
 -1.35177691263E-08
 -1.61790296715E-08
 -1.85455668600E-08
 -2.05783763363E-08
 -2.22383036430E-08
 -2.34864856452E-08
 -2.42848230414E-08
 -2.45964884016E-08
 -2.43864217708E-08
 -2.36218813399E-08
 -2.22729585886E-08
 -2.03131129695E-08
 -1.77197030382E-08
 -1.44744687347E-08
 -1.05640207693E-08
 -5.98027627419E-09
 -7.20861259573E-10
  5.21054666081E-09
  1.18039169550E-08
  1.90426412416E-08
  2.69033773037E-08
  3.53559528321E-08
  4.43633751956E-08
  5.38818838436E-08
  6.38611439285E-08
  7.42444683510E-08
  8.49691730309E-08
  9.59669819167E-08
  1.07164559893E-07
  1.18484074108E-07
  1.29843868990E-07
  1.41159247846E-07
  1.52343204718E-07
  1.63307348089E-07
  1.73962760641E-07
  1.84221008226E-07
  1.93995049358E-07
  2.03200329452E-07
  2.11755661894E-07
  2.19584322281E-07
  2.26615014753E-07
  2.32782753073E-07
  2.38029812749E-07
  2.42306555265E-07
  2.45572266522E-07
  2.47795725272E-07
  2.48955984716E-07
  2.49042585665E-07
  2.48056323926E-07
  2.46009136617E-07
  2.42924528493E-07
  2.38837401412E-07
  2.33794096971E-07
  2.27851856494E-07
  2.21078693130E-07
  2.13552695527E-07
  2.05361359917E-07
  1.96600751678E-07
  1.87374638472E-07
  1.77793353373E-07
  1.67972672216E-07
  1.58032449349E-07
  1.48095409713E-07
  1.38285557227E-07
  1.28726853177E-07
  1.19541525123E-07
  1.10848681345E-07
  1.02762655274E-07
  9.53914849333E-08
  8.88354136919E-08
  8.31854762851E-08
  7.85220208854E-08
  7.49135153910E-08
  7.24153039755E-08
  7.10685270633E-08
  7.08992189402E-08
  7.19175901054E-08
  7.41173096230E-08
  7.74751498511E-08
  8.19507803840E-08
  8.74866543654E-08
  9.40082287570E-08
  1.01424340926E-07
  1.09627762868E-07
  1.18496004120E-07
  1.27892306523E-07
  1.37666802402E-07
  1.47657999605E-07
  1.57694188374E-07
  1.67595288758E-07
  1.77174655391E-07
  1.86241180700E-07
  1.94601255998E-07
  2.02061116283E-07
  2.08429128179E-07
  2.13518035252E-07
  2.17147373860E-07
  2.19145803726E-07
  2.19353424313E-07
  2.17624048560E-07
  2.13827362927E-07
  2.07850959555E-07
  1.99602382622E-07
  1.89010734175E-07
  1.76028393639E-07
  1.60632325219E-07
  1.42825214766E-07
  1.22636492961E-07
  1.00122790059E-07
  7.53684759047E-08
  4.84856528260E-08
  1.96139779973E-08
 -1.10798419328E-08
 -4.34028777363E-08
 -7.71370665120E-08
 -1.12040623890E-07
 -1.47849746668E-07
 -1.84280523285E-07
 -2.21031285719E-07
 -2.57784932955E-07
 -2.94211758955E-07
 -3.29972323243E-07
 -3.64720449397E-07
 -3.98106635657E-07
 -4.29781351841E-07
 -4.59398393104E-07
 -4.86618432660E-07
 -5.11112830281E-07
 -5.32566616585E-07
 -5.50682500489E-07
 -5.65183995604E-07
 -5.75818830839E-07
 -5.82361906254E-07
 -5.84618589983E-07
 -5.82426878282E-07
 -5.75660578761E-07
 -5.64231015687E-07
 -5.48089133190E-07
 -5.27227086877E-07
 -5.01679437548E-07
 -4.71523946999E-07
 -4.36882146460E-07
 -3.97919507122E-07
 -3.54844956973E-07
 -3.07910198671E-07
 -2.57408743209E-07
 -2.03674190402E-07
 -1.47078424106E-07
 -8.80292603256E-08
 -2.69678235298E-08
  3.56345424279E-08
  9.92795676780E-08
  1.63445747603E-07
  2.27592224178E-07
  2.91162962185E-07
  3.53591246949E-07
  4.14303997331E-07
  4.72726725320E-07
  5.28288069290E-07
  5.80424796226E-07
  6.28586519724E-07
  6.72240616950E-07
  7.10877031906E-07
  7.44012595533E-07
  7.71195914240E-07
  7.92011121575E-07
  8.06082653071E-07
  8.13078202100E-07
  8.12712698917E-07
  8.04751323358E-07
  7.89012119640E-07
  7.65368497468E-07
  7.33751051030E-07
  6.94149207447E-07
  6.46612136279E-07
  5.91249374793E-07
  5.28230827967E-07
  4.57786711650E-07
  3.80206330419E-07
  2.95836969144E-07
  2.05082088200E-07
  1.08399078158E-07
  6.29654239859E-09
 -1.00668664516E-07
 -2.11895056168E-07
 -3.26740234868E-07
 -4.44524999921E-07
 -5.64538197523E-07
 -6.86040777964E-07
 -8.08271352071E-07
 -9.30451221848E-07
 -1.05178935428E-06
 -1.17148840673E-06
 -1.28874944494E-06
 -1.40277791161E-06
 -1.51278902649E-06
 -1.61801324339E-06
 -1.71770147972E-06
 -1.81113034614E-06
 -1.89760658031E-06
 -1.97647295863E-06
 -2.04711182050E-06
 -2.10894950214E-06
 -2.16146054299E-06
 -2.20417109631E-06
 -2.23666165766E-06
 -2.25857024816E-06
 -2.26959537031E-06
 -2.26949691751E-06
 -2.25809867516E-06
 -2.23528832066E-06
 -2.20101901505E-06
 -2.15530985770E-06
 -2.09824429476E-06
 -2.02997148335E-06
 -1.95070265363E-06
 -1.86071247299E-06
 -1.76033529442E-06
 -1.64996311014E-06
 -1.53004430103E-06
 -1.40107897550E-06
 -1.26361715047E-06
 -1.11825477234E-06
 -9.65629851635E-07
 -8.06419222954E-07
 -6.41333713247E-07
 -4.71114418588E-07
 -2.96528185117E-07
 -1.18363317370E-07
  6.25750189442E-08
  2.45469209403E-07
  4.29493638876E-07
  6.13819281625E-07
  7.97617758508E-07
  9.80066261036E-07
  1.16035084829E-06
  1.33767093757E-06
  1.51124390868E-06
  1.68030692294E-06
  1.84412283488E-06
  2.00198110178E-06
  2.15320278585E-06
  2.29714260058E-06
  2.43319118454E-06
  2.56077805716E-06
  2.67937343779E-06
  2.78849120150E-06
  2.88768819701E-06
  2.97656811199E-06
  3.05478101836E-06
  3.12202473651E-06
  3.17804688166E-06
  3.22264213537E-06
  3.25565633830E-06
  3.27698353431E-06
  3.28656756210E-06
  3.28440069097E-06
  3.27052384819E-06
  3.24502570948E-06
  3.20804178955E-06
  3.15975307785E-06
  3.10038603857E-06
  3.03021033687E-06
  2.94953724733E-06
  2.85871965389E-06
  2.75814886663E-06
  2.64825393970E-06
  2.52949848800E-06
  2.40238114202E-06
  2.26743122766E-06
  2.12520808418E-06
  1.97629856302E-06
  1.82131452675E-06
  1.66089068898E-06
  1.49568234065E-06
  1.32636284889E-06
  1.15362115594E-06
  9.78159050646E-07
  8.00688439995E-07
  6.21928904820E-07
  4.42604488171E-07
  2.63441279458E-07
  8.51640891142E-08
 -9.15062869922E-08
 -2.65856158421E-07
 -4.37182052337E-07
 -6.04793626735E-07
 -7.68016889197E-07
 -9.26197174067E-07
 -1.07870243937E-06
 -1.22492622268E-06
 -1.36429036957E-06
 -1.49624861479E-06
 -1.62028891282E-06
 -1.73593662112E-06
 -1.84275666015E-06
 -1.94035715140E-06
 -2.02839032681E-06
 -2.10655639421E-06
 -2.17460365093E-06
 -2.23233291763E-06
 -2.27959640142E-06
 -2.31630065173E-06
 -2.34240769714E-06
 -2.35793436332E-06
 -2.36295431932E-06
 -2.35759807765E-06
 -2.34205117522E-06
 -2.31655576499E-06
 -2.28140834224E-06
 -2.23695860768E-06
 -2.18360855797E-06
 -2.12180907511E-06
 -2.05205924431E-06
 -1.97490271603E-06
 -1.89092429537E-06
 -1.80074721357E-06
 -1.70502892161E-06
 -1.60445756592E-06
 -1.49974698616E-06
 -1.39163262247E-06
 -1.28086685436E-06
 -1.16821331630E-06
 -1.05444257770E-06
 -9.40326287946E-07
 -8.26632117423E-07
 -7.14118414180E-07
 -6.03528462761E-07
 -4.95585823046E-07
 -3.90988276422E-07
 -2.90403278314E-07
 -1.94462828063E-07
 -1.03758743819E-07
 -1.88382323074E-08
  5.98002785068E-08
  1.31710947926E-07
  1.96503961547E-07
  2.53848583043E-07
  3.03475644614E-07
  3.45179728356E-07
  3.78820857350E-07
  4.04325334102E-07
  4.21686593199E-07
  4.30965172882E-07
  4.32287890817E-07
  4.25847275665E-07
  4.11899577557E-07
  3.90762778579E-07
  3.62813779020E-07
  3.28485498358E-07
  2.88262867798E-07
  2.42679021767E-07
  1.92310523062E-07
  1.37772644848E-07
  7.97139421138E-08
  1.88107982524E-08
 -4.42384617827E-08
 -1.08719568459E-07
 -1.73908517809E-07
 -2.39077792230E-07
 -3.03502815768E-07
 -3.66468185575E-07
 -4.27273818104E-07
 -4.85241400838E-07
 -5.39719962944E-07
 -5.90092042785E-07
 -6.35778690139E-07
 -6.76245065279E-07
 -7.11004645382E-07
 -7.39624113066E-07
 -7.61727108056E-07
 -7.76997183038E-07
 -7.85181157426E-07
 -7.86091334248E-07
 -7.79607148615E-07
 -7.65676418268E-07
 -7.44315855172E-07
 -7.15610894986E-07
 -6.79715412844E-07
 -6.36850188585E-07
 -5.87301144606E-07
 -5.31416901595E-07
 -4.69606021625E-07
 -4.02333085958E-07
 -3.30115284441E-07
 -2.53517384863E-07
 -1.73147384430E-07
 -8.96508396409E-08
 -3.70548502993E-09
  8.39847089651E-08
  1.72695678202E-07
  2.61689535819E-07
  3.50221114331E-07
  4.37544372289E-07
  5.22918981005E-07
  6.05616946814E-07
  6.84928863848E-07
  7.60170337344E-07
  8.30688065889E-07
  8.95865582606E-07
  9.55128825808E-07
  1.00795136859E-06
  1.05385959159E-06
  1.09243626412E-06
  1.12332509161E-06
  1.14623423997E-06
  1.16093872293E-06
  1.16728313060E-06
  1.16518333471E-06
  1.15462762551E-06
  1.13567728022E-06
  1.10846667667E-06
  1.07320261122E-06
  1.03016282083E-06
  9.79694618763E-07
  9.22211995658E-07
  8.58193004660E-07
  7.88175952948E-07
  7.12755252152E-07
  6.32577155102E-07
  5.48334298855E-07
  4.60760531951E-07
  3.70624889001E-07
  2.78725252656E-07
  1.85881788184E-07
  9.29303567432E-08
  7.15231540660E-10
 -8.99180676583E-08
 -1.78130008521E-07
 -2.63094506181E-07
 -3.44006281239E-07
 -4.20088070996E-07
 -4.90597926728E-07
 -5.54836333322E-07
 -6.12152916801E-07
 -6.61952753944E-07
 -7.03702994542E-07
 -7.36938204682E-07
 -7.61266164773E-07
 -7.76372360178E-07
 -7.82024358159E-07
 -7.78075616381E-07
 -7.64468495618E-07
 -7.41236874546E-07
 -7.08507400304E-07
 -6.66501080104E-07
 -6.15532826487E-07
 -5.56011457320E-07
 -4.88438104185E-07
 -4.13403739685E-07
 -3.31586790026E-07
 -2.43748672801E-07
 -1.50729661641E-07
 -5.34431521260E-08
  4.71303991390E-08
  1.49950494688E-07
  2.53924184790E-07
  3.57914530014E-07
  4.60749475906E-07
  5.61231388474E-07
  6.58147143895E-07
  7.50278786654E-07
  8.36414074001E-07
  9.15357986742E-07
  9.85943870546E-07
  1.04704486148E-06
  1.09758605049E-06
  1.13655482892E-06
  1.16301305297E-06
  1.17610750294E-06
  1.17508113817E-06
  1.15928264677E-06
  1.12817576792E-06
  1.08134861421E-06
  1.01852151602E-06
  9.39554070101E-07
  8.44451221838E-07
  7.33368381134E-07
  6.06615174092E-07
  4.64657915700E-07
  3.08121229864E-07
  1.37787736776E-07
 -4.54036133135E-08
 -2.40360122916E-07
 -4.45840100838E-07
 -6.60458681523E-07
 -8.82695246673E-07
 -1.11090207611E-06
 -1.34331537538E-06
 -1.57806607604E-06
 -1.81319364856E-06
 -2.04665957426E-06
 -2.27636360250E-06
 -2.50015978054E-06
 -2.71587418865E-06
 -2.92132290269E-06
 -3.11433063871E-06
 -3.29275144395E-06
 -3.45448597727E-06
 -3.59750492862E-06
 -3.71986561731E-06
 -3.81973359254E-06
 -3.89540036849E-06
 -3.94530525227E-06
 -3.96804898628E-06
 -3.96241466660E-06
 -3.92738047594E-06
 -3.86213605452E-06
 -3.76609432351E-06
 -3.63890490007E-06
 -3.48046069121E-06
 -3.29090630657E-06
 -3.07064510707E-06
 -2.82034034171E-06
 -2.54091628449E-06
 -2.23355868911E-06
 -1.89970887732E-06
 -1.54105862293E-06
 -1.15954105695E-06
 -7.57320151479E-07
 -3.36777077337E-07
  9.95052218400E-08
  5.48759771846E-07
  1.00805493730E-06
  1.47431660480E-06
  1.94435074263E-06
  2.41486827690E-06
  2.88251203528E-06
  3.34388232659E-06
  3.79556558983E-06
  4.23416304329E-06
  4.65631910629E-06
  5.05875050294E-06
  5.43827354704E-06
  5.79183461014E-06
  6.11653285887E-06
  6.40965072307E-06
  6.66867617838E-06
  6.89132457410E-06
  7.07556182533E-06
  7.21962214811E-06
  7.32202488507E-06
  7.38158587410E-06
  7.39743427403E-06
  7.36901529308E-06
  7.29609791961E-06
  7.17877719580E-06
  7.01747330822E-06
  6.81292931404E-06
  6.56620022710E-06
  6.27864665148E-06
  5.95192295805E-06
  5.58795682082E-06
  5.18893511980E-06
  4.75728120364E-06
  4.29563260695E-06
  3.80681831302E-06
  3.29382646669E-06
  2.75978186437E-06
  2.20791321226E-06
  1.64152561410E-06
  1.06396782940E-06
  4.78604022192E-07
 -1.11218383836E-07
 -7.02197212377E-07
 -1.29110446778E-06
 -1.87481396097E-06
 -2.45032606472E-06
 -3.01479303744E-06
 -3.56553914571E-06
 -4.10007942264E-06
 -4.61613808511E-06
 -5.11165899297E-06
 -5.58481769986E-06
 -6.03402804700E-06
 -6.45794443699E-06
 -6.85546547174E-06
 -7.22572667655E-06
 -7.56809595259E-06
 -7.88216584624E-06
 -8.16773626866E-06
 -8.42480130814E-06
 -8.65353376867E-06
 -8.85425743036E-06
 -9.02742976905E-06
 -9.17361194297E-06
 -9.29344969336E-06
 -9.38763969316E-06
 -9.45690044318E-06
 -9.50194862526E-06
 -9.52346908889E-06
 -9.52208756644E-06
 -9.49834156927E-06
 -9.45265674090E-06
 -9.38532775763E-06
 -9.29649286263E-06
 -9.18611658562E-06
 -9.05397791939E-06
 -8.89966031536E-06
 -8.72253349371E-06
 -8.52176617627E-06
 -8.29631790111E-06
 -8.04494175100E-06
 -7.76620163379E-06
 -7.45848274164E-06
 -7.12000974090E-06
 -6.74887178320E-06
 -6.34305115454E-06
 -5.90045056015E-06
 -5.41893450645E-06
 -4.89636295242E-06
 -4.33063769378E-06
 -3.71974306290E-06
 -3.06179640575E-06
 -2.35509401136E-06
 -1.59816181622E-06
 -7.89804914803E-07
  7.08430363261E-08
  9.84270741355E-07
  1.95054235519E-06
  2.96925281873E-06
  4.03948570238E-06
  5.15977444593E-06
  6.32806904832E-06
  7.54170741857E-06
  8.79739127413E-06
  1.00911684058E-05
  1.14184231279E-05
  1.27738685478E-05
  1.41515556606E-05
  1.55448778969E-05
  1.69465984072E-05
  1.83488700713E-05
  1.97432691493E-05
  2.11208462133E-05
  2.24721734412E-05
  2.37873955484E-05
  2.50563116424E-05
  2.62684334302E-05
  2.74130743492E-05
  2.84794223262E-05
  2.94566525554E-05
  3.03339966194E-05
  3.11008552671E-05
  3.17469020956E-05
  3.22621744999E-05
  3.26371882693E-05
  3.28630339936E-05
  3.29314898408E-05
  3.28351052303E-05
  3.25673026964E-05
  3.21224797517E-05
  3.14960961987E-05
  3.06847214233E-05
  2.96861508104E-05
  2.84994403046E-05
  2.71249700745E-05
  2.55644863500E-05
  2.38211305259E-05
  2.18994737224E-05
  1.98055058718E-05
  1.75466502697E-05
  1.51317372001E-05
  1.25709775602E-05
  9.87591829471E-06
  7.05939783074E-06
  4.13546104028E-06
  1.11929352897E-06
 -1.97287681658E-06
 -5.12388214702E-06
 -8.31572742754E-06
 -1.15297161756E-05
 -1.47465825648E-05
 -1.79466278496E-05
 -2.11098704312E-05
 -2.42161986534E-05
 -2.72455272352E-05
 -3.01779455185E-05
 -3.29938957293E-05
 -3.56743221346E-05
 -3.82008183806E-05
 -4.05558057537E-05
 -4.27226623287E-05
 -4.46858866781E-05
 -4.64312106487E-05
 -4.79457412439E-05
 -4.92180843139E-05
 -5.02384427818E-05
 -5.09986966790E-05
 -5.14925231982E-05
 -5.17154076078E-05
 -5.16647523909E-05
 -5.13398626936E-05
 -5.07419936184E-05
 -4.98743575008E-05
 -4.87420802529E-05
 -4.73522122775E-05
 -4.57136484329E-05
 -4.38370698248E-05
 -4.17348819610E-05
 -3.94211128878E-05
 -3.69113004126E-05
 -3.42223684129E-05
 -3.13725140586E-05
 -2.83810350084E-05
 -2.52681948041E-05
 -2.20550537051E-05
 -1.87632995221E-05
 -1.54150693561E-05
 -1.20327786135E-05
 -8.63892819325E-06
 -5.25593168277E-06
 -1.90593118532E-06
  1.38937923566E-06
  4.60892897536E-06
  7.73243755248E-06
  1.07405739982E-05
  1.36151056722E-05
  1.63390468515E-05
  1.88967751455E-05
  2.12741560972E-05
  2.34586477745E-05
  2.54393762589E-05
  2.72072138614E-05
  2.87548464257E-05
  3.00767860608E-05
  3.11694202537E-05
  3.20309991366E-05
  3.26616282109E-05
  3.30632574332E-05
  3.32395902660E-05
  3.31960873154E-05
  3.29398390022E-05
  3.24794964399E-05
  3.18251732097E-05
  3.09883216687E-05
  2.99816165352E-05
  2.88187984552E-05
  2.75145594060E-05
  2.60843789874E-05
  2.45443570748E-05
  2.29110792134E-05
  2.12014474528E-05
  1.94325020857E-05
  1.76212852239E-05
  1.57846770890E-05
  1.39392332130E-05
  1.21010516523E-05
  1.02856229205E-05
  8.50770175020E-06
  6.78119204167E-06
  5.11902362632E-06
  3.53306313627E-06
  2.03402328225E-06
  6.31390037142E-07
 -6.66636367441E-07
 -1.85318742751E-06
 -2.92275717584E-06
 -3.87121826861E-06
 -4.69582391815E-06
 -5.39519669474E-06
 -5.96929976382E-06
 -6.41940005153E-06
 -6.74801503919E-06
 -6.95884727975E-06
 -7.05671163814E-06
 -7.04744616087E-06
 -6.93782112648E-06
 -6.73543445373E-06
 -6.44860483590E-06
 -6.08625578025E-06
 -5.65779782846E-06
 -5.17300895808E-06
 -4.64191180072E-06
 -4.07465267926E-06
 -3.48137905348E-06
 -2.87212446892E-06
 -2.25669373322E-06
 -1.64455525464E-06
 -1.04473883766E-06
 -4.65740555455E-07
  8.45625152124E-08
  5.98990254730E-07
  1.07112646219E-06
  1.49537572725E-06
  1.86700947324E-06
  2.18220066017E-06
  2.43804674938E-06
  2.63258266386E-06
  2.76477931038E-06
  2.83453391603E-06
  2.84264751826E-06
  2.79079449683E-06
  2.68147664428E-06
  2.51797519013E-06
  2.30428895520E-06
  2.04506613954E-06
  1.74553110810E-06
  1.41140355936E-06
  1.04881314655E-06
  6.64211086132E-07
  2.64279037765E-07
 -1.44163834648E-07
 -5.54253290375E-07
 -9.59172666626E-07
 -1.35224252062E-06
 -1.72700811163E-06
 -2.07732250601E-06
 -2.39742462327E-06
 -2.68201256404E-06
 -2.92630829790E-06
 -3.12611655318E-06
 -3.27787620336E-06
 -3.37870164913E-06
 -3.42641646967E-06
 -3.41957706951E-06
 -3.35748859470E-06
 -3.24020970766E-06
 -3.06854803966E-06
 -2.84404836748E-06
 -2.56896851170E-06
 -2.24625114242E-06
 -1.87948216990E-06
 -1.47284606555E-06
 -1.03107083760E-06
 -5.59369254916E-07
 -6.33724113186E-08
  4.50939381835E-07
  9.77311515271E-07
  1.50929133724E-06
  2.04030720852E-06
  2.56374823948E-06
  3.07304480884E-06
  3.56174678018E-06
  4.02360137741E-06
  4.45262685389E-06
  4.84318525196E-06
  5.19004925081E-06
  5.48845900994E-06
  5.73418537897E-06
  5.92357355345E-06
  6.05358900430E-06
  6.12185021964E-06
  6.12665917288E-06
  6.06701723882E-06
  5.94263883613E-06
  5.75395597480E-06
  5.50210916117E-06
  5.18893921253E-06
  4.81696224597E-06
  4.38934466729E-06
  3.90986406273E-06
  3.38287031809E-06
  2.81323536910E-06
  2.20629954129E-06
  1.56781175065E-06
  9.03867544366E-07
  2.20841471332E-07
 -4.74682195772E-07
 -1.17598051474E-06
 -1.87626494608E-06
 -2.56875364357E-06
 -3.24674351759E-06
 -3.90368268199E-06
 -4.53323718830E-06
 -5.12935775987E-06
 -5.68634504816E-06
 -6.19890306552E-06
 -6.66219648338E-06
 -7.07189792593E-06
 -7.42422980693E-06
 -7.71600207372E-06
 -7.94463994680E-06
 -8.10820893093E-06
 -8.20542936708E-06
 -8.23568643682E-06
 -8.19903107185E-06
 -8.09617540654E-06
 -7.92848095443E-06
 -7.69793768995E-06
 -7.40714267522E-06
 -7.05926731825E-06
 -6.65801917421E-06
 -6.20759965386E-06
 -5.71265945837E-06
 -5.17824673807E-06
 -4.60975297756E-06
 -4.01285342377E-06
 -3.39345092470E-06
 -2.75761067314E-06
 -2.11150245377E-06
 -1.46133345424E-06
 -8.13290114365E-07
 -1.73473978293E-07
  4.52156399433E-07
  1.05784317839E-06
  1.63808408615E-06
  2.18768286686E-06
  2.70179771178E-06
  3.17598437505E-06
  3.60623334927E-06
  3.98900647269E-06
  4.32126262240E-06
  4.60048249806E-06
  4.82468658447E-06
  4.99244515595E-06
  5.10288691657E-06
  5.15569809068E-06
  5.15111878485E-06
  5.08993252879E-06
  4.97344990436E-06
  4.80348990095E-06
  4.58235490441E-06
  4.31279931945E-06
  3.99799864681E-06
  3.64151355825E-06
  3.24724760503E-06
  2.81940742752E-06
  2.36245591623E-06
  1.88106935184E-06
  1.38008658723E-06
  8.64464141159E-07
  3.39226005508E-07
 -1.90583079984E-07
 -7.19944921457E-07
 -1.24391374356E-06
 -1.75766103894E-06
 -2.25651683650E-06
 -2.73600994660E-06
 -3.19190598930E-06
 -3.62024002243E-06
 -4.01734996558E-06
 -4.37990047431E-06
 -4.70490931548E-06
 -4.98976896779E-06
 -5.23225753568E-06
 -5.43055739399E-06
 -5.58325882594E-06
 -5.68936502532E-06
 -5.74829482503E-06
 -5.75987860429E-06
 -5.72435055801E-06
 -5.64233823752E-06
 -5.51485027245E-06
 -5.34325999979E-06
 -5.12928363605E-06
 -4.87496072310E-06
 -4.58262866232E-06
 -4.25489770350E-06
 -3.89462184103E-06
 -3.50486834577E-06
 -3.08889093503E-06
 -2.65009566647E-06
 -2.19201024265E-06
 -1.71825206507E-06
 -1.23249719763E-06
 -7.38448306947E-07
 -2.39804194280E-07
  2.59769535660E-07
  7.56669408020E-07
  1.24738141949E-06
  1.72850627678E-06
  2.19678395297E-06
  2.64911568593E-06
  3.08258336190E-06
  3.49446918335E-06
  3.88227044823E-06
  4.24371319241E-06
  4.57676514998E-06
  4.87964234708E-06
  5.15081865160E-06
  5.38902850167E-06
  5.59327190786E-06
  5.76281081521E-06
  5.89717137700E-06
  5.99613804297E-06
  6.05974901191E-06
  6.08828759141E-06
  6.08227492194E-06
  6.04245724389E-06
  5.96979771217E-06
  5.86545866099E-06
  5.73079114474E-06
  5.56731856705E-06
  5.37671849088E-06
  5.16081081514E-06
  4.92153503728E-06
  4.66093842988E-06
  4.38115421275E-06
  4.08438518207E-06
  3.77288642994E-06
  3.44894692716E-06
  3.11487337967E-06
  2.77297272078E-06
  2.42553528551E-06
  2.07482003134E-06
  1.72303953150E-06
  1.37234474096E-06
  1.02481271824E-06
  6.82433949351E-07
  3.47100183262E-07
  2.05950261289E-08
 -2.95415958362E-07
 -5.99393388256E-07
 -8.89931072834E-07
 -1.16576200071E-06
 -1.42576311646E-06
 -1.66895881648E-06
 -1.89452327959E-06
 -2.10178222915E-06
 -2.29021156883E-06
 -2.45943920163E-06
 -2.60924002760E-06
 -2.73953401120E-06
 -2.85038277070E-06
 -2.94198230222E-06
 -3.01466002384E-06
 -3.06886522594E-06
 -3.10516247737E-06
 -3.12422412208E-06
 -3.12681959258E-06
 -3.11380676976E-06
 -3.08612243316E-06
 -3.04477111968E-06
 -2.99081466437E-06
 -2.92536060442E-06
 -2.84955217467E-06
 -2.76455693893E-06
 -2.67155542133E-06
 -2.57172928286E-06
 -2.46625245381E-06
 -2.35627976508E-06
 -2.24293671636E-06
 -2.12731083593E-06
 -2.01044099413E-06
 -1.89331171896E-06
 -1.77684353275E-06
 -1.66188692674E-06
 -1.54921610829E-06
 -1.43952422604E-06
 -1.33341870878E-06
 -1.23141830954E-06
 -1.13395071821E-06
 -1.04135142465E-06
 -9.53863263931E-07
 -8.71636814281E-07
 -7.94732784470E-07
 -7.23123775970E-07
 -6.56698603052E-07
 -5.95266214987E-07
 -5.38561153007E-07
 -4.86249518872E-07
 -4.37935653963E-07
 -3.93169756308E-07
 -3.51455554437E-07
 -3.12258748636E-07
 -2.75015736406E-07
 -2.39142792680E-07
 -2.04045022656E-07
 -1.69125826233E-07
 -1.33795950319E-07
 -9.74827685241E-08
 -5.96389355678E-08
 -1.97509670841E-08
  2.26527010483E-08
  6.79942147030E-08
  1.16639391479E-07
  1.68891574504E-07
  2.24986138164E-07
  2.85086002805E-07
  3.49277854639E-07
  4.17569566480E-07
  4.89888350330E-07
  5.66079904729E-07
  6.45908983188E-07
  7.29060332105E-07
  8.15141333987E-07
  9.03684963305E-07
  9.94154220280E-07
  1.08594724679E-06
  1.17840318126E-06
  1.27080909351E-06
  1.36240748816E-06
  1.45240414895E-06
  1.53997712005E-06
  1.62428591466E-06
  1.70448026893E-06
  1.77971037374E-06
  1.84913665180E-06
  1.91193907995E-06
  1.96732730728E-06
  2.01455009119E-06
  2.05290416488E-06
  2.08174310501E-06
  2.10048528970E-06
  2.10862185668E-06
  2.10572238757E-06
  2.09144286600E-06
  2.06552908821E-06
  2.02782075576E-06
  1.97825693249E-06
  1.91687490769E-06
  1.84381428880E-06
  1.75931540980E-06
  1.66371853538E-06
  1.55746249675E-06
  1.44108059885E-06
  1.31519755087E-06
  1.18052366815E-06
  1.03784907424E-06
  8.88036936431E-07
  7.32016019356E-07
  5.70772328956E-07
  4.05340102816E-07
  2.36792800479E-07
  6.62330990053E-08
 -1.05216862778E-07
 -2.76425822676E-07
 -4.46263641152E-07
 -6.13611177869E-07
 -7.77370814831E-07
 -9.36475714752E-07
 -1.08989945602E-06
 -1.23666507079E-06
 -1.37585277571E-06
 -1.50660832787E-06
 -1.62815001659E-06
 -1.73977389295E-06
 -1.84086059107E-06
 -1.93087794287E-06
 -2.00938643502E-06
 -2.07604057323E-06
 -2.13058956433E-06
 -2.17288015847E-06
 -2.20285460273E-06
 -2.22054973165E-06
 -2.22609446610E-06
 -2.21970731218E-06
 -2.20169158638E-06
 -2.17243109546E-06
 -2.13238445212E-06
 -2.08207961805E-06
 -2.02210594580E-06
 -1.95310872186E-06
 -1.87578018540E-06
 -1.79085293439E-06
 -1.69909128545E-06
 -1.60128286097E-06
 -1.49823188167E-06
 -1.39074961680E-06
 -1.27964779040E-06
 -1.16573016840E-06
 -1.04978607851E-06
 -9.32583020585E-07
 -8.14860754872E-07
 -6.97325504007E-07
 -5.80644382353E-07
 -4.65441360120E-07
 -3.52293170636E-07
 -2.41726041850E-07
 -1.34213351544E-07
 -3.01737621555E-08
  7.00296780565E-08
  1.66090046605E-07
  2.57756113342E-07
  3.44831477150E-07
  4.27172750506E-07
  5.04687648117E-07
  5.77332116336E-07
  6.45107377295E-07
  7.08056063559E-07
  7.66258665408E-07
  8.19828869680E-07
  8.68909864948E-07
  9.13669111924E-07
  9.54294023359E-07
  9.90987359728E-07
  1.02396256807E-06
  1.05343963241E-06
  1.07964012841E-06
  1.10278381271E-06
  1.12308441658E-06
  1.14074703106E-06
  1.15596390060E-06
  1.16891214930E-06
  1.17975230296E-06
  1.18862521958E-06
  1.19565152090E-06
  1.20093045552E-06
  1.20453944419E-06
  1.20653373870E-06
  1.20694778616E-06
  1.20579466056E-06
  1.20306810913E-06
  1.19874391658E-06
  1.19278149668E-06
  1.18512627978E-06
  1.17571198643E-06
  1.16446256015E-06
  1.15129569167E-06
  1.13612463792E-06
  1.11886140530E-06
  1.09941936444E-06
  1.07771631974E-06
  1.05367632841E-06
  1.02723231521E-06
  9.98328914648E-07
  9.66923607848E-07
  9.32989109970E-07
  8.96514961823E-07
  8.57508155150E-07
  8.15994496861E-07
  7.72019177475E-07
  7.25647112176E-07
  6.76962770285E-07
  6.26069834198E-07
  5.73090801481E-07
  5.18166018537E-07
  4.61452231093E-07
  4.03121759973E-07
  3.43360341049E-07
  2.82365704152E-07
  2.20345484081E-07
  1.57515330557E-07
  9.40966984331E-08
  3.03147658087E-08
 -3.36036833914E-08
 -9.74323484115E-08
 -1.60947422501E-07
 -2.23929589538E-07
 -2.86165573016E-07
 -3.47450026084E-07
 -4.07586753681E-07
 -4.66389906251E-07
 -5.23685173448E-07
 -5.79310153626E-07
 -6.33115291748E-07
 -6.84963765707E-07
 -7.34731656848E-07
 -7.82307722602E-07
 -8.27592600672E-07
 -8.70498752192E-07
 -9.10948813271E-07
 -9.48875083395E-07
 -9.84218218036E-07
 -1.01692535281E-06
 -1.04694959191E-06
 -1.07424784801E-06
 -1.09877964860E-06
 -1.12050520329E-06
 -1.13938460800E-06
 -1.15537613965E-06
 -1.16843511933E-06
 -1.17851266168E-06
 -1.18555487916E-06
 -1.18950254091E-06
 -1.19029004964E-06
 -1.18784555525E-06
 -1.18209129596E-06
 -1.17294337088E-06
 -1.16031276320E-06
 -1.14410624974E-06
 -1.12422799248E-06
 -1.10058022074E-06
 -1.07306573227E-06
 -1.04159005332E-06
 -1.00606291653E-06
 -9.66401557889E-07
 -9.22532933600E-07
 -8.74396846484E-07
 -8.21948333396E-07
 -7.65161189520E-07
 -7.04030298948E-07
 -6.38575272660E-07
 -5.68842551729E-07
 -4.94908590554E-07
 -4.16882159016E-07
 -3.34906616217E-07
 -2.49162070531E-07
 -1.59866914373E-07
 -6.72792879186E-08
  2.83021019953E-08
  1.26537329947E-07
  2.27045362067E-07
  3.29404258537E-07
  4.33152308688E-07
  5.37789276223E-07
  6.42778502424E-07
  7.47549165681E-07
  8.51499464716E-07
  9.54000029196E-07
  1.05439744402E-06
  1.15201942208E-06
  1.24617884012E-06
  1.33617936626E-06
  1.42132103065E-06
  1.50090556872E-06
  1.57424290137E-06
  1.64065693298E-06
  1.69949248630E-06
  1.75012132786E-06
  1.79194807970E-06
  1.82441772267E-06
  1.84702014394E-06
  1.85929764029E-06
  1.86084980669E-06
  1.85133853847E-06
  1.83049371572E-06
  1.79811706857E-06
  1.75408627001E-06
  1.69835834640E-06
  1.63097263339E-06
  1.55205248120E-06
  1.46180673255E-06
  1.36053074584E-06
  1.24860582673E-06
  1.12649877337E-06
  9.94760512185E-07
  8.54023426200E-07
  7.04998342371E-07
  5.48471007278E-07
  3.85297425964E-07
  2.16398731823E-07
  4.27554880389E-08
 -1.34598749923E-07
 -3.14584355010E-07
 -4.96082918744E-07
 -6.77945251937E-07
 -8.58999499087E-07
 -1.03805962226E-06
 -1.21393406971E-06
 -1.38543464345E-06
 -1.55138559421E-06
 -1.71063231846E-06
 -1.86205011232E-06
 -2.00455383492E-06
 -2.13710472963E-06
 -2.25871963266E-06
 -2.36847972701E-06
 -2.46553531724E-06
 -2.54911515185E-06
 -2.61853210759E-06
 -2.67318796432E-06
 -2.71257954410E-06
 -2.73630212178E-06
 -2.74405465461E-06
 -2.73564069175E-06
 -2.71097178484E-06
 -2.67006885224E-06
 -2.61306126959E-06
 -2.54018777923E-06
 -2.45179489866E-06
 -2.34833601098E-06
 -2.23036636271E-06
 -2.09854169952E-06
 -1.95361303668E-06
 -1.79642199782E-06
 -1.62789513070E-06
 -1.44903765431E-06
 -1.26092697883E-06
 -1.06470542960E-06
 -8.61571891164E-07
 -6.52774474474E-07
 -4.39601620883E-07
 -2.23373518793E-07
 -5.43306599710E-09
  2.12863213278E-07
  4.30154216247E-07
  6.45083673589E-07
  8.56308929542E-07
  1.06251036414E-06
  1.26239990550E-06
  1.45472984059E-06
  1.63830100064E-06
  1.81197049187E-06
  1.97466033569E-06
  2.12536247091E-06
  2.26314796237E-06
  2.38717007051E-06
  2.49667345997E-06
  2.59099510913E-06
  2.66957090389E-06
  2.73193995781E-06
  2.77774415736E-06
  2.80673407360E-06
  2.81876805275E-06
  2.81381403511E-06
  2.79194910036E-06
  2.75335855804E-06
  2.69833594757E-06
  2.62727894551E-06
  2.54068777394E-06
  2.43916156251E-06
  2.32339471040E-06
  2.19417097469E-06
  2.05235937756E-06
  1.89890738511E-06
  1.73483556409E-06
  1.56123007855E-06
  1.37923552757E-06
  1.19004744192E-06
  9.94904553409E-07
  7.95079870386E-07
  5.91872947098E-07
  3.86600845559E-07
  1.80589424303E-07
 -2.48353657639E-08
 -2.28356384468E-07
 -4.28674098885E-07
 -6.24515109848E-07
 -8.14640827684E-07
 -9.97855522655E-07
 -1.17301453884E-06
 -1.33903154165E-06
 -1.49488641910E-06
 -1.63963125033E-06
 -1.77239769528E-06
 -1.89240131476E-06
 -1.99894839170E-06
 -2.09143922802E-06
 -2.16937291952E-06
 -2.23235019803E-06
 -2.28007638725E-06
 -2.31236231230E-06
 -2.32912611864E-06
 -2.33039418163E-06
 -2.31629951486E-06
 -2.28708017858E-06
 -2.24307905228E-06
 -2.18473974201E-06
 -2.11260339711E-06
 -2.02730461751E-06
 -1.92956645151E-06
 -1.82019493877E-06
 -1.70007297129E-06
 -1.57015335844E-06
 -1.43145211950E-06
 -1.28503950236E-06
 -1.13203350338E-06
 -9.73589976638E-07
 -8.10894505321E-07
 -6.45153306778E-07
 -4.77583853353E-07
 -3.09405720600E-07
 -1.41831421274E-07
  2.39429365223E-08
  1.86746632380E-07
  3.45443254446E-07
  4.98939130011E-07
  6.46191551823E-07
  7.86216730830E-07
  9.18096759506E-07
  1.04098648990E-06
  1.15412001378E-06
  1.25681503960E-06
  1.34847891786E-06
  1.42861176755E-06
  1.49681022776E-06
  1.55276916303E-06
  1.59628382335E-06
  1.62725041264E-06
  1.64566574767E-06
  1.65162634858E-06
  1.64532661984E-06
  1.62705634921E-06
  1.59719695603E-06
  1.55621739850E-06
  1.50466917148E-06
  1.44318050843E-06
  1.37245092446E-06
  1.29324291720E-06
  1.20637594136E-06
  1.11271788228E-06
  1.01317732515E-06
  9.08694744339E-07
  8.00234090548E-07
  6.88773923230E-07
  5.75298486183E-07
  4.60789436829E-07
  3.46216239677E-07
  2.32528520883E-07
  1.20647513313E-07
  1.14583071920E-08
 -9.41976381341E-08
 -1.95529295866E-07
 -2.91802479069E-07
 -3.82345660910E-07
 -4.66554894274E-07
 -5.43898238448E-07
 -6.13919439729E-07
 -6.76240631492E-07
 -7.30564579499E-07
 -7.76675392444E-07
 -8.14439715668E-07
 -8.43805764816E-07
 -8.64802075284E-07
 -8.77535853760E-07
 -8.82189965523E-07
 -8.79019523836E-07
 -8.68347740379E-07
 -8.50561264087E-07
 -8.26104667340E-07
 -7.95474591087E-07
 -7.59213605761E-07
 -7.17903446912E-07
 -6.72157739245E-07
 -6.22615459633E-07
 -5.69932979033E-07
 -5.14776900218E-07
 -4.57816639710E-07
 -3.99717123400E-07
 -3.41131595860E-07
 -2.82694827547E-07
 -2.25016520972E-07
 -1.68675029499E-07
 -1.14211772484E-07
 -6.21258564593E-08
 -1.28695232249E-08
  3.31559704136E-08
  7.56037579208E-08
  1.14184103950E-07
  1.48666472910E-07
  1.78880839030E-07
  2.04718318741E-07
  2.26131007253E-07
  2.43131239586E-07
  2.55790013171E-07
  2.64234756742E-07
  2.68646630275E-07
  2.69256958063E-07
  2.66343221256E-07
  2.60224624071E-07
  2.51257205264E-07
  2.39828210624E-07
  2.26350721277E-07
  2.11257557226E-07
  1.94995209313E-07
  1.78017572239E-07
  1.60779677572E-07
  1.43731469393E-07
  1.27311636788E-07
  1.11941695025E-07
  9.80202159440E-08
  8.59174846823E-08
  7.59704334996E-08
  6.84780587790E-08
  6.36973069845E-08
  6.18395148422E-08
  6.30673753221E-08
  6.74925715316E-08
  7.51739861471E-08
  8.61166000732E-08
  1.00271044801E-07
  1.17533851096E-07
  1.37748301654E-07
  1.60706051133E-07
  1.86149236470E-07
  2.13773375890E-07
  2.43230658725E-07
  2.74134038136E-07
  3.06061508581E-07
  3.38561136459E-07
  3.71156318124E-07
  4.03351350542E-07
  4.34637314584E-07
  4.64498469910E-07
  4.92418053000E-07
  5.17885041518E-07
  5.40400208138E-07
  5.59482487006E-07
  5.74675027565E-07
  5.85551276799E-07
  5.91720265675E-07
  5.92832179791E-07
  5.88583418448E-07
  5.78720346311E-07
  5.63044068258E-07
  5.41413214705E-07
  5.13746954312E-07
  4.80027097183E-07
  4.40299800175E-07
  3.94676078486E-07
  3.43332231978E-07
  2.86509134639E-07
  2.24511197189E-07
  1.57704235448E-07
  8.65131042360E-08
  1.14184190991E-08
 -6.70473170317E-08
 -1.48304039271E-07
 -2.31729117672E-07
 -3.16662720934E-07
 -4.02413746770E-07
 -4.88265982312E-07
 -5.73484783217E-07
 -6.57323710129E-07
 -7.39031804642E-07
 -8.17860268398E-07
 -8.93070136954E-07
 -9.63939328358E-07
 -1.02976923699E-06
 -1.08989240744E-06
 -1.14367844617E-06
 -1.19054084280E-06
 -1.22994333651E-06
 -1.26140434986E-06
 -1.28450335524E-06
 -1.29888508127E-06
 -1.30426326450E-06
 -1.30042440105E-06
 -1.28723002035E-06
 -1.26461998207E-06
 -1.23261236240E-06
 -1.19130515941E-06
 -1.14087617931E-06
 -1.08158178591E-06
 -1.01375576378E-06
 -9.37807328683E-07
 -8.54217887536E-07
 -7.63537570947E-07
 -6.66381197334E-07
 -5.63423498079E-07
 -4.55393717402E-07
 -3.43069558539E-07
 -2.27271257813E-07
 -1.08854628422E-07
  1.12959304133E-08
  1.32274763587E-07
  2.53162482977E-07
  3.73033770984E-07
  4.90964964683E-07
  6.06042135587E-07
  7.17368607184E-07
  8.24072401429E-07
  9.25314111555E-07
  1.02029378013E-06
  1.10825760657E-06
  1.18850459785E-06
  1.26039242332E-06
  1.32334309910E-06
  1.37684787660E-06
  1.42047156260E-06
  1.45385627093E-06
  1.47672471940E-06
  1.48888238982E-06
  1.49021946072E-06
  1.48071148942E-06
  1.46042032156E-06
  1.42949329529E-06
  1.38816119488E-06
  1.33673813707E-06
  1.27561725094E-06
  1.20526908631E-06
  1.12623592941E-06
  1.03912861960E-06
  9.44621092458E-07
  8.43444581733E-07
  7.36381764455E-07
  6.24260223958E-07
  5.07945571826E-07
  3.88334143508E-07
  2.66345921318E-07
  1.42916519508E-07
  1.89898941017E-08
 -1.04489643604E-07
 -2.26585157748E-07
 -3.46374577020E-07
 -4.62958297476E-07
 -5.75466458486E-07
 -6.83065934481E-07
 -7.84966971423E-07
 -8.80429240624E-07
 -9.68768176790E-07
 -1.04935986656E-06
 -1.12164570965E-06
 -1.18513730740E-06
 -1.23941924812E-06
 -1.28415263134E-06
 -1.31907722789E-06
 -1.34401295782E-06
 -1.35886091357E-06
 -1.36360347369E-06
 -1.35830407544E-06
 -1.34310596422E-06
 -1.31823003358E-06
 -1.28397334720E-06
 -1.24070470520E-06
 -1.18886168821E-06
 -1.12894679205E-06
 -1.06152162971E-06
 -9.87202383840E-07
 -9.06654008759E-07
 -8.20584148187E-07
 -7.29736711946E-07
 -6.34885225281E-07
 -5.36826235020E-07
 -4.36371806245E-07
 -3.34343326358E-07
 -2.31563632269E-07
 -1.28850516035E-07
 -2.70096656152E-08
  7.31720177782E-08
  1.70932807464E-07
  2.65542468014E-07
  3.56307936045E-07
  4.42578908633E-07
  5.23752589743E-07
  5.99278564550E-07
  6.68662437420E-07
  7.31469583570E-07
  7.87327849139E-07
  8.35929654386E-07
  8.77034096902E-07
  9.10467633730E-07
  9.36124479267E-07
  9.53966946327E-07
  9.64023570305E-07
  9.66388711277E-07
  9.61220393947E-07
  9.48737067574E-07
  9.29215332235E-07
  9.02985675566E-07
  8.70429403221E-07
  8.31973295590E-07
  7.88085401382E-07
  7.39269694350E-07
  6.86060900534E-07
  6.29019041298E-07
  5.68723578454E-07
  5.05767729919E-07
  4.40752955910E-07
  3.74282819848E-07
  3.06957701923E-07
  2.39368915800E-07
  1.72093749029E-07
  1.05690197927E-07
  4.06922282536E-08
 -2.23946976519E-08
 -8.30976318866E-08
 -1.40979864227E-07
 -1.95644133782E-07
 -2.46735311293E-07
 -2.93942804319E-07
 -3.37002262540E-07
 -3.75696743049E-07
 -4.09857648265E-07
 -4.39364754357E-07
 -4.64146154400E-07
 -4.84177348881E-07
 -4.99479881455E-07
 -5.10119946284E-07
 -5.16206057455E-07
 -5.17886576290E-07
 -5.15346698649E-07
 -5.08805669597E-07
 -4.98512690683E-07
 -4.84743736706E-07
 -4.67797349302E-07
 -4.47990743169E-07
 -4.25655571235E-07
 -4.01133803507E-07
 -3.74773577505E-07
 -3.46924935002E-07
 -3.17936098782E-07
 -2.88149209382E-07
 -2.57897085021E-07
 -2.27499398875E-07
 -1.97259694801E-07
 -1.67462516742E-07
 -1.38370722880E-07
 -1.10223403738E-07
 -8.32339708268E-08
 -5.75887675325E-08
 -3.34459855367E-08
 -1.09350333233E-08
  9.84374004531E-09
  2.88188619635E-08
  4.59472282444E-08
  6.12131927369E-08
  7.46273016716E-08
  8.62247375721E-08
  9.60634096714E-08
  1.04221861363E-07
  1.10796797514E-07
  1.15900590458E-07
  1.19658537301E-07
  1.22205960906E-07
  1.23685353515E-07
  1.24243399569E-07
  1.24028019854E-07
  1.23185529333E-07
  1.21857866020E-07
  1.20179890928E-07
  1.18277014849E-07
  1.16262832250E-07
  1.14237202808E-07
  1.12284510578E-07
  1.10472171855E-07
  1.08849555147E-07
  1.07447206688E-07
  1.06276395684E-07
  1.05329050371E-07
  1.04578006699E-07
  1.03977669141E-07
  1.03464955714E-07
  1.02960619586E-07
  1.02370854904E-07
  1.01589222368E-07
  1.00498809275E-07
  9.89746311575E-08
  9.68862678974E-08
  9.41006135236E-08
  9.04847752281E-08
  8.59090718563E-08
  8.02499968700E-08
  7.33932949970E-08
  6.52368470355E-08
  5.56935901841E-08
  4.46941754717E-08
  3.21895328170E-08
  1.81531625287E-08
  2.58316656954E-09
 -1.44960132786E-08
 -3.30321903164E-08
 -5.29444150743E-08
 -7.41222905276E-08
 -9.64257722558E-08
 -1.19685310551E-07
 -1.43702479249E-07
 -1.68251020227E-07
 -1.93078292909E-07
 -2.17907242472E-07
 -2.42438602527E-07
 -2.66353708867E-07
 -2.89317597435E-07
 -3.10982159135E-07
 -3.30990360453E-07
 -3.48979654063E-07
 -3.64586753676E-07
 -3.77451499389E-07
 -3.87221888332E-07
 -3.93558224232E-07
 -3.96138176484E-07
 -3.94661071823E-07
 -3.88852413380E-07
 -3.78468428153E-07
 -3.63300188155E-07
 -3.43177333662E-07
 -3.17971824870E-07
 -2.87601267246E-07
 -2.52031640002E-07
 -2.11279612472E-07
 -1.65414689945E-07
 -1.14560428699E-07
 -5.88953597003E-08
  1.34674571495E-09
  6.58771597273E-08
  1.34353115300E-07
  2.06379283441E-07
  2.81509869637E-07
  3.59251259852E-07
  4.39065360069E-07
  5.20373134805E-07
  6.02559396157E-07
  6.84976839693E-07
  7.66951984588E-07
  8.47790545322E-07
  9.26783229716E-07
  1.00321199170E-06
  1.07635673885E-06
  1.14550186936E-06
  1.20994275221E-06
  1.26899260522E-06
  1.32198942993E-06
  1.36830260544E-06
  1.40733857279E-06
  1.43854776979E-06
  1.46143077018E-06
  1.47554271734E-06
  1.48049912241E-06
  1.47598029798E-06
  1.46173533722E-06
  1.43758552440E-06
  1.40342717714E-06
  1.35923392008E-06
  1.30505804918E-06
  1.24103098642E-06
  1.16736396194E-06
  1.08434687718E-06
  9.92347054307E-07
  8.91806678283E-07
  7.83240807323E-07
  6.67233337026E-07
  5.44432623428E-07
  4.15547162902E-07
  2.81340305719E-07
  1.42623875377E-07
  2.52459830818E-10
 -1.44883728126E-07
 -2.91865603685E-07
 -4.39752739112E-07
 -5.87590761825E-07
 -7.34419188575E-07
 -8.79278786670E-07
 -1.02121987311E-06
 -1.15930924949E-06
 -1.29263821691E-06
 -1.42032968142E-06
 -1.54154463416E-06
 -1.65548965469E-06
 -1.76142214059E-06
 -1.85865678759E-06
 -1.94656990971E-06
 -2.02460523724E-06
 -2.09227687265E-06
 -2.14917258745E-06
 -2.19495723286E-06
 -2.22937478611E-06
 -2.25224880523E-06
 -2.26348379329E-06
 -2.26306497098E-06
 -2.25105668505E-06
 -2.22760240831E-06
 -2.19292178372E-06
 -2.14730789594E-06
 -2.09112340599E-06
 -2.02479873224E-06
 -1.94882522919E-06
 -1.86375166322E-06
 -1.77017898295E-06
 -1.66875486229E-06
 -1.56016710662E-06
 -1.44513853684E-06
 -1.32442016820E-06
 -1.19878529858E-06
 -1.06902280095E-06
 -9.35931609547E-07
 -8.00313216587E-07
 -6.62966726850E-07
 -5.24682661762E-07
 -3.86237189787E-07
 -2.48386868407E-07
 -1.11863876384E-07
  2.26288534577E-08
  1.54421613274E-07
  2.82881757130E-07
  4.07416962389E-07
  5.27477880041E-07
  6.42560792130E-07
  7.52208961785E-07
  8.56014253259E-07
  9.53618041422E-07
  1.04471098439E-06
  1.12903387617E-06
  1.20637628243E-06
  1.27657574467E-06
  1.33951664338E-06
  1.39512849273E-06
  1.44338389418E-06
  1.48429614910E-06
  1.51791641656E-06
  1.54433246280E-06
  1.56366377269E-06
  1.57605995810E-06
  1.58169757469E-06
  1.58077648393E-06
  1.57351746566E-06
  1.56015892117E-06
  1.54095425842E-06
  1.51616836774E-06
  1.48607659867E-06
  1.45096032611E-06
  1.41110592722E-06
  1.36680318974E-06
  1.31834235617E-06
  1.26601344164E-06
  1.21010418752E-06
  1.15090006148E-06
  1.08868266580E-06
  1.02372939637E-06
  9.56313215283E-07
  8.86702366643E-07
  8.15160547063E-07
  7.41947303595E-07
  6.67318090564E-07
  5.91525179061E-07
  5.14817941166E-07
  4.37443787860E-07
  3.59648709036E-07
  2.81678211422E-07
  2.03777844376E-07
  1.26193967276E-07
  4.91743143982E-08
 -2.70315148043E-08
 -1.02171718197E-07
 -1.75992042273E-07
 -2.48235778599E-07
 -3.18643856190E-07
 -3.86955292697E-07
 -4.52907556792E-07
 -5.16237435022E-07
 -5.76682054998E-07
 -6.33979823306E-07
 -6.87872216076E-07
 -7.38104688480E-07
 -7.84429232681E-07
 -8.26605457860E-07
 -8.64403148171E-07
 -8.97604365946E-07
 -9.26005441215E-07
 -9.49419529661E-07
 -9.67678602137E-07
 -9.80636173153E-07
 -9.88169176708E-07
 -9.90180524241E-07
 -9.86600753095E-07
 -9.77390186563E-07
 -9.62540980254E-07
 -9.42077917898E-07
 -9.16060457712E-07
 -8.84583414518E-07
 -8.47777641866E-07
 -8.05810543625E-07
 -7.58886073982E-07
 -7.07244566911E-07
 -6.51162110898E-07
 -5.90949241541E-07
 -5.26949975210E-07
 -4.59539819531E-07
 -3.89123442801E-07
 -3.16132741318E-07
 -2.41023514036E-07
 -1.64272748293E-07
 -8.63748468305E-08
 -7.83821629824E-09
  7.08187073428E-08
  1.49071595956E-07
  2.26394348601E-07
  3.02263543972E-07
  3.76162859084E-07
  4.47587353847E-07
  5.16048146437E-07
  5.81076278650E-07
  6.42227576009E-07
  6.99086058376E-07
  7.51268089516E-07
  7.98426071924E-07
  8.40251232148E-07
  8.76477145084E-07
  9.06881609808E-07
  9.31289662276E-07
  9.49574427977E-07
  9.61658997767E-07
  9.67516825767E-07
  9.67172468336E-07
  9.60700731412E-07
  9.48226613673E-07
  9.29923828608E-07
  9.06013042368E-07
  8.76760111623E-07
  8.42472957174E-07
  8.03498778623E-07
  7.60220871143E-07
  7.13054362222E-07
  6.62442403154E-07
  6.08851621564E-07
  5.52767573936E-07
  4.94689800234E-07
  4.35126821685E-07
  3.74591195396E-07
  3.13594341605E-07
  2.52641342513E-07
  1.92226124796E-07
  1.32826443178E-07
  7.48991837440E-08
  1.88759514685E-08
 -3.48411610673E-08
 -8.58834567907E-08
 -1.33919087375E-07
 -1.78656193839E-07
 -2.19845517790E-07
 -2.57282579241E-07
 -2.90809396120E-07
 -3.20315734825E-07
 -3.45739493923E-07
 -3.67067087836E-07
 -3.84333077363E-07
 -3.97618919123E-07
 -4.07051715001E-07
 -4.12802307892E-07
 -4.15082610061E-07
 -4.14142874661E-07
 -4.10268398809E-07
 -4.03775686664E-07
 -3.95008413534E-07
 -3.84333191050E-07
 -3.72134820736E-07
 -3.58811576007E-07
 -3.44770199945E-07
 -3.30420817818E-07
 -3.16172020121E-07
 -3.02425519294E-07
 -2.89571374879E-07
 -2.77983019714E-07
 -2.68012570359E-07
 -2.59986421725E-07
 -2.54201012240E-07
 -2.50919015343E-07
 -2.50365872034E-07
 -2.52726692906E-07
 -2.58143700194E-07
 -2.66714010877E-07
 -2.78487988226E-07
 -2.93468190193E-07
 -3.11608658876E-07
 -3.32814948933E-07
 -3.56944582336E-07
 -3.83807986282E-07
 -4.13169971125E-07
 -4.44752032536E-07
 -4.78234653656E-07
 -5.13260317803E-07
 -5.49437061181E-07
 -5.86342196129E-07
 -6.23526545951E-07
 -6.60518821860E-07
 -6.96830795732E-07
 -7.31961733891E-07
 -7.65403967762E-07
 -7.96648180312E-07
 -8.25188578801E-07
 -8.50528351748E-07
 -8.72185182743E-07
 -8.89696025297E-07
 -9.02622844023E-07
 -9.10556934741E-07
 -9.13123869850E-07
 -9.09987761588E-07
 -9.00855297914E-07
 -8.85479494173E-07
 -8.63662762640E-07
 -8.35259697851E-07
 -8.00179577709E-07
 -7.58388239319E-07
 -7.09908988483E-07
 -6.54823850255E-07
 -5.93273625782E-07
 -5.25457835465E-07
 -4.51633610510E-07
 -3.72114783431E-07
 -2.87269756427E-07
 -1.97519398171E-07
 -1.03334166113E-07
 -5.23091836513E-09
  9.62306359042E-08
  2.00452049626E-07
  3.06800444605E-07
  4.14613140265E-07
  5.23202686509E-07
  6.31861837519E-07
  7.39869165045E-07
  8.46494231155E-07
  9.51003130467E-07
  1.05266440187E-06
  1.15075420126E-06
  1.24456209960E-06
  1.33339642616E-06
  1.41658938446E-06
  1.49350262291E-06
  1.56353144121E-06
  1.62610979260E-06
  1.68071471762E-06
  1.72686998212E-06
  1.76415016995E-06
  1.79218329777E-06
  1.81065456673E-06
  1.81930772669E-06
  1.81794791843E-06
  1.80644292413E-06
  1.78472441803E-06
  1.75278842107E-06
  1.71069541466E-06
  1.65857034062E-06
  1.59660203281E-06
  1.52504151174E-06
  1.44420096149E-06
  1.35445179694E-06
  1.25622148062E-06
  1.14999227208E-06
  1.03629645309E-06
  9.15714736038E-07
  7.88870750057E-07
  6.56428710499E-07
  5.19088189321E-07
  3.77580420263E-07
  2.32663310840E-07
  8.51169659200E-08
 -6.42612008050E-08
 -2.14661170617E-07
 -3.65265435676E-07
 -5.15253759659E-07
 -6.63808293666E-07
 -8.10117967376E-07
 -9.53384073910E-07
 -1.09282404992E-06
 -1.22767676203E-06
 -1.35720631533E-06
 -1.48070648720E-06
 -1.59750527473E-06
 -1.70696773694E-06
 -1.80849986009E-06
 -1.90155219570E-06
 -1.98562247533E-06
 -2.06025833904E-06
 -2.12506006392E-06
 -2.17968181460E-06
 -2.22383414439E-06
 -2.25728581427E-06
 -2.27986356549E-06
 -2.29145348385E-06
 -2.29200190915E-06
 -2.28151475312E-06
 -2.26005749937E-06
 -2.22775497605E-06
 -2.18478908209E-06
 -2.13139901462E-06
 -2.06787922252E-06
 -1.99457713279E-06
 -1.91189087673E-06
 -1.82026769835E-06
 -1.72019986167E-06
 -1.61222305906E-06
 -1.49691254592E-06
 -1.37487938900E-06
 -1.24676728319E-06
 -1.11324902718E-06
 -9.75021748673E-07
 -8.32803664252E-07
 -6.87329475113E-07
 -5.39346103778E-07
 -3.89608857176E-07
 -2.38876509684E-07
 -8.79074306681E-08
  6.25448919322E-08
  2.11736079336E-07
  3.58934954647E-07
  5.03427656895E-07
  6.44521662707E-07
  7.81549147177E-07
  9.13871247121E-07
  1.04088098851E-06
  1.16200635603E-06
  1.27671376049E-06
  1.38451036946E-06
  1.48494666519E-06
  1.57761826358E-06
  1.66216841535E-06
  1.73828857442E-06
  1.80572044428E-06
  1.86425631910E-06
  1.91373987946E-06
  1.95406687453E-06
  1.98518341676E-06
  2.00708723241E-06
  2.01982606995E-06
  2.02349656320E-06
  2.01824354917E-06
  2.00425733965E-06
  1.98177212951E-06
  1.95106440515E-06
  1.91244976122E-06
  1.86628005849E-06
  1.81294160484E-06
  1.75285060777E-06
  1.68645158283E-06
  1.61421246503E-06
  1.53662222147E-06
  1.45418744069E-06
  1.36742767154E-06
  1.27687326312E-06
  1.18306127206E-06
  1.08653125608E-06
  9.87823568721E-07
  8.87474243427E-07
  7.86013004017E-07
  6.83959797243E-07
  5.81821950618E-07
  4.80091387089E-07
  3.79242322879E-07
  2.79728794794E-07
  1.81982713343E-07
  8.64121005861E-08
 -6.60065069269E-09
 -9.66999564866E-08
 -1.83558185540E-07
 -2.66876497790E-07
 -3.46385235162E-07
 -4.21844532639E-07
 -4.93044126415E-07
 -5.59803538636E-07
 -6.21971253167E-07
 -6.79424545069E-07
 -7.32068883735E-07
 -7.79836398124E-07
 -8.22685422008E-07
 -8.60598959207E-07
 -8.93583717243E-07
 -9.21668345200E-07
 -9.44902183164E-07
 -9.63353841144E-07
 -9.77109380074E-07
 -9.86271174952E-07
 -9.90955982161E-07
 -9.91294086816E-07
 -9.87426801657E-07
 -9.79506239673E-07
 -9.67693267739E-07
 -9.52156597123E-07
 -9.33071589770E-07
 -9.10619178285E-07
 -8.84985183802E-07
 -8.56359292811E-07
 -8.24934375032E-07
 -7.90906256043E-07
 -7.54472750941E-07
 -7.15833948561E-07
 -6.75191358823E-07
 -6.32748026419E-07
 -5.88708417126E-07
 -5.43278417808E-07
 -4.96665336414E-07
 -4.49077845133E-07
 -4.00726207772E-07
 -3.51822194489E-07
 -3.02579309164E-07
 -2.53212618873E-07
 -2.03938867571E-07
 -1.54976362410E-07
 -1.06544717937E-07
 -5.88646997812E-08
 -1.21578063172E-08
  3.33541763098E-08
  7.74497834755E-08
  1.19908591500E-07
  1.60512044545E-07
  1.99044450255E-07
  2.35294109530E-07
  2.69054453383E-07
  3.00125577724E-07
  3.28315479692E-07
  3.53441720335E-07
  3.75333115699E-07
  3.93831328438E-07
  4.08792686812E-07
  4.20089889985E-07
  4.27613883858E-07
  4.31275537949E-07
  4.31007379120E-07
  4.26765240036E-07
  4.18529737090E-07
  4.06307748335E-07
  3.90133692463E-07
  3.70070466715E-07
  3.46210498492E-07
  3.18676285360E-07
  2.87620849804E-07
  2.53227739222E-07
  2.15711111196E-07
  1.75315065576E-07
  1.32312948153E-07
  8.70062777381E-08
  3.97233108629E-08
 -9.18268483474E-09
 -5.93355231615E-08
 -1.10338433501E-07
 -1.61776796404E-07
 -2.13221042600E-07
 -2.64229981894E-07
 -3.14354252851E-07
 -3.63139946558E-07
 -4.10132685147E-07
 -4.54881529777E-07
 -4.96943243888E-07
 -5.35886385933E-07
 -5.71295856844E-07
 -6.02777106451E-07
 -6.29959856724E-07
 -6.52503274523E-07
 -6.70098927458E-07
 -6.82475217673E-07
 -6.89400621923E-07
 -6.90687215865E-07
 -6.86193459387E-07
 -6.75826640872E-07
 -6.59545662529E-07
 -6.37361893041E-07
 -6.09341270774E-07
 -5.75604644837E-07
 -5.36328229828E-07
 -4.91742980557E-07
 -4.42134364675E-07
 -3.87840572103E-07
 -3.29250610775E-07
 -2.66802032911E-07
 -2.00977765985E-07
 -1.32302673705E-07
 -6.13394490756E-08
  1.13157936354E-08
  8.50385291074E-08
  1.59181070103E-07
  2.33078296219E-07
  3.06053607346E-07
  3.77425152465E-07
  4.46512103736E-07
  5.12641520345E-07
  5.75154501803E-07
  6.33413208107E-07
  6.86807027250E-07
  7.34759339593E-07
  7.76733315888E-07
  8.12238113213E-07
  8.40834616156E-07
  8.62140097979E-07
  8.75833507052E-07
  8.81659502738E-07
  8.79432036527E-07
  8.69037592111E-07
  8.50437459121E-07
  8.23669722649E-07
  7.88849888522E-07
  7.46171622268E-07
  6.95905839621E-07
  6.38399797026E-07
  5.74075158966E-07
  5.03424985254E-07
  4.27010377280E-07
  3.45456442119E-07
  2.59447347162E-07
  1.69720820509E-07
  7.70619834611E-08
 -1.77031562743E-08
 -1.13714946792E-07
 -2.10087549135E-07
 -3.05916955767E-07
 -4.00289138724E-07
 -4.92288393161E-07
 -5.81006020184E-07
 -6.65548611778E-07
 -7.45047202599E-07
 -8.18664886992E-07
 -8.85605629719E-07
 -9.45122053508E-07
 -9.96522771857E-07
 -1.03918000605E-06
 -1.07253561055E-06
 -1.09610789423E-06
 -1.10949576992E-06
 -1.11238477984E-06
 -1.10455016511E-06
 -1.08586027636E-06
 -1.05627884750E-06
 -1.01586635992E-06
 -9.64780156210E-07
 -9.03274894881E-07
 -8.31700674553E-07
 -7.50501101265E-07
 -6.60210048409E-07
 -5.61447677683E-07
 -4.54916090575E-07
 -3.41393331382E-07
 -2.21727390226E-07
 -9.68290692072E-08
  3.23354640841E-08
  1.64752862020E-07
  2.99371293977E-07
  4.35109313912E-07
  5.70865267946E-07
  7.05527043010E-07
  8.37981247059E-07
  9.67123582996E-07
  1.09186817099E-06
  1.21115726870E-06
  1.32397065045E-06
  1.42933447478E-06
  1.52632981099E-06
  1.61410150668E-06
  1.69186523635E-06
  1.75891420895E-06
  1.81462633009E-06
  1.85846886325E-06
  1.89000377304E-06
  1.90889136320E-06
  1.91489357348E-06
  1.90787545762E-06
  1.88780745702E-06
  1.85476426395E-06
  1.80892516255E-06
  1.75057220986E-06
  1.68008773471E-06
  1.59795058607E-06
  1.50473249505E-06
  1.40109239055E-06
  1.28777094233E-06
  1.16558419450E-06
  1.03541594854E-06
  8.98211112599E-07
  7.54965810756E-07
  6.06720391261E-07
  4.54549734741E-07
  2.99554216099E-07
  1.42850453244E-07
 -1.44382150680E-08
 -1.71191047116E-07
 -3.26299129938E-07
 -4.78674564874E-07
 -6.27259225894E-07
 -7.71033114688E-07
 -9.09022844553E-07
 -1.04030868897E-06
 -1.16403180073E-06
 -1.27940074890E-06
 -1.38569703267E-06
 -1.48228002672E-06
 -1.56859141498E-06
 -1.64415894233E-06
 -1.70859834725E-06
 -1.76161620402E-06
 -1.80301003638E-06
 -1.83266911336E-06
 -1.85057376711E-06
 -1.85679414244E-06
 -1.85148769560E-06
 -1.83489703431E-06
 -1.80734537025E-06
 -1.76923344952E-06
 -1.72103386831E-06
 -1.66328618434E-06
 -1.59659111887E-06
 -1.52160430389E-06
 -1.43902911987E-06
 -1.34961089771E-06
 -1.25412907437E-06
 -1.15339025797E-06
 -1.04822083813E-06
 -9.39459596339E-07
 -8.27950714211E-07
 -7.14536724900E-07
 -6.00051350830E-07
 -4.85312966703E-07
 -3.71118460407E-07
 -2.58237065509E-07
 -1.47404904283E-07
 -3.93199783844E-08
  6.53625207292E-08
  1.66034226368E-07
  2.62137120899E-07
  3.53166456080E-07
  4.38673311010E-07
  5.18265949268E-07
  5.91611808431E-07
  6.58437102175E-07
  7.18527815025E-07
  7.71728821292E-07
  8.17942805043E-07
  8.57129009546E-07
  8.89301190909E-07
  9.14525287499E-07
  9.32916464080E-07
  9.44636326494E-07
  9.49889113144E-07
  9.48918568611E-07
  9.42003396176E-07
  9.29453847220E-07
  9.11607173748E-07
  8.88823706191E-07
  8.61482362779E-07
  8.29976556815E-07
  7.94710217633E-07
  7.56093641030E-07
  7.14539510227E-07
  6.70459371577E-07
  6.24260223958E-07
  5.76341221858E-07
  5.27090605829E-07
  4.76883087686E-07
  4.26077718885E-07
  3.75015474674E-07
  3.24017662479E-07
  2.73384671345E-07
  2.23394494014E-07
  1.74302314804E-07
  1.26339841700E-07
  7.97150292442E-08
  3.46124444661E-08
 -8.80669226433E-09
 -5.04037132032E-08
 -9.00618104538E-08
 -1.27685012785E-07
 -1.63197043435E-07
 -1.96540085540E-07
 -2.27673268682E-07
 -2.56571354385E-07
 -2.83223045017E-07
 -3.07629591134E-07
 -3.29803214072E-07
 -3.49765400642E-07
 -3.67545709423E-07
 -3.83180122299E-07
 -3.96709936012E-07
 -4.08180426348E-07
 -4.17639654415E-07
 -4.25137841376E-07
 -4.30726146305E-07
 -4.34456325138E-07
 -4.36379934854E-07
 -4.36548134530E-07
 -4.35011457967E-07
 -4.31819529467E-07
 -4.27021291216E-07
 -4.20665116962E-07
 -4.12799067817E-07
 -4.03471233312E-07
 -3.92730299836E-07
 -3.80625891694E-07
 -3.67209310070E-07
 -3.52534073045E-07
 -3.36656512445E-07
 -3.19636342283E-07
 -3.01537369296E-07
 -2.82427890852E-07
 -2.62381178118E-07
 -2.41476129759E-07
 -2.19797215095E-07
 -1.97434928850E-07
 -1.74485862203E-07
 -1.51052589104E-07
 -1.27243680481E-07
 -1.03173285027E-07
 -7.89607810248E-08
 -5.47302470011E-08
 -3.06097440728E-08
 -6.73056455014E-09
  1.67737024270E-08
  3.97681958475E-08
  6.21178841698E-08
  8.36887821265E-08
  1.04349176411E-07
  1.23971005905E-07
  1.42431133554E-07
  1.59612724815E-07
  1.75406611902E-07
  1.89712608289E-07
  2.02440759267E-07
  2.13512549863E-07
  2.22862027499E-07
  2.30436796755E-07
  2.36198886228E-07
  2.40125530127E-07
  2.42209665657E-07
  2.42460515665E-07
  2.40903517579E-07
  2.37580778162E-07
  2.32550505075E-07
  2.25886935823E-07
  2.17679755110E-07
  2.08033213767E-07
  1.97065318730E-07
  1.84906667755E-07
  1.71699156226E-07
  1.57594485017E-07
  1.42752583088E-07
  1.27339916389E-07
  1.11527477031E-07
  9.54889927129E-08
  7.93988306214E-08
  6.34299723856E-08
  4.77519215281E-08
  3.25286109160E-08
  1.79164025838E-08
  4.06208222614E-09
 -8.89904772094E-09
 -2.08449364436E-08
 -3.16684563018E-08
 -4.12788949689E-08
 -4.96032654951E-08
 -5.65874458403E-08
 -6.21970599468E-08
 -6.64181669663E-08
 -6.92576946904E-08
 -7.07435958702E-08
 -7.09247771624E-08
 -6.98707509628E-08
 -6.76710030234E-08
 -6.44341540124E-08
 -6.02867942234E-08
 -5.53720838070E-08
 -4.98482215505E-08
 -4.38865157548E-08
 -3.76694018200E-08
 -3.13882217995E-08
 -2.52408369761E-08
 -1.94291285283E-08
 -1.41563907263E-08
 -9.62464863363E-09
 -6.03192029658E-09
 -3.56948626212E-09
 -2.41915576460E-09
 -2.75060685340E-09
 -4.71878891517E-09
 -8.46146086531E-09
 -1.40968543505E-08
 -2.17215365694E-08
 -3.14084509512E-08
 -4.32052225108E-08
 -5.71326701504E-08
 -7.31836422574E-08
 -9.13221214205E-08
 -1.11482627574E-07
 -1.33569969307E-07
 -1.57459297156E-07
 -1.82996586773E-07
 -2.09999214462E-07
 -2.38257186425E-07
 -2.67534488785E-07
 -2.97570750263E-07
 -3.28083444856E-07
 -3.58770051889E-07
 -3.89310599758E-07
 -4.19370650206E-07
 -4.48604339454E-07
 -4.76657504578E-07
 -5.03171293076E-07
 -5.27785289250E-07
 -5.50141578515E-07
 -5.69888356949E-07
 -5.86683427173E-07
 -6.00198006850E-07
 -6.10120139299E-07
 -6.16158899902E-07
 -6.18046840373E-07
 -6.15543967797E-07
 -6.08440416272E-07
 -5.96559289079E-07
 -5.79759387165E-07
 -5.57937198664E-07
 -5.31028888417E-07
 -4.99012003274E-07
 -4.61906438431E-07
 -4.19775659566E-07
 -3.72726702835E-07
 -3.20910572782E-07
 -2.64521759163E-07
 -2.03797512199E-07
 -1.39016606227E-07
 -7.04979896682E-08
  1.40133449289E-09
  7.62884724281E-08
  1.53737332198E-07
  2.33291544305E-07
  3.14467797580E-07
  3.96759304522E-07
  4.79639538753E-07
  5.62566413009E-07
  6.44986243969E-07
  7.26338214463E-07
  8.06058608305E-07
  8.83585414613E-07
  9.58362875281E-07
  1.02984563455E-06
  1.09750362753E-06
  1.16082594559E-06
  1.21932544062E-06
  1.27254236304E-06
  1.32004856823E-06
  1.36145035867E-06
  1.39639291774E-06
  1.42456246977E-06
  1.44568889482E-06
  1.45954879827E-06
  1.46596653394E-06
  1.46481659158E-06
  1.45602450630E-06
  1.43956731335E-06
  1.41547434396E-06
  1.38382688419E-06
  1.34475817504E-06
  1.29845170704E-06
  1.24514099298E-06
  1.18510661196E-06
  1.11867609576E-06
  1.04621938135E-06
  9.68147332969E-07
  8.84908956778E-07
  7.96987080776E-07
  7.04895683157E-07
  6.09175572208E-07
  5.10390748332E-07
  4.09124055523E-07
  3.05973088643E-07
  2.01545617529E-07
  9.64553663607E-08
 -8.68245830787E-09
 -1.13255566703E-07
 -2.16659003627E-07
 -3.18299328228E-07
 -4.17598897684E-07
 -5.13999623308E-07
 -6.06967148542E-07
 -6.95994117450E-07
 -7.80603841122E-07
 -8.60353168264E-07
 -9.34835497901E-07
 -1.00368322364E-06
 -1.06657012111E-06
 -1.12321299639E-06
 -1.17337322081E-06
 -1.21685832255E-06
 -1.25352255509E-06
 -1.28326712456E-06
 -1.30604098558E-06
 -1.32183981805E-06
 -1.33070602715E-06
 -1.33272760650E-06
 -1.32803677388E-06
 -1.31680894810E-06
 -1.29926002046E-06
 -1.27564464947E-06
 -1.24625398712E-06
 -1.21141283671E-06
 -1.17147681067E-06
 -1.12682869258E-06
 -1.07787639081E-06
 -1.02504850474E-06
 -9.68791027844E-07
 -9.09563993901E-07
 -8.47837497986E-07
 -7.84088285855E-07
 -7.18795945431E-07
 -6.52439155147E-07
 -5.85491989114E-07
 -5.18420563367E-07
 -4.51679795788E-07
 -3.85709398643E-07
 -3.20931377473E-07
 -2.57746847865E-07
 -1.96533164853E-07
 -1.37641563924E-07
 -8.13946741118E-08
 -2.80845142697E-08
  2.20292744046E-08
  6.87209649186E-08
  1.11800012803E-07
  1.51111933633E-07
  1.86538983371E-07
  2.18000423047E-07
  2.45452639547E-07
  2.68888754817E-07
  2.88338213750E-07
  3.03865647311E-07
  3.15570133580E-07
  3.23583208228E-07
  3.28067727651E-07
  3.29215652073E-07
  3.27245800236E-07
  3.22401774611E-07
  3.14949119229E-07
  3.05172676462E-07
  2.93373773275E-07
  2.79867094832E-07
  2.64977614961E-07
  2.49037469757E-07
  2.32382731724E-07
  2.15349984956E-07
  1.98273326646E-07
  1.81480999117E-07
  1.65292291854E-07
  1.50014500377E-07
  1.35939956181E-07
  1.23343156133E-07
  1.12478240055E-07
  1.03576404342E-07
  9.68437277038E-08
  9.24590750628E-08
  9.05723211986E-08
  9.13028443961E-08
  9.47382403638E-08
  1.00933341685E-07
  1.09909557011E-07
  1.21654494478E-07
  1.36121855121E-07
  1.53231709987E-07
  1.72871040149E-07
  1.94894525407E-07
  2.19125780632E-07
  2.45358762641E-07
  2.73359432867E-07
  3.02867789514E-07
  3.33600183922E-07
  3.65251565881E-07
  3.97498411076E-07
  4.30001421137E-07
  4.62408650037E-07
  4.94358687320E-07
  5.25483812908E-07
  5.55413521397E-07
  5.83777932661E-07
  6.10211202456E-07
  6.34355160400E-07
  6.55862095300E-07
  6.74399245781E-07
  6.89650903496E-07
  7.01322278474E-07
  7.09142341293E-07
  7.12866267349E-07
  7.12278620085E-07
  7.07195283667E-07
  6.97465736721E-07
  6.82975041855E-07
  6.63644982524E-07
  6.39435938865E-07
  6.10347171914E-07
  5.76417846787E-07
  5.37727203209E-07
  4.94394498674E-07
  4.46578411584E-07
  3.94476643351E-07
  3.38324440463E-07
  2.78393514463E-07
  2.14990080849E-07
  1.48452926396E-07
  7.91510501585E-08
  7.48113837545E-09
 -6.61353425357E-08
 -1.41255185326E-07
 -2.17416669557E-07
 -2.94143006840E-07
 -3.70945855366E-07
 -4.47329199460E-07
 -5.22792788615E-07
 -5.96836230216E-07
 -6.68962513828E-07
 -7.38682217616E-07
 -8.05516890523E-07
 -8.69002860782E-07
 -9.28694987579E-07
 -9.84169560070E-07
 -1.03502827642E-06
 -1.08090068807E-06
 -1.12144732611E-06
 -1.15636225928E-06
 -1.18537548133E-06
 -1.20825450267E-06
 -1.22480685150E-06
 -1.23488086956E-06
 -1.23836719013E-06
 -1.23519907902E-06
 -1.22535357150E-06
 -1.20885124488E-06
 -1.18575530905E-06
 -1.15617228857E-06
 -1.12025020371E-06
 -1.07817800199E-06
 -1.03018339814E-06
 -9.76531850938E-07
 -9.17524062061E-07
 -8.53493759223E-07
 -7.84805195053E-07
 -7.11850702828E-07
 -6.35047399555E-07
 -5.54834514332E-07
 -4.71669920898E-07
 -3.86027096511E-07
 -2.98391768183E-07
 -2.09258502082E-07
 -1.19127285814E-07
 -2.85001959810E-08
  6.21218987362E-08
  1.52242662921E-07
  2.41373442122E-07
  3.29036396352E-07
  4.14767328039E-07
  4.98118481573E-07
  5.78661285999E-07
  6.55988742437E-07
  7.29717498871E-07
  7.99489953351E-07
  8.64976129833E-07
  9.25875269786E-07
  9.81916741694E-07
  1.03286208741E-06
  1.07850451059E-06
  1.11867063879E-06
  1.15322052352E-06
  1.18204764021E-06
  1.20507922929E-06
  1.22227515931E-06
  1.23362849536E-06
  1.23916424855E-06
  1.23893869386E-06
  1.23303789223E-06
  1.22157734950E-06
  1.20469974263E-06
  1.18257446502E-06
  1.15539501166E-06
  1.12337829705E-06
  1.08676238142E-06
  1.04580476545E-06
  1.00078068499E-06
  9.51981178332E-07
  8.99711096736E-07
  8.44287342261E-07
  7.86036878253E-07
  7.25295080883E-07
  6.62403351726E-07
  5.97707924044E-07
  5.31557645900E-07
  4.64302360115E-07
  3.96291369498E-07
  3.27871561012E-07
  2.59386041535E-07
  1.91172503605E-07
  1.23561946452E-07
  5.68771056919E-08
 -8.56860005172E-09
 -7.24724813495E-08
 -1.34543611807E-07
 -1.94503996909E-07
 -2.52089478181E-07
 -3.07050839865E-07
 -3.59154512353E-07
 -4.08183439049E-07
 -4.53937985867E-07
 -4.96236339131E-07
 -5.34915386652E-07
 -5.69831172470E-07
 -6.00859380029E-07
 -6.27895644811E-07
 -6.50856293305E-07
 -6.69678399845E-07
 -6.84319672928E-07
 -6.94759648923E-07
 -7.00998384673E-07
 -7.03057764895E-07
 -7.00980763213E-07
 -6.94831328474E-07
 -6.84694441588E-07
 -6.70675603942E-07
 -6.52900325804E-07
 -6.31514012639E-07
 -6.06681112458E-07
 -5.78584433697E-07
 -5.47424463093E-07
 -5.13418399350E-07
 -4.76799044691E-07
 -4.37814065890E-07
 -3.96724516349E-07
 -3.53803443431E-07
 -3.09334950543E-07
 -2.63612207618E-07
 -2.16936115294E-07
 -1.69613755929E-07
 -1.21956361454E-07
 -7.42778709650E-08
 -2.68927760061E-08
  1.98855811817E-08
  6.57470451415E-08
  1.10386530139E-07
  1.53506050538E-07
  1.94816607291E-07
  2.34040228975E-07
  2.70911726830E-07
  3.05180719806E-07
  3.36613197760E-07
  3.64993553603E-07
  3.90125819649E-07
  4.11835429759E-07
  4.29970441473E-07
  4.44402900257E-07
  4.55029748991E-07
  4.61773794314E-07
  4.64584445581E-07
  4.63438340148E-07
  4.58339428633E-07
  4.49319372819E-07
  4.36437403550E-07
  4.19779865979E-07
  3.99460020617E-07
  3.75617020154E-07
  3.48415341023E-07
  3.18043305469E-07
  2.84712029952E-07
  2.48653776680E-07
  2.10120305155E-07
  1.69381110027E-07
  1.26721218408E-07
  8.24392145660E-08
  3.68449306620E-08
 -9.74290692568E-09
 -5.69991378541E-08
 -1.04594640504E-07
 -1.52198865067E-07
 -1.99482457219E-07
 -2.46119697067E-07
 -2.91791081963E-07
 -3.36185763672E-07
 -3.79003921580E-07
 -4.19959206965E-07
 -4.58780675672E-07
 -4.95215033425E-07
 -5.29028284291E-07
 -5.60008004413E-07
 -5.87963938870E-07
 -6.12730161720E-07
 -6.34165928659E-07
 -6.52156472825E-07
 -6.66613686917E-07
 -6.77476521105E-07
 -6.84711551457E-07
 -6.88312127295E-07
 -6.88299053309E-07
 -6.84719339006E-07
 -6.77645687119E-07
 -6.67175697799E-07
 -6.53430447528E-07
 -6.36553238564E-07
 -6.16708121015E-07
 -5.94077960159E-07
 -5.68862958517E-07
 -5.41278154742E-07
 -5.11552002536E-07
 -4.79923585317E-07
 -4.46640711971E-07
 -4.11957529423E-07
 -3.76132504698E-07
 -3.39425611173E-07
 -3.02096680116E-07
 -2.64402729044E-07
 -2.26596114317E-07
 -1.88922314237E-07
 -1.51618110067E-07
 -1.14909703086E-07
 -7.90111229776E-08
 -4.41226362113E-08
 -1.04294644032E-08
  2.18994014034E-08
  5.27121599703E-08
  8.18750081066E-08
  1.09272676241E-07
  1.34808900043E-07
  1.58406493256E-07
  1.80007461381E-07
  1.99572681936E-07
  2.17081677079E-07
  2.32531888855E-07
  2.45938053922E-07
  2.57331322473E-07
  2.66758291900E-07
  2.74279756241E-07
  2.79969498251E-07
  2.83913095700E-07
  2.86206329747E-07
  2.86953792283E-07
  2.86267408001E-07
  2.84264928041E-07
  2.81068338381E-07
  2.76802495591E-07
  2.71593478374E-07
  2.65567308588E-07
  2.58848587009E-07
  2.51559271192E-07
  2.43817282808E-07
  2.35735697629E-07
  2.27421722343E-07
  2.18975742428E-07
  2.10490838981E-07
  2.02051950282E-07
  1.93735715470E-07
  1.85609948744E-07
  1.77733653572E-07
  1.70156937429E-07
  1.62921040214E-07
  1.56058732159E-07
  1.49594498566E-07
  1.43545051401E-07
  1.37919968779E-07
  1.32722135504E-07
  1.27948638351E-07
  1.23591419765E-07
  1.19638130514E-07
  1.16072939704E-07
  1.12877451386E-07
  1.10031528777E-07
  1.07514125602E-07
  1.05304174269E-07
  1.03381289307E-07
  1.01726591595E-07
  1.00323305219E-07
  9.91574040654E-08
  9.82181020959E-08
  9.74982654611E-08
  9.69947819840E-08
  9.67087245840E-08
  9.66455075968E-08
  9.68148512470E-08
  9.72307461211E-08
  9.79111192123E-08
  9.88776349686E-08
  1.00155176597E-07
  1.01771398420E-07
  1.03756043757E-07
  1.06140333855E-07
  1.08956143663E-07
  1.12235220229E-07
  1.16008301632E-07
  1.20304250117E-07
  1.25149071550E-07
  1.30565055656E-07
  1.36569823894E-07
  1.43175412859E-07
  1.50387492681E-07
  1.58204443323E-07
  1.66616743513E-07
  1.75606189146E-07
  1.85145367482E-07
  1.95197202402E-07
  2.05714499657E-07
  2.16639861605E-07
  2.27905331940E-07
  2.39432694116E-07
  2.51133343454E-07
  2.62908827153E-07
  2.74651057453E-07
  2.86243107439E-07
  2.97559608953E-07
  3.08468088406E-07
  3.18829449952E-07
  3.28499424995E-07
  3.37329424838E-07
  3.45168331251E-07
  3.51863519654E-07
  3.57262507578E-07
  3.61214404165E-07
  3.63571615480E-07
  3.64191464541E-07
  3.62937612408E-07
  3.59682019280E-07
  3.54306337158E-07
  3.46703473042E-07
  3.36779322652E-07
  3.24453907297E-07
  3.09663050757E-07
  2.92359317200E-07
  2.72513375421E-07
  2.50114936762E-07
  2.25173437229E-07
  1.97718890149E-07
  1.67802355122E-07
  1.35496151188E-07
  1.00894162358E-07
  6.41116173483E-08
  2.52849048366E-08
 -1.54288812837E-08
 -5.78526488937E-08
 -1.01790107010E-07
 -1.47026881336E-07
 -1.93331658238E-07
 -2.40457751488E-07
 -2.88144491378E-07
 -3.36119171607E-07
 -3.84098768791E-07
 -4.31792074096E-07
 -4.78901768020E-07
 -5.25126722550E-07
 -5.70164047531E-07
 -6.13711961250E-07
 -6.55471581013E-07
 -6.95149878993E-07
 -7.32461728603E-07
 -7.67132462443E-07
 -7.98900202881E-07
 -8.27518022106E-07
 -8.52756272707E-07
 -8.74404634033E-07
 -8.92273874342E-07
 -9.06197954009E-07
 -9.16035560294E-07
 -9.21671130527E-07
 -9.23016898469E-07
 -9.20013292216E-07
 -9.12630127914E-07
 -9.00866893971E-07
 -8.84753490027E-07
 -8.64350283791E-07
 -8.39747428927E-07
 -8.11065433481E-07
 -7.78453738803E-07
 -7.42090321637E-07
 -7.02180500411E-07
 -6.58955514155E-07
 -6.12671158251E-07
 -5.63605851767E-07
 -5.12058818458E-07
 -4.58347813037E-07
 -4.02807074806E-07
 -3.45784684441E-07
 -2.87639977614E-07
 -2.28741015462E-07
 -1.69461699784E-07
 -1.10178973500E-07
 -5.12699784849E-08
  6.89086077088E-09
  6.39347277342E-08
  1.19501265772E-07
  1.73241332391E-07
  2.24819814321E-07
  2.73918175253E-07
  3.20237035112E-07
  3.63498401157E-07
  4.03448012776E-07
  4.39857331003E-07
  4.72525272244E-07
  5.01279942000E-07
  5.25979828581E-07
  5.46515252609E-07
  5.62808850191E-07
  5.74816510834E-07
  5.82527718507E-07
  5.85965381106E-07
  5.85186000990E-07
  5.80279049700E-07
  5.71366115310E-07
  5.58600220302E-07
  5.42164400485E-07
  5.22270170222E-07
  4.99156158185E-07
  4.73085492558E-07
  4.44344408379E-07
  4.13239405361E-07
  3.80094974162E-07
  3.45250782630E-07
  3.09059004167E-07
  2.71881418712E-07
  2.34086357409E-07
  1.96045675693E-07
  1.58131726380E-07
  1.20714233276E-07
  8.41572216359E-08
  4.88160196710E-08
  1.50342351901E-08
 -1.68590688077E-08
 -4.65521559079E-08
 -7.37532488415E-08
 -9.81929773047E-08
 -1.19626662354E-07
 -1.37836451586E-07
 -1.52633120365E-07
 -1.63857748703E-07
 -1.71383121028E-07
 -1.75114863055E-07
 -1.74992251800E-07
 -1.70988883497E-07
 -1.63112929386E-07
 -1.51407192561E-07
 -1.35948823754E-07
 -1.16848788423E-07
 -9.42510496316E-08
 -6.83314524963E-08
 -3.92963706020E-08
 -7.38111616272E-09
  2.71519606798E-08
  6.40155235487E-08
  1.02899562648E-07
  1.43473840808E-07
  1.85390604202E-07
  2.28287348136E-07
  2.71789730277E-07
  3.15514597560E-07
  3.59073226264E-07
  4.02074249450E-07
  4.44127039145E-07
  4.84844747461E-07
  5.23847688783E-07
  5.60766181934E-07
  5.95243704993E-07
  6.26939822723E-07
  6.55533028748E-07
  6.80723246660E-07
  7.02234672190E-07
  7.19817421668E-07
  7.33250431040E-07
  7.42342649573E-07
  7.46934802009E-07
  7.46901150706E-07
  7.42150120914E-07
  7.32625153432E-07
  7.18305727787E-07
  6.99207021171E-07
  6.75380249504E-07
  6.46912326374E-07
  6.13925180915E-07
  5.76574848310E-07
  5.35050617145E-07
  4.89573437790E-07
  4.40394103407E-07
  3.87791885714E-07
  3.32072005449E-07
  2.73563614428E-07
  2.12617223383E-07
  1.49602101374E-07
  8.49035757255E-08
  1.89201472267E-08
 -4.79395190212E-08
 -1.15259517486E-07
 -1.82619871225E-07
 -2.49599537483E-07
 -3.15779544735E-07
 -3.80745973416E-07
 -4.44093018359E-07
 -5.05425873598E-07
 -5.64363574540E-07
 -6.20541584340E-07
 -6.73614579227E-07
 -7.23258665403E-07
 -7.69173482240E-07
 -8.11084532870E-07
 -8.48744832638E-07
 -8.81936500718E-07
 -9.10472067517E-07
 -9.34195895752E-07
 -9.52984578362E-07
 -9.66748189057E-07
 -9.75430111794E-07
 -9.79007381829E-07
 -9.77490913101E-07
 -9.70924588728E-07
 -9.59384806265E-07
 -9.42980079799E-07
 -9.21849505175E-07
 -8.96161736819E-07
 -8.66113396114E-07
 -8.31927479794E-07
 -7.93851654635E-07
 -7.52156267936E-07
 -7.07132016942E-07
 -6.59087845634E-07
 -6.08348841524E-07
 -5.55253564016E-07
 -5.00151713823E-07
 -4.43401347638E-07
 -3.85366860201E-07
 -3.26415914742E-07
 -2.66917197678E-07
 -2.07237903282E-07
 -1.47741232581E-07
 -8.87840272412E-08
 -3.07144425449E-08
  2.61301575932E-08
  8.14253837689E-08
  1.34861721790E-07
  1.86146351666E-07
  2.35004904425E-07
  2.81182877870E-07
  3.24447029243E-07
  3.64586611568E-07
  4.01414268936E-07
  4.34766974422E-07
  4.64506683784E-07
  4.90520619678E-07
  5.12721840096E-07
  5.31049238361E-07
  5.45467287338E-07
  5.55965925741E-07
  5.62560387607E-07
  5.65290349641E-07
  5.64219078569E-07
  5.59433146918E-07
  5.51040841401E-07
  5.39171139735E-07
  5.23972971678E-07
  5.05613115820E-07
  4.84275460622E-07
  4.60159014892E-07
  4.33476515127E-07
  4.04452777047E-07
  3.73323018721E-07
  3.40331098414E-07
  3.05727809291E-07
  2.69769060424E-07
  2.32714270965E-07
  1.94824465893E-07
  1.56360769665E-07
  1.17582509063E-07
  7.87457565821E-08
  4.01016926332E-08
  1.89510407367E-09
 -3.56370506438E-08
 -7.22669994957E-08
 -1.07777438529E-07
 -1.41962701150E-07
 -1.74629846583E-07
 -2.05599619107E-07
 -2.34707329128E-07
 -2.61803620560E-07
 -2.86755152956E-07
 -3.09445027824E-07
 -3.29773314434E-07
 -3.47657305610E-07
 -3.63031659845E-07
 -3.75848628664E-07
 -3.86077687153E-07
 -3.93705704482E-07
 -3.98736517582E-07
 -4.01190561661E-07
 -4.01104472303E-07
 -3.98530289658E-07
 -3.93535117382E-07
 -3.86200127878E-07
 -3.76619709641E-07
 -3.64900785144E-07
 -3.51161588696E-07
 -3.35530756956E-07
 -3.18146220479E-07
 -2.99154123695E-07
 -2.78707432244E-07
 -2.56965023482E-07
 -2.34090293816E-07
 -2.10249993415E-07
 -1.85612975656E-07
 -1.60348918143E-07
 -1.34627228476E-07
 -1.08615736849E-07
 -8.24796089205E-08
 -5.63802196041E-08
 -3.04740304102E-08
 -4.91162488458E-09
  2.01632666119E-08
  4.46146763977E-08
  6.83151810676E-08
  9.11466884190E-08
  1.13001050295E-07
  1.33780631018E-07
  1.53398843850E-07
  1.71780442315E-07
  1.88861847050E-07
  2.04591373176E-07
  2.18929258722E-07
  2.31847636201E-07
  2.43330532612E-07
  2.53373514170E-07
  2.61983501559E-07
  2.69178400458E-07
  2.74986462045E-07
  2.79445913520E-07
  2.82604219137E-07
  2.84517426508E-07
  2.85249313947E-07
  2.84870736778E-07
  2.83458632566E-07
  2.81095083210E-07
  2.77866433862E-07
  2.73862411859E-07
  2.69174961431E-07
  2.63897391051E-07
  2.58123350250E-07
  2.51945920127E-07
  2.45456618586E-07
  2.38744462422E-07
  2.31895214142E-07
  2.24990444053E-07
  2.18106791294E-07
  2.11315338561E-07
  2.04680858928E-07
  1.98261375317E-07
  1.92107563635E-07
  1.86262511193E-07
  1.80761190904E-07
  1.75630518129E-07
  1.70888981188E-07
  1.66546783475E-07
  1.62605786613E-07
  1.59059737825E-07
  1.55894483100E-07
  1.53088308252E-07
  1.50612336824E-07
  1.48430999047E-07
  1.46502628695E-07
  1.44780130995E-07
  1.43211565273E-07
  1.41740869708E-07
  1.40308813457E-07
  1.38853650355E-07
  1.37311971571E-07
  1.35619686148E-07
  1.33712731554E-07
  1.31528040015E-07
  1.29004348537E-07
  1.26083079977E-07
  1.22709053585E-07
  1.18831373186E-07
  1.14404059559E-07
  1.09386753877E-07
  1.03745321667E-07
  9.74523928221E-08
  9.04878305619E-08
  8.28391151231E-08
  7.45016777159E-08
  6.54790852650E-08
  5.57832180448E-08
  4.54342909961E-08
  3.44608146463E-08
  2.28994814222E-08
  1.07949373884E-08
 -1.80052139864E-09
 -1.48273269218E-08
 -2.82191034984E-08
 -4.19032062382E-08
 -5.58013084628E-08
 -6.98300937074E-08
 -8.39019236309E-08
 -9.79256711275E-08
 -1.11807452186E-07
 -1.25451535382E-07
 -1.38761123480E-07
 -1.51639284240E-07
 -1.63989767543E-07
 -1.75717971729E-07
 -1.86731696772E-07
 -1.96942096409E-07
 -2.06264402891E-07
 -2.14618722794E-07
 -2.21930818611E-07
 -2.28132762459E-07
 -2.33163532926E-07
 -2.36969711409E-07
 -2.39505794752E-07
 -2.40734777890E-07
 -2.40628480697E-07
 -2.39167775362E-07
 -2.36342884818E-07
 -2.32153468005E-07
 -2.26608591447E-07
 -2.19726857154E-07
 -2.11536217876E-07
 -2.02073749733E-07
 -1.91385510107E-07
 -1.79526139732E-07
 -1.66558479009E-07
 -1.52553212729E-07
 -1.37588315852E-07
 -1.21748456650E-07
 -1.05124506433E-07
 -8.78128787463E-08
 -6.99148259287E-08
 -5.15358387077E-08
 -3.27848717063E-08
 -1.37736773098E-08
  5.38394084870E-09
  2.45728433157E-08
  4.36772644719E-08
  6.25815417266E-08
  8.11707820958E-08
  9.93315580899E-08
  1.16952541873E-07
  1.33925155410E-07
  1.50144117583E-07
  1.65508041050E-07
  1.79919936727E-07
  1.93287732486E-07
  2.05524671060E-07
  2.16549750576E-07
  2.26288108252E-07
  2.34671276189E-07
  2.41637565068E-07
  2.47132248887E-07
  2.51107820759E-07
  2.53524120808E-07
  2.54348549333E-07
  2.53556066809E-07
  2.51129392836E-07
  2.47059034564E-07
  2.41343144580E-07
  2.33987790921E-07
  2.25006672849E-07
  2.14421262967E-07
  2.02260636684E-07
  1.88561358527E-07
  1.73367496359E-07
  1.56730337153E-07
  1.38708401209E-07
  1.19367186358E-07
  9.87789974261E-08
  7.70228183455E-08
  5.41840563528E-08
  3.03543252755E-08
  5.63122348751E-09
 -1.98819574138E-08
 -4.60764759680E-08
 -7.28384748072E-08
 -1.00049298624E-07
 -1.27585821019E-07
 -1.55320876161E-07
 -1.83123589181E-07
 -2.10859894878E-07
 -2.38392900087E-07
 -2.65583452119E-07
 -2.92290707193E-07
 -3.18372514130E-07
 -3.43686167525E-07
 -3.68089018821E-07
 -3.91438987890E-07
 -4.13595330429E-07
 -4.34419490603E-07
 -4.53775498954E-07
 -4.71531024004E-07
 -4.87557997531E-07
 -5.01733438796E-07
 -5.13940221936E-07
 -5.24067900187E-07
 -5.32013530119E-07
 -5.37682410595E-07
 -5.40988935427E-07
 -5.41857161807E-07
 -5.40221833489E-07
 -5.36028949227E-07
 -5.29236501734E-07
 -5.19814761901E-07
 -5.07747415668E-07
 -4.93031620863E-07
 -4.75678575640E-07
 -4.55714030068E-07
 -4.33178399817E-07
 -4.08126936691E-07
 -3.80630098107E-07
 -3.50773206037E-07
 -3.18656759646E-07
 -2.84395923700E-07
 -2.48120414881E-07
 -2.09974047038E-07
 -1.70114304865E-07
 -1.28711604930E-07
 -8.59487059302E-08
 -4.20198702500E-08
  2.87010637479E-09
  4.85068376577E-08
  9.46674916236E-08
  1.41121944353E-07
  1.87634114468E-07
  2.33963163510E-07
  2.79865048469E-07
  3.25093907350E-07
  3.69403437617E-07
  4.12548672557E-07
  4.54287317098E-07
  4.94381367844E-07
  5.32598733116E-07
  5.68714654037E-07
  6.02513239301E-07
  6.33789227322E-07
  6.62348952574E-07
  6.88012164574E-07
  7.10612823696E-07
  7.30000977001E-07
  7.46043269828E-07
  7.58624196351E-07
  7.67647236444E-07
  7.73035480961E-07
  7.74732029640E-07
  7.72700957441E-07
  7.66927541918E-07
  7.57418433750E-07
  7.44201940961E-07
  7.27327858385E-07
  7.06867410827E-07
  6.82912855154E-07
  6.55577139241E-07
  6.24993049314E-07
  5.91312641518E-07
  5.54706673483E-07
  5.15362842179E-07
  4.73485471275E-07
  4.29293805837E-07
  3.83020875461E-07
  3.34912101607E-07
  2.85223592300E-07
  2.34220919992E-07
  1.82177245733E-07
  1.29371670710E-07
  7.60876730510E-08
  2.26112764068E-08
 -3.07706820024E-08
 -8.37722353708E-08
 -1.36110045901E-07
 -1.87505079907E-07
 -2.37684247395E-07
 -2.86382032755E-07
 -3.33342057957E-07
 -3.78318503635E-07
 -4.21077601231E-07
 -4.61398826701E-07
 -4.99076179494E-07
 -5.33919433110E-07
 -5.65754817217E-07
 -5.94426296630E-07
 -6.19796139745E-07
 -6.41745600660E-07
 -6.60175373923E-07
 -6.75006447182E-07
 -6.86179589593E-07
 -6.93656431849E-07
 -6.97418784057E-07
 -6.97469033639E-07
 -6.93829633747E-07
 -6.86542932726E-07
 -6.75670833061E-07
 -6.61294166093E-07
 -6.43511953058E-07
 -6.22440950337E-07
 -5.98214626280E-07
 -5.70982422232E-07
 -5.40908558833E-07
 -5.08171183355E-07
 -4.72961289688E-07
 -4.35481496197E-07
 -3.95944823595E-07
 -3.54573558070E-07
 -3.11597887048E-07
 -2.67254705477E-07
 -2.21786152110E-07
 -1.75438572114E-07
 -1.28460982296E-07
 -8.11037850212E-08
 -3.36175602911E-08
  1.37482683016E-08
  6.07466930092E-08
  1.07134312088E-07
  1.52672569698E-07
  1.97128883883E-07
  2.40277756802E-07
  2.81901833432E-07
  3.21792981595E-07
  3.59753130397E-07
  3.95595264990E-07
  4.29144250802E-07
  4.60237572497E-07
