  1.84527451097E-07
  1.78834611120E-07
  1.72814878852E-07
  1.66479523500E-07
  1.59840041647E-07
  1.52908199880E-07
  1.45695992160E-07
  1.38215710876E-07
  1.30479833160E-07
  1.22501148780E-07
  1.14292681985E-07
  1.05867762556E-07
  9.72400044930E-08
  8.84232989051E-08
  7.94318850694E-08
  7.02803006902E-08
  6.09834245324E-08
  5.15565012904E-08
  4.20150918501E-08
  3.23751585540E-08
  2.26530012526E-08
  1.28652990483E-08
  3.02909941574E-09
 -6.83818601743E-09
 -1.67187934608E-08
 -2.65946091815E-08
 -3.64471937075E-08
 -4.62577958160E-08
 -5.60073765143E-08
 -6.56766445672E-08
 -7.52460707076E-08
 -8.46959551382E-08
 -9.40064524002E-08
 -1.03157610454E-07
 -1.12129434626E-07
 -1.20901958667E-07
 -1.29455258957E-07
 -1.37769575304E-07
 -1.45825353570E-07
 -1.53603295416E-07
 -1.61084457773E-07
 -1.68250323895E-07
 -1.75082931264E-07
 -1.81564814739E-07
 -1.87679290775E-07
 -1.93410315319E-07
 -1.98742796442E-07
 -2.03662438025E-07
 -2.08156023973E-07
 -2.12211418216E-07
 -2.15817578919E-07
 -2.18964714804E-07
 -2.21644341991E-07
 -2.23849298209E-07
 -2.25573856483E-07
 -2.26813781978E-07
 -2.27566246735E-07
 -2.27830085464E-07
 -2.27605639225E-07
 -2.26894911748E-07
 -2.25701455747E-07
 -2.24030472395E-07
 -2.21888797114E-07
 -2.19284856939E-07
 -2.16228656313E-07
 -2.12731748661E-07
 -2.08807207969E-07
 -2.04469543519E-07
 -1.99734657258E-07
 -1.94619815375E-07
 -1.89143506191E-07
 -1.83325369107E-07
 -1.77186123551E-07
 -1.70747426864E-07
 -1.64031860095E-07
 -1.57062657991E-07
 -1.49863723209E-07
 -1.42459441577E-07
 -1.34874568403E-07
 -1.27134114791E-07
 -1.19263162901E-07
 -1.11286780680E-07
 -1.03229879755E-07
 -9.51170875396E-08
 -8.69725909070E-08
 -7.88200651414E-08
 -7.06824749841E-08
 -6.25820391065E-08
 -5.45400915541E-08
 -4.65769396385E-08
 -3.87118390677E-08
 -3.09628696016E-08
 -2.33468675503E-08
 -1.58793582727E-08
 -8.57451087910E-09
 -1.44509337829E-09
  5.49756418167E-09
  1.22435794836E-08
  1.87845294874E-08
  2.51134473217E-08
  3.12247969703E-08
  3.71144430744E-08
  4.27796322811E-08
  4.82189044249E-08
  5.34320534484E-08
  5.84200599008E-08
  6.31849843558E-08
  6.77298928053E-08
  7.20587536307E-08
  7.61763203627E-08
  8.00880641805E-08
  8.37999820646E-08
  8.73185541650E-08
  9.06505732701E-08
  9.38029884878E-08
  9.67829123510E-08
  9.95973437057E-08
  1.02253117973E-07
  1.04756814778E-07
  1.07114601633E-07
  1.09332113141E-07
  1.11414429682E-07
  1.13365892673E-07
  1.15190083250E-07
  1.16889708579E-07
  1.18466566335E-07
  1.19921480746E-07
  1.21254259966E-07
  1.22463674757E-07
  1.23547451381E-07
  1.24502207655E-07
  1.25323566635E-07
  1.26006057144E-07
  1.26543270085E-07
  1.26927815813E-07
  1.27151409401E-07
  1.27204955902E-07
  1.27078635614E-07
  1.26761946717E-07
  1.26243861587E-07
  1.25512912064E-07
  1.24557317349E-07
  1.23365111904E-07
  1.21924230712E-07
  1.20222722444E-07
  1.18248784986E-07
  1.15991014127E-07
  1.13438467508E-07
  1.10580813839E-07
  1.07408503425E-07
  1.03912853433E-07
  1.00086232635E-07
  9.59221253538E-08
  9.14152806786E-08
  8.65618332568E-08
  8.13593601379E-08
  7.58070228812E-08
  6.99055675568E-08
  6.36575094859E-08
  5.70670657396E-08
  5.01402581676E-08
  4.28849382672E-08
  3.53108013940E-08
  2.74293618929E-08
  1.92539690858E-08
  1.07997575327E-08
  2.08361905507E-09
 -6.87586210191E-09
 -1.60584772146E-08
 -2.54424730173E-08
 -3.50046498454E-08
 -4.47204584475E-08
 -5.45641398730E-08
 -6.45088178430E-08
 -7.45266675040E-08
 -8.45890397727E-08
 -9.46666176560E-08
 -1.04729558359E-07
 -1.14747678026E-07
 -1.24690600956E-07
 -1.34527923024E-07
 -1.44229375110E-07
 -1.53764986521E-07
 -1.63105241313E-07
 -1.72221248818E-07
 -1.81084914175E-07
 -1.89669052020E-07
 -1.97947485958E-07
 -2.05895318572E-07
 -2.13488888789E-07
 -2.20706013465E-07
 -2.27526015806E-07
 -2.33929824844E-07
 -2.39900060706E-07
 -2.45421148293E-07
 -2.50479246233E-07
 -2.55062474253E-07
 -2.59160657379E-07
 -2.62765638581E-07
 -2.65871108240E-07
 -2.68472575726E-07
 -2.70567454663E-07
 -2.72154863978E-07
 -2.73235741588E-07
 -2.73812588603E-07
 -2.73889611435E-07
 -2.73472494428E-07
 -2.72568286164E-07
 -2.71185456313E-07
 -2.69333554570E-07
 -2.67023381184E-07
 -2.64266532213E-07
 -2.61075626895E-07
 -2.57463938169E-07
 -2.53445449516E-07
 -2.49034485478E-07
 -2.44245882186E-07
 -2.39094703147E-07
 -2.33596153976E-07
 -2.27765511340E-07
 -2.21618009277E-07
 -2.15168711293E-07
 -2.08432496152E-07
 -2.01423915769E-07
 -1.94157195210E-07
 -1.86646133216E-07
 -1.78904045356E-07
 -1.70943820876E-07
 -1.62777780588E-07
 -1.54417762133E-07
 -1.45875063140E-07
 -1.37160427016E-07
 -1.28284185053E-07
 -1.19256142739E-07
 -1.10085693450E-07
 -1.00781846868E-07
 -9.13533000357E-08
 -8.18084373577E-08
 -7.21554798133E-08
 -6.24024778517E-08
 -5.25574392896E-08
 -4.26283648380E-08
 -3.26233333681E-08
 -2.25505818463E-08
 -1.24185790540E-08
 -2.23608287442E-09
  7.98778287958E-09
  1.82434778395E-08
  2.85209740269E-08
  3.88097234350E-08
  4.90986096224E-08
  5.93759104106E-08
  6.96292872249E-08
  7.98457477913E-08
  9.00116674529E-08
  1.00112764301E-07
  1.10134152465E-07
  1.20060306585E-07
  1.29875161292E-07
  1.39562089885E-07
  1.49103996705E-07
  1.58483388191E-07
  1.67682372876E-07
  1.76682775077E-07
  1.85466248581E-07
  1.94014276644E-07
  2.02308314101E-07
  2.10329844208E-07
  2.18060520751E-07
  2.25482168048E-07
  2.32576937265E-07
  2.39327363261E-07
  2.45716449854E-07
  2.51727726663E-07
  2.57345362797E-07
  2.62554181063E-07
  2.67339771653E-07
  2.71688492148E-07
  2.75587467513E-07
  2.79024789052E-07
  2.81989372297E-07
  2.84470957013E-07
  2.86460362986E-07
  2.87949092126E-07
  2.88929783210E-07
  2.89395700293E-07
  2.89341159032E-07
  2.88761214051E-07
  2.87651744202E-07
  2.86009395722E-07
  2.83831496972E-07
  2.81116143697E-07
  2.77862000075E-07
  2.74068412409E-07
  2.69735380698E-07
  2.64863359689E-07
  2.59453486251E-07
  2.53507380421E-07
  2.47027287514E-07
  2.40015936015E-07
  2.32476764950E-07
  2.24413810201E-07
  2.15831832406E-07
  2.06736274322E-07
  1.97133559254E-07
  1.87030892107E-07
  1.76436657284E-07
  1.65360305004E-07
  1.53812607095E-07
  1.41805742260E-07
  1.29353452394E-07
  1.16471220224E-07
  1.03176390098E-07
  8.94883385172E-08
  7.54286162419E-08
  6.10211117191E-08
  4.62921967426E-08
  3.12708436923E-08
  1.59887481033E-08
  4.80444128925E-10
 -1.52166297340E-08
 -3.10620755783E-08
 -4.70124881247E-08
 -6.30214742614E-08
 -7.90396725847E-08
 -9.50148262291E-08
 -1.10891903660E-07
 -1.26613201701E-07
 -1.42118594226E-07
 -1.57345667162E-07
 -1.72230130602E-07
 -1.86705989336E-07
 -2.00705969178E-07
 -2.14161971712E-07
 -2.27005315878E-07
 -2.39167491145E-07
 -2.50580455941E-07
 -2.61177206085E-07
 -2.70892513754E-07
 -2.79663197489E-07
 -2.87429088530E-07
 -2.94133485568E-07
 -2.99723637909E-07
 -3.04151598129E-07
 -3.07374790509E-07
 -3.09356522621E-07
 -3.10066610609E-07
 -3.09482004468E-07
 -3.07587157522E-07
 -3.04374538018E-07
 -2.99845140717E-07
 -2.94008742685E-07
 -2.86884215939E-07
 -2.78499726392E-07
 -2.68892790700E-07
 -2.58110532059E-07
 -2.46209424404E-07
 -2.33255320836E-07
 -2.19323069928E-07
 -2.04496302558E-07
 -1.88866948747E-07
 -1.72534754483E-07
 -1.55606571184E-07
 -1.38195716204E-07
 -1.20421162819E-07
 -1.02406531255E-07
 -8.42792502453E-08
 -6.61693988491E-08
 -4.82086193188E-08
 -3.05289304947E-08
 -1.32614834669E-08
  3.46468209678E-09
  1.95239451273E-08
  3.47953985624E-08
  4.91641571898E-08
  6.25226377338E-08
  7.47718189587E-08
  8.58224495914E-08
  9.55962207172E-08
  1.04026810277E-07
  1.11060934671E-07
  1.16659194305E-07
  1.20796869396E-07
  1.23464602098E-07
  1.24668844137E-07
  1.24432318671E-07
  1.22794190816E-07
  1.19810053434E-07
  1.15551912927E-07
  1.10107805540E-07
  1.03581363931E-07
  9.60911137327E-08
  8.77696493262E-08
  7.87626319720E-08
  6.92275534675E-08
  5.93324074316E-08
  4.92541545327E-08
  3.91770385022E-08
  2.92908062249E-08
  1.97887608522E-08
  1.08657154385E-08
  2.71588351808E-09
 -4.46933245968E-09
 -1.05035784514E-08
 -1.52078403204E-08
 -1.84127131320E-08
 -1.99606944307E-08
 -1.97083913633E-08
 -1.75286949400E-08
 -1.33128761348E-08
 -6.97252922066E-09
  1.55857726725E-09
  1.23228298676E-08
  2.53372700598E-08
  4.05923046287E-08
  5.80506096526E-08
  7.76463124907E-08
  9.92843851577E-08
  1.22840347672E-07
  1.48160168578E-07
  1.75060606011E-07
  2.03329662440E-07
  2.32727430216E-07
  2.62987299493E-07
  2.93817294050E-07
  3.24901890281E-07
  3.55903949867E-07
  3.86467092994E-07
  4.16218199462E-07
  4.44770165586E-07
  4.71725030593E-07
  4.96677159845E-07
  5.19216541761E-07
  5.38932567906E-07
  5.55417670967E-07
  5.68270877466E-07
  5.77101957333E-07
  5.81535289257E-07
  5.81213555506E-07
  5.75801777813E-07
  5.64990955354E-07
  5.48501930098E-07
  5.26088740571E-07
  4.97542032463E-07
  4.62692298697E-07
  4.21412750029E-07
  3.73621872995E-07
  3.19285817341E-07
  2.58420499222E-07
  1.91093150193E-07
  1.17423688550E-07
  3.75855542245E-08
 -4.81937476593E-08
 -1.39632604146E-07
 -2.36395635511E-07
 -3.38094451990E-07
 -4.44288986046E-07
 -5.54488963189E-07
 -6.68156133088E-07
 -7.84706742252E-07
 -9.03514489892E-07
 -1.02391368273E-06
 -1.14520298666E-06
 -1.26664963318E-06
 -1.38749317102E-06
 -1.50695086631E-06
 -1.62422225003E-06
 -1.73849377916E-06
 -1.84894486210E-06
 -1.95475308828E-06
 -2.05509923035E-06
 -2.14917417907E-06
 -2.23618303608E-06
 -2.31535159401E-06
 -2.38593224822E-06
 -2.44720899900E-06
 -2.49850245382E-06
 -2.53917596638E-06
 -2.56863972936E-06
 -2.58635645878E-06
 -2.59184412243E-06
 -2.58468230641E-06
 -2.56451357927E-06
 -2.53104894909E-06
 -2.48406922765E-06
 -2.42342821366E-06
 -2.34905428442E-06
 -2.26095357903E-06
 -2.15920772462E-06
 -2.04397815651E-06
 -1.91550429918E-06
 -1.77410254310E-06
 -1.62016692684E-06
 -1.45416697706E-06
 -1.27664554839E-06
 -1.08821677713E-06
 -8.89563295914E-07
 -6.81432823058E-07
 -4.64634837272E-07
 -2.40035859633E-07
 -8.55555448709E-09
  2.28838217708E-07
  4.71134484314E-07
  7.17284535767E-07
  9.66207494457E-07
  1.21679613585E-06
  1.46792285705E-06
  1.71844567376E-06
  1.96721475731E-06
  2.21307800530E-06
  2.45488831752E-06
  2.69150882559E-06
  2.92181925943E-06
  3.14472299578E-06
  3.35915160576E-06
  3.56407167601E-06
  3.75849026568E-06
  3.94145945393E-06
  4.11208293372E-06
  4.26951783083E-06
  4.41298470832E-06
  4.54176552012E-06
  4.65521179649E-06
  4.75274509881E-06
  4.83386293126E-06
  4.89814010507E-06
  4.94522873851E-06
  4.97486462336E-06
  4.98686404171E-06
  4.98112831337E-06
  4.95764061270E-06
  4.91647006129E-06
  4.85776854475E-06
  4.78176934848E-06
  4.68878806714E-06
  4.57921987618E-06
  4.45353816758E-06
  4.31228863818E-06
  4.15609019910E-06
  3.98563179260E-06
  3.80166488867E-06
  3.60500325769E-06
  3.39651728609E-06
  3.17712806464E-06
  2.94780556942E-06
  2.70956047643E-06
  2.46344052357E-06
  2.21052505367E-06
  1.95191819330E-06
  1.68874396422E-06
  1.42214059906E-06
  1.15325349270E-06
  8.83230313775E-07
  6.13214353962E-07
  3.44338616287E-07
  7.77202302515E-08
 -1.85545815157E-07
 -4.44392043164E-07
 -6.97784173553E-07
 -9.44726480157E-07
 -1.18426680729E-06
 -1.41550162880E-06
 -1.63758045346E-06
 -1.84971020190E-06
 -2.05115907193E-06
 -2.24126051762E-06
 -2.41941575041E-06
 -2.58509658124E-06
 -2.73784939964E-06
 -2.87729426418E-06
 -3.00312876789E-06
 -3.11512803819E-06
 -3.21314519169E-06
 -3.29711178892E-06
 -3.36703624271E-06
 -3.42300472767E-06
 -3.46517845173E-06
 -3.49379160980E-06
 -3.50914956471E-06
 -3.51162543666E-06
 -3.50165737473E-06
 -3.47974469150E-06
 -3.44644354300E-06
 -3.40236192642E-06
 -3.34815604219E-06
 -3.28452415488E-06
 -3.21220181831E-06
 -3.13195528179E-06
 -3.04457716993E-06
 -2.95087875202E-06
 -2.85168516712E-06
 -2.74782905763E-06
 -2.64014306595E-06
 -2.52945596912E-06
 -2.41658472078E-06
 -2.30232899412E-06
 -2.18746663450E-06
 -2.07274661079E-06
 -1.95888424059E-06
 -1.84655664270E-06
 -1.73639807599E-06
 -1.62899527822E-06
 -1.52488485128E-06
 -1.42454859997E-06
 -1.32841171308E-06
 -1.23684071696E-06
 -1.15014063340E-06
 -1.06855497961E-06
 -9.92265199784E-07
 -9.21389528230E-07
 -8.55984694681E-07
 -7.96046776941E-07
 -7.41512565128E-07
 -6.92262176472E-07
 -6.48121840641E-07
 -6.08866855600E-07
 -5.74225566652E-07
 -5.43883402315E-07
 -5.17487535490E-07
 -4.94651601457E-07
 -4.74961041164E-07
 -4.57978501345E-07
 -4.43249319915E-07
 -4.30307323995E-07
 -4.18680940584E-07
 -4.07898397725E-07
 -3.97494261506E-07
 -3.87014551961E-07
 -3.76022569526E-07
 -3.64104124628E-07
 -3.50872483068E-07
 -3.35973169285E-07
 -3.19088115930E-07
 -2.99939870274E-07
 -2.78294550071E-07
 -2.53965055208E-07
 -2.26813313020E-07
 -1.96752054649E-07
 -1.63746008752E-07
 -1.27812455730E-07
 -8.90212561444E-08
 -4.74940620165E-08
 -3.40317662939E-09
  4.30303970234E-08
  9.15394409162E-08
  1.41813458754E-07
  1.93502344814E-07
  2.46220338340E-07
  2.99550521277E-07
  3.53049898649E-07
  4.06254343943E-07
  4.58684439764E-07
  5.09851020070E-07
  5.59261309263E-07
  6.06424862326E-07
  6.50859647067E-07
  6.92098126365E-07
  7.29693226731E-07
  7.63223795275E-07
  7.92300966168E-07
  8.16572253370E-07
  8.35727291815E-07
  8.49501816447E-07
  8.57681811794E-07
  8.60106922573E-07
  8.56673239014E-07
  8.47335570597E-07
  8.32108980831E-07
  8.11069810425E-07
  7.84356018357E-07
  7.52166499751E-07
  7.14760176379E-07
  6.72454007145E-07
  6.25620714345E-07
  5.74685486754E-07
  5.20122114267E-07
  4.62449065708E-07
  4.02224088702E-07
  3.40039207458E-07
  2.76514754205E-07
  2.12293244317E-07
  1.48032839320E-07
  8.44006535772E-08
  2.20659170935E-08
 -3.83071103727E-08
 -9.60660528904E-08
 -1.50577378122E-07
 -2.01233149255E-07
 -2.47457620617E-07
 -2.88713550844E-07
 -3.24507993810E-07
 -3.54397883484E-07
 -3.77995036160E-07
 -3.94970527395E-07
 -4.05058500519E-07
 -4.08059491974E-07
 -4.03842875585E-07
 -3.92348624700E-07
 -3.73588363800E-07
 -3.47645936927E-07
 -3.14676469770E-07
 -2.74905744391E-07
 -2.28628039167E-07
 -1.76203386104E-07
 -1.18054430231E-07
 -5.46624399078E-08
  1.34372930560E-08
  8.56605382182E-08
  1.61379745123E-07
  2.39930074031E-07
  3.20615782812E-07
  4.02716949566E-07
  4.85496286728E-07
  5.68206246498E-07
  6.50096069421E-07
  7.30418662442E-07
  8.08438187505E-07
  8.83435802734E-07
  9.54717165769E-07
  1.02161766335E-06
  1.08350911887E-06
  1.13980456717E-06
  1.18996285892E-06
  1.23349354908E-06
  1.26995962546E-06
  1.29898182877E-06
  1.32023910737E-06
  1.33347191422E-06
  1.33848243422E-06
  1.33513447054E-06
  1.32335389935E-06
  1.30312662350E-06
  1.27449777665E-06
  1.23756831272E-06
  1.19249330055E-06
  1.13947737646E-06
  1.07877178834E-06
  1.01066996194E-06
  9.35502669108E-07
  8.53633480347E-07
  7.65453705753E-07
  6.71377847539E-07
  5.71837915686E-07
  4.67278795213E-07
  3.58153442903E-07
  2.44918254566E-07
  1.28028702306E-07
  7.93540522182E-09
 -1.14919366467E-07
 -2.40104839122E-07
 -3.67204222584E-07
 -4.95816777857E-07
 -6.25559152923E-07
 -7.56066299346E-07
 -8.86991927018E-07
 -1.01800731045E-06
 -1.14880151614E-06
 -1.27907856040E-06
 -1.40855649988E-06
 -1.53696350935E-06
 -1.66403629009E-06
 -1.78951574981E-06
 -1.91314279618E-06
 -2.03465538107E-06
 -2.15378395296E-06
 -2.27024611377E-06
 -2.38374400396E-06
 -2.49395930041E-06
 -2.60054957835E-06
 -2.70314308182E-06
 -2.80133804154E-06
 -2.89469835479E-06
 -2.98275131172E-06
 -3.06498645841E-06
 -3.14085446007E-06
 -3.20976710100E-06
 -3.27109819409E-06
 -3.32418608195E-06
 -3.36833431902E-06
 -3.40281690114E-06
 -3.42688235833E-06
 -3.43975989381E-06
 -3.44066461366E-06
 -3.42880639437E-06
 -3.40339624927E-06
 -3.36365792464E-06
 -3.30883563038E-06
 -3.23820563608E-06
 -3.15108741233E-06
 -3.04685340780E-06
 -2.92494223686E-06
 -2.78487118521E-06
 -2.62624598690E-06
 -2.44877332989E-06
 -2.25227381634E-06
 -2.03669014809E-06
 -1.80209951850E-06
 -1.54872236635E-06
 -1.27693056129E-06
 -9.87255248219E-07
 -6.80392986396E-07
 -3.57210268476E-07
 -1.87466486778E-08
  3.33783503947E-07
  6.98991414083E-07
  1.07531604954E-06
  1.46102752296E-06
  1.85423436960E-06
  2.25288954425E-06
  2.65480275630E-06
  3.05764933728E-06
  3.45898729393E-06
  3.85627072319E-06
  4.24686822953E-06
  4.62808202428E-06
  4.99716770719E-06
  5.35135814062E-06
  5.68788482269E-06
  6.00400244366E-06
  6.29701571597E-06
  6.56430302115E-06
  6.80334142089E-06
  7.01173621565E-06
  7.18724186299E-06
  7.32779199097E-06
  7.43151940696E-06
  7.49678201828E-06
  7.52218466005E-06
  7.50659955884E-06
  7.44918224882E-06
  7.34939203539E-06
  7.20700245438E-06
  7.02211627868E-06
  6.79517188473E-06
  6.52694689052E-06
  6.21856679572E-06
  5.87150043430E-06
  5.48755497221E-06
  5.06887272422E-06
  4.61791751150E-06
  4.13746238337E-06
  3.63057074537E-06
  3.10057816932E-06
  2.55106783698E-06
  1.98584325517E-06
  1.40889994782E-06
  8.24393850962E-07
  2.36606354065E-07
 -3.50091113432E-07
 -9.31274882987E-07
 -1.50250832576E-06
 -2.05938226827E-06
 -2.59755438492E-06
 -3.11279222842E-06
 -3.60101216756E-06
 -4.05831951866E-06
 -4.48105083706E-06
 -4.86580483994E-06
 -5.20948697158E-06
 -5.50933646082E-06
 -5.76295815335E-06
 -5.96835525357E-06
 -6.12394751442E-06
 -6.22859715804E-06
 -6.28162342764E-06
 -6.28281713944E-06
 -6.23244750386E-06
 -6.13126894677E-06
 -5.98051701672E-06
 -5.78190520173E-06
 -5.53761401534E-06
 -5.25027780895E-06
 -4.92295976073E-06
 -4.55913414044E-06
 -4.16265356762E-06
 -3.73771717932E-06
 -3.28883288603E-06
 -2.82077667180E-06
 -2.33855007536E-06
 -1.84733096376E-06
 -1.35242544275E-06
 -8.59216186200E-07
 -3.73108150598E-07
  1.00524417235E-07
  5.56393672468E-07
  9.89352656688E-07
  1.39444978231E-06
  1.76698199539E-06
  2.10254643207E-06
  2.39708924710E-06
  2.64695336227E-06
  2.84892030322E-06
  3.00025158140E-06
  3.09872280013E-06
  3.14265435009E-06
  3.13093892146E-06
  3.06305969389E-06
  2.93910716209E-06
  2.75978572972E-06
  2.52641962106E-06
  2.24094696932E-06
  1.90591117644E-06
  1.52444522428E-06
  1.10024961941E-06
  6.37563744021E-07
  1.41132730391E-07
 -3.83832855277E-07
 -9.31701720219E-07
 -1.49647166836E-06
 -2.07182438317E-06
 -2.65118342213E-06
 -3.22777668771E-06
 -3.79470202461E-06
 -4.34499315816E-06
 -4.87169018015E-06
 -5.36791003469E-06
 -5.82691518503E-06
 -6.24218819212E-06
 -6.60749537928E-06
 -6.91696095600E-06
 -7.16512658983E-06
 -7.34701916372E-06
 -7.45820625525E-06
 -7.49484979679E-06
 -7.45375973565E-06
 -7.33243268769E-06
 -7.12909695721E-06
 -6.84273527440E-06
 -6.47311890134E-06
 -6.02081945544E-06
 -5.48722118765E-06
 -4.87452280140E-06
 -4.18573563365E-06
 -3.42466591974E-06
 -2.59589887719E-06
 -1.70476823769E-06
 -7.57321004130E-07
  2.39725466145E-07
  1.27903274461E-06
  2.35269840232E-06
  3.45231728716E-06
  4.56905127066E-06
  5.69369967707E-06
  6.81677920511E-06
  7.92860373622E-06
  9.01936618902E-06
  1.00792285593E-05
  1.10984065032E-05
  1.20672602861E-05
  1.29763775476E-05
  1.38166669785E-05
  1.45794365380E-05
  1.52564807649E-05
  1.58401617227E-05
  1.63234744832E-05
  1.67001289810E-05
  1.69646027643E-05
  1.71122119355E-05
  1.71391493495E-05
  1.70425391843E-05
  1.68204642250E-05
  1.64720040630E-05
  1.59972423717E-05
  1.53972941916E-05
  1.46742895595E-05
  1.38313798743E-05
  1.28727151605E-05
  1.18034267871E-05
  1.06295819933E-05
  9.35815478442E-06
  7.99696954346E-06
  6.55464236843E-06
  5.04052241013E-06
  3.46461297340E-06
  1.83750125871E-06
  1.70271036382E-07
 -1.52558288846E-06
 -3.23824610859E-06
 -4.95567837788E-06
 -6.66571213515E-06
 -8.35614628159E-06
 -1.00148490674E-05
 -1.16298542707E-05
 -1.31894548758E-05
 -1.46823040268E-05
 -1.60975032486E-05
 -1.74246906681E-05
 -1.86541255971E-05
 -1.97767676582E-05
 -2.07843459066E-05
 -2.16694243136E-05
 -2.24254781642E-05
 -2.30469140661E-05
 -2.35291390709E-05
 -2.38685897784E-05
 -2.40627468884E-05
 -2.41101715801E-05
 -2.40104982367E-05
 -2.37644399022E-05
 -2.33737882809E-05
 -2.28413719014E-05
 -2.21710561163E-05
 -2.13676867133E-05
 -2.04370608117E-05
 -1.93858650164E-05
 -1.82216263056E-05
 -1.69526465470E-05
 -1.55879206432E-05
 -1.41370783240E-05
 -1.26102922877E-05
 -1.10181972559E-05
 -9.37179993343E-06
 -7.68239533500E-06
 -5.96147265242E-06
 -4.22062339567E-06
 -2.47144885179E-06
 -7.25473512375E-07
  1.00594843389E-06
  2.71171620625E-06
  4.38106735601E-06
  6.00365501668E-06
  7.56962708692E-06
  9.06969034986E-06
  1.04951786852E-05
  1.18381094580E-05
  1.30912339955E-05
  1.42480839713E-05
  1.53030068759E-05
  1.62512005772E-05
  1.70887233253E-05
  1.78125264938E-05
  1.84204436664E-05
  1.89112033695E-05
  1.92844108824E-05
  1.95405445993E-05
  1.96809178306E-05
  1.97076660697E-05
  1.96237015189E-05
  1.94326730707E-05
  1.91389226529E-05
  1.87474361155E-05
  1.82637795660E-05
  1.76940448000E-05
  1.70447892742E-05
  1.63229615282E-05
  1.55358520715E-05
  1.46910069816E-05
  1.37961669679E-05
  1.28592009787E-05
  1.18880361697E-05
  1.08905887828E-05
  9.87470411928E-06
  8.84809378476E-06
  7.81827202445E-06
  6.79250433677E-06
  5.77775335842E-06
  4.78063157061E-06
  3.80735878025E-06
  2.86372096525E-06
  1.95504003386E-06
  1.08614312921E-06
  2.61340943553E-07
 -5.15590386385E-07
 -1.24142115965E-06
 -1.91347521650E-06
 -2.52963081948E-06
 -3.08831840812E-06
 -3.58851048077E-06
 -4.02970999858E-06
 -4.41193151346E-06
 -4.73567934023E-06
 -5.00192572872E-06
 -5.21207630300E-06
 -5.36794232175E-06
 -5.47170475329E-06
 -5.52587971470E-06
 -5.53327708985E-06
 -5.49696414964E-06
 -5.42022189620E-06
 -5.30651050212E-06
 -5.15942065249E-06
 -4.98263898407E-06
 -4.77990670333E-06
 -4.55498320662E-06
 -4.31160742664E-06
 -4.05346281696E-06
 -3.78414802071E-06
 -3.50714321939E-06
 -3.22578512169E-06
 -2.94324081551E-06
 -2.66248753178E-06
 -2.38629240812E-06
 -2.11719884646E-06
 -1.85751252957E-06
 -1.60929391768E-06
 -1.37435119996E-06
 -1.15423802072E-06
 -9.50253365772E-07
 -7.63444518270E-07
 -5.94612401983E-07
 -4.44320107817E-07
 -3.12902614041E-07
 -2.00479362888E-07
 -1.06968286673E-07
 -3.21013260418E-08
  2.45586697645E-08
  6.36002113197E-08
  8.57445883184E-08
  9.18269833505E-08
  8.27773547485E-08
  5.96014011478E-08
  2.33619061873E-08
 -2.48393607905E-08
 -8.38789588897E-08
 -1.52628089722E-07
 -2.29967795917E-07
 -3.14802719004E-07
 -4.06073553449E-07
 -5.02767875332E-07
 -6.03929265708E-07
 -7.08664856575E-07
 -8.16151214167E-07
 -9.25638175886E-07
 -1.03645140825E-06
 -1.14799274797E-06
 -1.25974020193E-06
 -1.37124459343E-06
 -1.48212598106E-06
 -1.59206945227E-06
 -1.70081773376E-06
 -1.80816527973E-06
 -1.91394974536E-06
 -2.01804391509E-06
 -2.12034638025E-06
 -2.22077255785E-06
 -2.31924605032E-06
 -2.41568841375E-06
 -2.51001142715E-06
 -2.60210890701E-06
 -2.69184806712E-06
 -2.77906315205E-06
 -2.86355020762E-06
 -2.94506048704E-06
 -3.02329863189E-06
 -3.09791880682E-06
 -3.16852333526E-06
 -3.23466338159E-06
 -3.29584077008E-06
 -3.35150912179E-06
 -3.40107953889E-06
 -3.44392469742E-06
 -3.47938589584E-06
 -3.50678146788E-06
 -3.52541337634E-06
 -3.53457994606E-06
 -3.53358291250E-06
 -3.52174106411E-06
 -3.49840001945E-06
 -3.46294564224E-06
 -3.41481404575E-06
 -3.35350500791E-06
 -3.27859311255E-06
 -3.18973934554E-06
 -3.08670064442E-06
 -2.96934103972E-06
 -2.83764029518E-06
 -2.69170163847E-06
 -2.53175767284E-06
 -2.35817742578E-06
 -2.17146862269E-06
 -1.97228041543E-06
 -1.76140315489E-06
 -1.53976918682E-06
 -1.30844807700E-06
 -1.06864217742E-06
 -8.21681112484E-07
 -5.69012513552E-07
 -3.12192781848E-07
 -5.28752934770E-08
  2.07202461411E-07
  4.66233416319E-07
  7.22356674032E-07
  9.73673877525E-07
  1.21826792565E-06
  1.45422006881E-06
  1.67963037256E-06
  1.89263607808E-06
  2.09143172469E-06
  2.27428904509E-06
  2.43957470047E-06
  2.58577074419E-06
  2.71149087894E-06
  2.81549887404E-06
  2.89672334475E-06
  2.95427230412E-06
  2.98744680549E-06
  2.99575071949E-06
  2.97890119327E-06
  2.93683547170E-06
  2.86971567220E-06
  2.77793219539E-06
  2.66210395239E-06
  2.52307700066E-06
  2.36191931435E-06
  2.17991646423E-06
  1.97856002160E-06
  1.75953937287E-06
  1.52472659920E-06
  1.27616169721E-06
  1.01603563962E-06
  7.46671219076E-07
  4.70502271810E-07
  1.90051963500E-07
 -9.20904454915E-08
 -3.73293971734E-07
 -6.50910521927E-07
 -9.22300330330E-07
 -1.18485752409E-06
 -1.43603563174E-06
 -1.67337304902E-06
 -1.89451668575E-06
 -2.09724726119E-06
 -2.27950022236E-06
 -2.43938870881E-06
 -2.57522219727E-06
 -2.68552457783E-06
 -2.76905075225E-06
 -2.82479982161E-06
 -2.85202622763E-06
 -2.85025021185E-06
 -2.81926213574E-06
 -2.75912771031E-06
 -2.67018845079E-06
 -2.55306031249E-06
 -2.40862846113E-06
 -2.23804045163E-06
 -2.04269690585E-06
 -1.82423787010E-06
 -1.58452905907E-06
 -1.32564355226E-06
 -1.04984326299E-06
 -7.59557337915E-07
 -4.57358481754E-07
 -1.45938955143E-07
  1.71915615965E-07
  4.93353184083E-07
  8.15483076622E-07
  1.13540397706E-06
  1.45023250298E-06
  1.75713125827E-06
  2.05333685699E-06
  2.33618652601E-06
  2.60314527623E-06
  2.85182977677E-06
  3.08003245664E-06
  3.28574310515E-06
  3.46716819877E-06
  3.62274840882E-06
  3.75117497242E-06
  3.85140037906E-06
  3.92265064875E-06
  3.96442965211E-06
  3.97652638640E-06
  3.95901543015E-06
  3.91225512431E-06
  3.83688302463E-06
  3.73381021745E-06
  3.60421063306E-06
  3.44950831277E-06
  3.27136194755E-06
  3.07164964397E-06
  2.85244618681E-06
  2.61600325757E-06
  2.36472646975E-06
  2.10114922083E-06
  1.82790597592E-06
  1.54770805239E-06
  1.26331281081E-06
  9.77496824817E-07
  6.93026777299E-07
  4.12632118696E-07
  1.38976872677E-07
 -1.25367265014E-07
 -3.77946662411E-07
 -6.16450677171E-07
 -8.38733853925E-07
 -1.04283822111E-06
 -1.22701158034E-06
 -1.38972472996E-06
 -1.52968607381E-06
 -1.64585378570E-06
 -1.73744490439E-06
 -1.80394158633E-06
 -1.84509599421E-06
 -1.86093052434E-06
 -1.85173530554E-06
 -1.81806524324E-06
 -1.76073069724E-06
 -1.68078872775E-06
 -1.57952990776E-06
 -1.45846286159E-06
 -1.31929789404E-06
 -1.16392698146E-06
 -9.94402739707E-07
 -8.12915686765E-07
 -6.21770254838E-07
 -4.23359324486E-07
 -2.20138389295E-07
 -1.45989265121E-08
  1.90758441931E-07
  3.93450619640E-07
  5.91038599396E-07
  7.81153460139E-07
  9.61520868259E-07
  1.12998566237E-06
  1.28453370962E-06
  1.42331282404E-06
  1.54465203650E-06
  1.64707876138E-06
  1.72933312115E-06
  1.79038022452E-06
  1.82942108040E-06
  1.84589919172E-06
  1.83950578503E-06
  1.81018174317E-06
  1.75811680947E-06
  1.68374697296E-06
  1.58774889769E-06
  1.47103025938E-06
  1.33472042307E-06
  1.18015702810E-06
  1.00887041299E-06
  8.22566789793E-07
  6.23109428943E-07
  4.12497939806E-07
  1.92846869140E-07
 -3.36374732512E-08
 -2.64680693363E-07
 -4.97964322221E-07
 -7.31150862521E-07
 -9.61907858255E-07
 -1.18793275306E-06
 -1.40697636652E-06
 -1.61686659794E-06
 -1.81553059520E-06
 -2.00101499104E-06
 -2.17150636672E-06
 -2.32534853239E-06
 -2.46105923907E-06
 -2.57734473053E-06
 -2.67310997515E-06
 -2.74747094409E-06
 -2.79975984085E-06
 -2.82953283204E-06
 -2.83657027467E-06
 -2.82087898995E-06
 -2.78268953480E-06
 -2.72245210908E-06
 -2.64082905232E-06
 -2.53868734035E-06
 -2.41708744397E-06
 -2.27726945923E-06
 -2.12063991967E-06
 -1.94875383386E-06
 -1.76329979240E-06
 -1.56607825375E-06
 -1.35898358167E-06
 -1.14398301321E-06
 -9.23094887639E-07
 -6.98368523899E-07
 -4.71861540063E-07
 -2.45619304451E-07
 -2.16537276998E-08
  1.98076989477E-07
  4.11687835822E-07
  6.17385239821E-07
  8.13484518858E-07
  9.98425548460E-07
  1.17078695894E-06
  1.32929881147E-06
  1.47285334151E-06
  1.60051365583E-06
  1.71152078110E-06
  1.80529866611E-06
  1.88145656921E-06
  1.93979076357E-06
  1.98028169507E-06
  2.00309227694E-06
  2.00856197807E-06
  1.99720011551E-06
  1.96967653210E-06
  1.92681181943E-06
  1.86956572179E-06
  1.79902303898E-06
  1.71637975654E-06
  1.62292815276E-06
  1.52004020038E-06
  1.40915062730E-06
  1.29174077301E-06
  1.16932039873E-06
  1.04341029328E-06
  9.15525959044E-07
  7.87160161053E-07
  6.59766783428E-07
  5.34745652203E-07
  4.13427670765E-07
  2.97061404808E-07
  1.86800690472E-07
  8.36937203985E-08
 -1.13267368818E-08
 -9.74513625351E-08
 -1.74000916786E-07
 -2.40431063503E-07
 -2.96335826988E-07
 -3.41449123198E-07
 -3.75644646056E-07
 -3.98934474788E-07
 -4.11465634897E-07
 -4.13515465425E-07
 -4.05485536703E-07
 -3.87893948073E-07
 -3.61366744528E-07
 -3.26628054381E-07
 -2.84489317437E-07
 -2.35837575246E-07
 -1.81623164508E-07
 -1.22846898876E-07
 -6.05469239190E-08
  4.21484136481E-09
  7.03660276713E-08
  1.36837215337E-07
  2.02574966579E-07
  2.66554536665E-07
  3.27791781274E-07
  3.85354780974E-07
  4.38374200940E-07
  4.86052954329E-07
  5.27674842488E-07
  5.62612115118E-07
  5.90331410422E-07
  6.10399126799E-07
  6.22485231361E-07
  6.26365135759E-07
  6.21921685706E-07
  6.09144137798E-07
  5.88127363699E-07
  5.59068553230E-07
  5.22263803759E-07
  4.78102663237E-07
  4.27062332164E-07
  3.69700472902E-07
  3.06647166326E-07
  2.38596470581E-07
  1.66296899806E-07
  9.05416115415E-08
  1.21582468537E-08
 -6.80016398746E-08
 -1.49073187572E-07
 -2.30188902606E-07
 -3.10489156163E-07
 -3.89132452483E-07
 -4.65305447506E-07
 -5.38232086456E-07
 -6.07182926160E-07
 -6.71482780490E-07
 -7.30518593173E-07
 -7.83745463195E-07
 -8.30692954423E-07
 -8.70969302014E-07
 -9.04264993551E-07
 -9.30355952278E-07
 -9.49104446590E-07
 -9.60460397437E-07
 -9.64460014075E-07
 -9.61225055107E-07
 -9.50959815782E-07
 -9.33947774229E-07
 -9.10547385047E-07
 -8.81186792867E-07
 -8.46357806950E-07
 -8.06609648407E-07
 -7.62541276345E-07
 -7.14794339274E-07
 -6.64044591758E-07
 -6.10993879491E-07
 -5.56361499093E-07
 -5.00875671605E-07
 -4.45264788596E-07
 -3.90249283555E-07
 -3.36533020118E-07
 -2.84795618199E-07
 -2.35684822769E-07
 -1.89809441054E-07
 -1.47732905020E-07
 -1.09967331241E-07
 -7.69683126123E-08
 -4.91305236494E-08
 -2.67839137535E-08
 -1.01908659289E-08
  4.55934290322E-10
  5.03477259883E-09
  3.49533779698E-09
 -4.14162526496E-09
 -1.77854868610E-08
 -3.72776653990E-08
 -6.23942568723E-08
 -9.28493903984E-08
 -1.28299234348E-07
 -1.68346460327E-07
 -2.12545387512E-07
 -2.60407404085E-07
 -3.11406893161E-07
 -3.64987300827E-07
 -4.20567602077E-07
 -4.77548837807E-07
 -5.35320452855E-07
 -5.93267202476E-07
 -6.50775234590E-07
 -7.07238768882E-07
 -7.62065667459E-07
 -8.14683801309E-07
 -8.64545881996E-07
 -9.11134804937E-07
 -9.53968196882E-07
 -9.92602281258E-07
 -1.02663534562E-06
 -1.05571098175E-06
 -1.07952018880E-06
 -1.09780364710E-06
 -1.11035205919E-06
 -1.11700728667E-06
 -1.11766303235E-06
 -1.11226290755E-06
 -1.10080065951E-06
 -1.08331778392E-06
 -1.05990204702E-06
 -1.03068487078E-06
 -9.95838377094E-07
 -9.55572090788E-07
 -9.10129983822E-07
 -8.59786496221E-07
 -8.04842443358E-07
 -7.45621548504E-07
 -6.82466009039E-07
 -6.15732517417E-07
 -5.45788225281E-07
 -4.73007162327E-07
 -3.97765774096E-07
 -3.20439852430E-07
 -2.41401068024E-07
 -1.61013730349E-07
 -7.96320165364E-08
  2.40247244321E-09
  8.47629451073E-08
  1.67139120322E-07
  2.49238752303E-07
  3.30788594738E-07
  4.11535154399E-07
  4.91244804834E-07
  5.69704013742E-07
  6.46718660846E-07
  7.22113554730E-07
  7.95731239123E-07
  8.67430571816E-07
  9.37085644637E-07
  1.00458362340E-06
  1.06982292891E-06
  1.13271153168E-06
  1.19316450764E-06
  1.25110148019E-06
  1.30644571072E-06
  1.35912102905E-06
  1.40904967338E-06
  1.45615115343E-06
  1.50033974933E-06
  1.54152360210E-06
  1.57960278102E-06
  1.61446848779E-06
  1.64600237440E-06
  1.67407586105E-06
  1.69854956766E-06
  1.71927422343E-06
  1.73609055309E-06
  1.74882961801E-06
  1.75731520358E-06
  1.76136393293E-06
  1.76078754066E-06
  1.75539480551E-06
  1.74499393779E-06
  1.72939485310E-06
  1.70841190084E-06
  1.68186682004E-06
  1.64959192261E-06
  1.61143316291E-06
  1.56725297984E-06
  1.51693450334E-06
  1.46038337334E-06
  1.39753217354E-06
  1.32834281885E-06
  1.25280962493E-06
  1.17096215035E-06
  1.08286735667E-06
  9.88632450571E-07
  8.88406248123E-07
  7.82380880082E-07
  6.70793383506E-07
  5.53926042812E-07
  4.32107214010E-07
  3.05711068904E-07
  1.75157168769E-07
  4.09097395959E-08
 -9.65239408401E-08
 -2.36595226966E-07
 -3.78716407567E-07
 -5.22263576386E-07
 -6.66579694553E-07
 -8.10978008303E-07
 -9.54746383286E-07
 -1.09715142571E-06
 -1.23744291614E-06
 -1.37485949381E-06
 -1.50863274939E-06
 -1.63799359143E-06
 -1.76217747594E-06
 -1.88042974969E-06
 -1.99201213036E-06
 -2.09620770875E-06
 -2.19232742893E-06
 -2.27971509048E-06
 -2.35775291912E-06
 -2.42586770582E-06
 -2.48353376264E-06
 -2.53028133557E-06
 -2.56569751400E-06
 -2.58943123299E-06
 -2.60119873019E-06
 -2.60078400061E-06
 -2.58804357145E-06
 -2.56290832112E-06
 -2.52538370660E-06
 -2.47555203714E-06
 -2.41357338382E-06
 -2.33968421526E-06
 -2.25419739763E-06
 -2.15750083044E-06
 -2.05005562748E-06
 -1.93239293367E-06
 -1.80511131020E-06
 -1.66887366504E-06
 -1.52440213697E-06
 -1.37247411658E-06
 -1.21391656194E-06
 -1.04960145109E-06
 -8.80438392414E-07
 -7.07370020336E-07
 -5.31364491962E-07
 -3.53408751153E-07
 -1.74502005734E-07
  4.35142855082E-09
  1.82149349826E-07
  3.57898642278E-07
  5.30622344286E-07
  6.99366637491E-07
  8.63207503699E-07
  1.02125716239E-06
  1.17267052246E-06
  1.31665103709E-06
  1.45245599015E-06
  1.57940189638E-06
  1.69686859408E-06
  1.80430413366E-06
  1.90122727872E-06
  1.98723159883E-06
  2.06198660635E-06
  2.12524059862E-06
  2.17682099901E-06
  2.21663526645E-06
  2.24467021326E-06
  2.26099109568E-06
  2.26574161388E-06
  2.25913913710E-06
  2.24147470362E-06
  2.21310801862E-06
  2.17446427087E-06
  2.12602913052E-06
  2.06834533856E-06
  2.00200611289E-06
  1.92765014617E-06
  1.84595558039E-06
  1.75763420884E-06
  1.66342454122E-06
  1.56408498242E-06
  1.46038848925E-06
  1.35311483973E-06
  1.24304403926E-06
  1.13095040888E-06
  1.01759553672E-06
  9.03722707335E-07
  7.90050705746E-07
  6.77268246818E-07
  5.66028916182E-07
  4.56946281702E-07
  3.50589715481E-07
  2.47480613780E-07
  1.48088886931E-07
  5.28305825753E-08
 -3.79344839985E-08
 -1.23904115412E-07
 -2.04834705642E-07
 -2.80541570419E-07
 -3.50898517354E-07
 -4.15837149603E-07
 -4.75345132145E-07
 -5.29464387000E-07
 -5.78288450015E-07
 -6.21959145519E-07
 -6.60663374674E-07
 -6.94628738529E-07
 -7.24119843198E-07
 -7.49432842895E-07
 -7.70890892454E-07
 -7.88839145116E-07
 -8.03638840807E-07
 -8.15662531295E-07
 -8.25288168471E-07
 -8.32893874758E-07
 -8.38852656670E-07
 -8.43526834160E-07
 -8.47263606829E-07
 -8.50389824336E-07
 -8.53207723139E-07
 -8.55991174831E-07
 -8.58981479723E-07
 -8.62384752054E-07
 -8.66368736752E-07
 -8.71060876761E-07
 -8.76546778272E-07
 -8.82868732788E-07
 -8.90025603439E-07
 -8.97972711300E-07
 -9.06622403818E-07
 -9.15845475902E-07
 -9.25472932067E-07
 -9.35298032800E-07
 -9.45079193571E-07
 -9.54543679654E-07
 -9.63390903053E-07
 -9.71296572061E-07
 -9.77917579803E-07
 -9.82896381174E-07
 -9.85865995062E-07
 -9.86455575003E-07
 -9.84295752460E-07
 -9.79023525360E-07
 -9.70288056124E-07
 -9.57756128628E-07
 -9.41117036746E-07
 -9.20087870782E-07
 -8.94417951258E-07
 -8.63893831138E-07
 -8.28342990644E-07
 -7.87637588928E-07
 -7.41697931517E-07
 -6.90494857736E-07
 -6.34052355508E-07
 -5.72448925595E-07
 -5.05818718466E-07
 -4.34352187995E-07
 -3.58295636715E-07
 -2.77950448435E-07
 -1.93672050841E-07
 -1.05867485445E-07
 -1.49930627913E-08
  7.84488634054E-08
  1.73913647927E-07
  2.70818418358E-07
  3.68546977825E-07
  4.66454736170E-07
  5.63874095860E-07
  6.60120463181E-07
  7.54498159949E-07
  8.46306420499E-07
  9.34846184464E-07
  1.01942623587E-06
  1.09936956960E-06
  1.17401998523E-06
  1.24274799873E-06
  1.30495732265E-06
  1.36009032303E-06
  1.40763313539E-06
  1.44712169003E-06
  1.47814546381E-06
  1.50035225488E-06
  1.51345170707E-06
  1.51721826569E-06
  1.51149413341E-06
  1.49619074818E-06
  1.47129048855E-06
  1.43684724208E-06
  1.39298651902E-06
  1.33990477025E-06
  1.27786825033E-06
  1.20721131225E-06
  1.12833333787E-06
  1.04169691895E-06
  9.47823082242E-07
  8.47288106343E-07
  7.40718519410E-07
  6.28786494872E-07
  5.12204223924E-07
  3.91718486981E-07
  2.68105026180E-07
  1.42161994177E-07
  1.47041232523E-08
 -1.13443789473E-07
 -2.41453022909E-07
 -3.68497438785E-07
 -4.93759330311E-07
 -6.16436011569E-07
 -7.35745118163E-07
 -8.50930462093E-07
 -9.61267346611E-07
 -1.06606762529E-06
 -1.16468390843E-06
 -1.25651422422E-06
 -1.34100559990E-06
 -1.41765690387E-06
 -1.48602271111E-06
 -1.54571432631E-06
 -1.59640239872E-06
 -1.63781817264E-06
 -1.66975405591E-06
 -1.69206396095E-06
 -1.70466307736E-06
 -1.70752764461E-06
 -1.70069336036E-06
 -1.68425401625E-06
 -1.65835979260E-06
 -1.62321509833E-06
 -1.57907504672E-06
 -1.52624397742E-06
 -1.46507159116E-06
 -1.39594931170E-06
 -1.31930733005E-06
 -1.23561096643E-06
 -1.14535612283E-06
 -1.04906689558E-06
 -9.47289947817E-07
 -8.40592235818E-07
 -7.29556347778E-07
 -6.14777093233E-07
 -4.96857694543E-07
 -3.76406347868E-07
 -2.54033182046E-07
 -1.30346464289E-07
 -5.95002269677E-09
  1.18559711382E-07
  2.42596314592E-07
  3.65585947293E-07
  4.86969270241E-07
  6.06203798270E-07
  7.22765491901E-07
  8.36150491068E-07
  9.45876479364E-07
  1.05148421881E-06
  1.15253806143E-06
  1.24862731354E-06
  1.33936725888E-06
  1.42439921547E-06
  1.50339178617E-06
  1.57604051765E-06
  1.64206903719E-06
  1.70122916643E-06
  1.75330126240E-06
  1.79809364909E-06
  1.83544432275E-06
  1.86521992873E-06
  1.88731598882E-06
  1.90165746972E-06
  1.90819923773E-06
  1.90692492197E-06
  1.89784816484E-06
  1.88101239473E-06
  1.85649037121E-06
  1.82438520824E-06
  1.78482900992E-06
  1.73798434844E-06
  1.68404221768E-06
  1.62322407959E-06
  1.55577947680E-06
  1.48198705574E-06
  1.40215331612E-06
  1.31661192881E-06
  1.22572328110E-06
  1.12987333978E-06
  1.02947274172E-06
  9.24954747461E-07
  8.16774615942E-07
  7.05407444457E-07
  5.91346406509E-07
  4.75100847552E-07
  3.57193613354E-07
  2.38159074684E-07
  1.18540263827E-07
 -1.11385733970E-09
 -1.20251286262E-07
 -2.38319998402E-07
 -3.54771231059E-07
 -4.69062541697E-07
 -5.80661378535E-07
 -6.89048079039E-07
 -7.93719607373E-07
 -8.94192567102E-07
 -9.90006583379E-07
 -1.08072765670E-06
 -1.16595060717E-06
 -1.24530333778E-06
 -1.31844751650E-06
 -1.38508301006E-06
 -1.44494890719E-06
 -1.49782613335E-06
 -1.54353847392E-06
 -1.58195507538E-06
 -1.61298942203E-06
 -1.63660217822E-06
 -1.65279982411E-06
 -1.66163533777E-06
 -1.66320705830E-06
 -1.65765823112E-06
 -1.64517553003E-06
 -1.62598644238E-06
 -1.60035870067E-06
 -1.56859653089E-06
 -1.53103837874E-06
 -1.48805384015E-06
 -1.44003934111E-06
 -1.38741609135E-06
 -1.33062451368E-06
 -1.27012117446E-06
 -1.20637434975E-06
 -1.13985959160E-06
 -1.07105540792E-06
 -1.00043916973E-06
 -9.28482279505E-07
 -8.55646646869E-07
 -7.82380254805E-07
 -7.09113180619E-07
 -6.36254299025E-07
 -5.64187701002E-07
 -4.93269681101E-07
 -4.23825980533E-07
 -3.56149513436E-07
 -2.90498604727E-07
 -2.27095213745E-07
 -1.66124038969E-07
 -1.07731892740E-07
 -5.20276124405E-08
  9.17703912862E-10
  5.10698185963E-08
  9.84301635754E-08
  1.43034156963E-07
  1.84949115578E-07
  2.24271772709E-07
  2.61125478573E-07
  2.95657088145E-07
  3.28033507913E-07
  3.58437944215E-07
  3.87066336316E-07
  4.14123093151E-07
  4.39817227971E-07
  4.64358151930E-07
  4.87951695050E-07
  5.10796041908E-07
  5.33078150511E-07
  5.54969460609E-07
  5.76623108373E-07
  5.98170458943E-07
  6.19718207417E-07
  6.41346048269E-07
  6.63104742671E-07
  6.85014015289E-07
  7.07061985850E-07
  7.29204032268E-07
  7.51362733808E-07
  7.73428155298E-07
  7.95258756625E-07
  8.16682586446E-07
  8.37499271711E-07
  8.57481779803E-07
  8.76380113368E-07
  8.93923299827E-07
  9.09823711481E-07
  9.23780589801E-07
  9.35484479214E-07
  9.44621149301E-07
  9.50876653860E-07
  9.53941935222E-07
  9.53517599100E-07
  9.49318462062E-07
  9.41078781125E-07
  9.28556630697E-07
  9.11538563741E-07
  8.89843477125E-07
  8.63327272782E-07
  8.31885529351E-07
  7.95457651748E-07
  7.54028917527E-07
  7.07632977992E-07
  6.56353847717E-07
  6.00326643507E-07
  5.39738493899E-07
  4.74828283359E-07
  4.05886254384E-07
  3.33252501150E-07
  2.57315207364E-07
  1.78508201998E-07
  9.73078329025E-08
  1.42292444494E-08
 -7.01776770029E-08
 -1.55333069074E-07
 -2.40632090254E-07
 -3.25450571381E-07
 -4.09150828773E-07
 -4.91087746468E-07
 -5.70615100060E-07
 -6.47092008421E-07
 -7.19889897027E-07
 -7.88398153873E-07
 -8.52031803333E-07
 -9.10236622076E-07
 -9.62496187640E-07
 -1.00833710803E-06
 -1.04733464923E-06
 -1.07911796476E-06
 -1.10337418846E-06
 -1.11985298190E-06
 -1.12836903554E-06
 -1.12880559300E-06
 -1.12111638373E-06
 -1.10532664621E-06
 -1.08153381007E-06
 -1.04990783711E-06
 -1.01068940239E-06
 -9.64189098340E-07
 -9.10784763164E-07
 -8.50918240758E-07
 -7.85091572197E-07
 -7.13862789326E-07
 -6.37840457784E-07
 -5.57678276891E-07
 -4.74068826861E-07
 -3.87737031815E-07
 -2.99432855400E-07
 -2.09924479577E-07
 -1.19990360758E-07
 -3.04117016015E-08
  5.80352974566E-08
  1.44587232853E-07
  2.28501079391E-07
  3.09061704229E-07
  3.85589089547E-07
  4.57445082702E-07
  5.24039990069E-07
  5.84838232953E-07
  6.39364202470E-07
  6.87206636485E-07
  7.28022939711E-07
  7.61542310102E-07
  7.87568922078E-07
  8.05983063401E-07
  8.16742613097E-07
  8.19883155145E-07
  8.15517410047E-07
  8.03833643204E-07
  7.85093504874E-07
  7.59628903779E-07
  7.27838369130E-07
  6.90182332619E-07
  6.47178012514E-07
  5.99393672474E-07
  5.47442084553E-07
  4.91973764838E-07
  4.33669868016E-07
  3.73234371409E-07
  3.11386230578E-07
  2.48851563356E-07
  1.86355336496E-07
  1.24613478647E-07
  6.43247446419E-08
  6.16304074441E-09
 -4.92301523991E-08
 -1.01252908280E-07
 -1.49349617118E-07
 -1.93017157812E-07
 -2.31810560081E-07
 -2.65347949835E-07
 -2.93314883493E-07
 -3.15467815426E-07
 -3.31637011186E-07
 -3.41728195963E-07
 -3.45723947248E-07
 -3.43683637993E-07
 -3.35742981861E-07
 -3.22112384765E-07
 -3.03074671137E-07
 -2.78981957536E-07
 -2.50251531497E-07
 -2.17361233013E-07
 -1.80844068609E-07
 -1.41282043842E-07
 -9.92995978777E-08
 -5.55564021454E-08
 -1.07398090421E-08
  3.44430901578E-08
  7.92737111510E-08
  1.23030289956E-07
  1.64996407648E-07
  2.04469458254E-07
  2.40768969206E-07
  2.73244836535E-07
  3.01285211890E-07
  3.24323963241E-07
  3.41847908203E-07
  3.53403351028E-07
  3.58601909056E-07
  3.57125969686E-07
  3.48733180999E-07
  3.33260231855E-07
  3.10625893007E-07
  2.80833091892E-07
  2.43969992653E-07
  2.00210436674E-07
  1.49813345729E-07
  9.31211090460E-08
  3.05571532522E-08
 -3.73773438866E-08
 -1.10107642115E-07
 -1.86990448015E-07
 -2.67319677505E-07
 -3.50332925336E-07
 -4.35218709072E-07
 -5.21123922681E-07
 -6.07162633059E-07
 -6.92423895998E-07
 -7.75981561674E-07
 -8.56903170643E-07
 -9.34259276164E-07
 -1.00713327811E-06
 -1.07463051791E-06
 -1.13588794193E-06
 -1.19008257116E-06
 -1.23644156247E-06
 -1.27424937091E-06
 -1.30285582145E-06
 -1.32168440814E-06
 -1.33023797844E-06
 -1.32810498599E-06
 -1.31496506128E-06
 -1.29059321807E-06
 -1.25486315028E-06
 -1.20774984680E-06
 -1.14933163786E-06
 -1.07979042241E-06
 -9.99411327030E-07
 -9.08582251213E-07
 -8.07790456747E-07
 -6.97620009760E-07
 -5.78747687996E-07
 -4.51937495427E-07
 -3.18035347391E-07
 -1.77962036219E-07
 -3.27058664595E-08
  1.16685406226E-07
  2.69113172635E-07
  4.23437313657E-07
  5.78485696678E-07
  7.33064268843E-07
  8.85967153863E-07
  1.03598711121E-06
  1.18192622267E-06
  1.32260583996E-06
  1.45687681652E-06
  1.58363070568E-06
  1.70180794612E-06
  1.81040832103E-06
  1.90849937098E-06
  1.99522492039E-06
  2.06981212614E-06
  2.13157954931E-06
  2.17994215745E-06
  2.21441746362E-06
  2.23462893700E-06
  2.24031100515E-06
  2.23131087296E-06
  2.20758988689E-06
  2.16922398977E-06
  2.11640417547E-06
  2.04943466997E-06
  1.96873065761E-06
  1.87481452940E-06
  1.76831247245E-06
  1.64994889928E-06
  1.52054076352E-06
  1.38099028391E-06
  1.23227846416E-06
  1.07545599803E-06
  9.11635709144E-07
  7.41982319141E-07
  5.67703466459E-07
  3.90039645026E-07
  2.10254128774E-07
  2.96225071139E-08
 -1.50577633917E-07
 -3.29077181505E-07
 -5.04625575104E-07
 -6.76001150168E-07
 -8.42020654090E-07
 -1.00154886695E-06
 -1.15350724172E-06
 -1.29688316974E-06
 -1.43073657455E-06
 -1.55420809733E-06
 -1.66652523603E-06
 -1.76700848442E-06
 -1.85507519745E-06
 -1.93024447981E-06
 -1.99214059649E-06
 -2.04049479180E-06
 -2.07514585782E-06
 -2.09604286283E-06
 -2.10324196814E-06
 -2.09690665542E-06
 -2.07730568036E-06
 -2.04480897992E-06
 -1.99988403438E-06
 -1.94309131984E-06
 -1.87507907867E-06
 -1.79657604349E-06
 -1.70838563918E-06
 -1.61137836585E-06
 -1.50648349972E-06
 -1.39468147609E-06
 -1.27699399854E-06
 -1.15447653570E-06
 -1.02820786196E-06
 -8.99281587863E-07
 -7.68796098782E-07
 -6.37845971596E-07
 -5.07512140757E-07
 -3.78853115990E-07
 -2.52896256825E-07
 -1.30629317141E-07
 -1.29924142556E-08
  9.91295578956E-08
  2.04913860102E-07
  3.03606384477E-07
  3.94527404524E-07
  4.77076696370E-07
  5.50738036509E-07
  6.15082456079E-07
  6.69771736739E-07
  7.14559746484E-07
  7.49294372326E-07
  7.73917292918E-07
  7.88464319612E-07
  7.93063634319E-07
  7.87934141044E-07
  7.73382623720E-07
  7.49800392441E-07
  7.17659247584E-07
  6.77506079683E-07
  6.29958321952E-07
  5.75697129079E-07
  5.15461465511E-07
  4.50040772648E-07
  3.80267721312E-07
  3.07010537881E-07
  2.31165046216E-07
  1.53646524836E-07
  7.53813793608E-08
 -2.70116640166E-09
 -7.96773349521E-08
 -1.54637078253E-07
 -2.26692165484E-07
 -2.94983976801E-07
 -3.58691181646E-07
 -4.17036829958E-07
 -4.69295287076E-07
 -5.14798557560E-07
 -5.52942196919E-07
 -5.83190399084E-07
 -6.05080970217E-07
 -6.18229250904E-07
 -6.22331413069E-07
 -6.17167358996E-07
 -6.02602540312E-07
 -5.78589151701E-07
 -5.45167154087E-07
 -5.02463137764E-07
 -4.50690322396E-07
 -3.90146283280E-07
 -3.21210734455E-07
 -2.44342487576E-07
 -1.60075714462E-07
 -6.90154990934E-08
  2.81669976232E-08
  1.30740119175E-07
  2.37917703316E-07
  3.48865512478E-07
  4.62708129589E-07
  5.78536116791E-07
  6.95413518770E-07
  8.12385621884E-07
  9.28486713292E-07
  1.04274806745E-06
  1.15420584734E-06
  1.26190980154E-06
  1.36492940328E-06
  1.46236345699E-06
  1.55334623742E-06
  1.63705556133E-06
  1.71271881300E-06
  1.77961999270E-06
  1.83710506008E-06
  1.88458807315E-06
  1.92155607692E-06
  1.94757262761E-06
  1.96228256755E-06
  1.96541441255E-06
  1.95678308046E-06
  1.93629125533E-06
  1.90393109278E-06
  1.85978376521E-06
  1.80401923444E-06
  1.73689568328E-06
  1.65875678704E-06
  1.57002978085E-06
  1.47122227645E-06
  1.36291805575E-06
  1.24577320548E-06
  1.12051043288E-06
  9.87914290818E-07
  8.48824640798E-07
  7.04130115992E-07
  5.54761697913E-07
  4.01685440465E-07
  2.45894938189E-07
  8.84036808202E-08
 -6.97626347801E-08
 -2.27573991651E-07
 -3.84003953968E-07
 -5.38037397746E-07
 -6.88678426286E-07
 -8.34957688767E-07
 -9.75939883574E-07
 -1.11073052267E-06
 -1.23848315070E-06
 -1.35840457460E-06
 -1.46976196902E-06
 -1.57188696903E-06
 -1.66418146819E-06
 -1.74612102910E-06
 -1.81725886250E-06
 -1.87722855571E-06
 -1.92574657376E-06
 -1.96261362362E-06
 -1.98771567739E-06
 -2.00102408598E-06
 -2.00259501071E-06
 -1.99256896849E-06
 -1.97116764866E-06
 -1.93869300347E-06
 -1.89552292795E-06
 -1.84210773568E-06
 -1.77896686182E-06
 -1.70668249666E-06
 -1.62589549291E-06
 -1.53729934027E-06
 -1.44163425375E-06
 -1.33967978400E-06
 -1.23224947401E-06
 -1.12018324216E-06
 -1.00434021988E-06
 -8.85592157829E-07
 -7.64815752063E-07
 -6.42885993329E-07
 -5.20668379522E-07
 -3.99013146080E-07
 -2.78747677385E-07
 -1.60670651894E-07
 -4.55458213366E-08
  6.59035492845E-08
  1.72999989445E-07
  2.75116576631E-07
  3.71681124989E-07
  4.62179912120E-07
  5.46161004422E-07
  6.23236473984E-07
  6.93084700742E-07
  7.55451367240E-07
  8.10150481811E-07
  8.57064321735E-07
  8.96142694273E-07
  9.27402140860E-07
  9.50924118115E-07
  9.66852326201E-07
  9.75390548774E-07
  9.76798787633E-07
  9.71389454207E-07
  9.59523390520E-07
  9.41605208027E-07
  9.18078285395E-07
  8.89419425221E-07
  8.56133510752E-07
  8.18748105758E-07
  7.77807088070E-07
  7.33865647362E-07
  6.87483861839E-07
  6.39221298115E-07
  5.89631213188E-07
  5.39255154308E-07
  4.88618013605E-07
  4.38222343746E-07
  3.88544521002E-07
  3.40029856716E-07
  2.93089186698E-07
  2.48095005873E-07
  2.05378697160E-07
  1.65228073001E-07
  1.27885201096E-07
  9.35451680562E-08
  6.23549425427E-08
  3.44131372287E-08
  9.77008784986E-09
 -1.15714620108E-08
 -2.96551636580E-08
 -4.45693650875E-08
 -5.64449536000E-08
 -6.54527312349E-08
 -7.18003931865E-08
 -7.57290834486E-08
 -7.75096964389E-08
 -7.74387629576E-08
 -7.58341940355E-08
 -7.30307618824E-08
 -6.93754245162E-08
 -6.52226077591E-08
 -6.09293735465E-08
 -5.68505988952E-08
 -5.33342756626E-08
 -5.07168351760E-08
 -4.93186824713E-08
 -4.94399188256E-08
 -5.13563271909E-08
 -5.53156240812E-08
 -6.15340951526E-08
 -7.01935363168E-08
 -8.14386638126E-08
 -9.53749150767E-08
 -1.12066679492E-07
 -1.31536097570E-07
 -1.53762186983E-07
 -1.78680664931E-07
 -2.06184040508E-07
 -2.36122389197E-07
 -2.68304461315E-07
 -3.02499415739E-07
 -3.38438951530E-07
 -3.75819695364E-07
 -4.14306271068E-07
 -4.53534624967E-07
 -4.93115692279E-07
 -5.32639205630E-07
 -5.71678356209E-07
 -6.09793460171E-07
 -6.46537500870E-07
 -6.81460164742E-07
 -7.14113014055E-07
 -7.44054034385E-07
 -7.70852864207E-07
 -7.94095171841E-07
 -8.13387316612E-07
 -8.28360953165E-07
 -8.38677124193E-07
 -8.44030182634E-07
 -8.44151657020E-07
 -8.38813264181E-07
 -8.27830319849E-07
 -8.11063614492E-07
 -7.88422255482E-07
 -7.59864747124E-07
 -7.25400468582E-07
 -6.85090356001E-07
 -6.39047243567E-07
 -5.87435124544E-07
 -5.30468923898E-07
 -4.68413020371E-07
 -4.01579512754E-07
 -3.30326002995E-07
 -2.55053066667E-07
 -1.76201155000E-07
 -9.42471913845E-08
 -9.70080993312E-09
  7.68997168166E-08
  1.64991959650E-07
  2.53993761135E-07
  3.43308215633E-07
  4.32328562283E-07
  5.20443165897E-07
  6.07040703926E-07
  6.91515367635E-07
  7.73271779053E-07
  8.51730135309E-07
  9.26331097162E-07
  9.96540393317E-07
  1.06185336790E-06
  1.12179918688E-06
  1.17594493076E-06
  1.22389860735E-06
  1.26531381284E-06
  1.29989064135E-06
  1.32737955028E-06
  1.34758329295E-06
  1.36035760079E-06
  1.36561357067E-06
  1.36331686917E-06
  1.35348909680E-06
  1.33620710585E-06
  1.31160186356E-06
  1.27985788367E-06
  1.24121095268E-06
  1.19594665193E-06
  1.14439717436E-06
  1.08693916445E-06
  1.02398996660E-06
  9.56004441832E-07
  8.83470818280E-07
  8.06906939488E-07
  7.26855716948E-07
  6.43880866846E-07
  5.58562021524E-07
  4.71490295695E-07
  3.83263511594E-07
  2.94481310448E-07
  2.05740420256E-07
  1.17630165164E-07
  3.07276515343E-08
 -5.44064313601E-08
 -1.37232092356E-07
 -2.17234145339E-07
 -2.93925751294E-07
 -3.66852106026E-07
 -4.35593562997E-07
 -4.99768361806E-07
 -5.59035186143E-07
 -6.13095494373E-07
 -6.61694684823E-07
 -7.04624198988E-07
 -7.41721862596E-07
 -7.72872738253E-07
 -7.98009182290E-07
 -8.17110674234E-07
 -8.30203134683E-07
 -8.37357731598E-07
 -8.38689743432E-07
 -8.34356796986E-07
 -8.24556650514E-07
 -8.09525147361E-07
 -7.89532919043E-07
 -7.64883282045E-07
 -7.35908429306E-07
 -7.02966701738E-07
 -6.66438552344E-07
 -6.26723192454E-07
 -5.84234783219E-07
 -5.39398854471E-07
 -4.92648155159E-07
 -4.44419072210E-07
 -3.95147765175E-07
 -3.45266414570E-07
 -2.95199697575E-07
 -2.45361263751E-07
 -1.96150466536E-07
 -1.47949052121E-07
 -1.01118480700E-07
 -5.59970771974E-08
 -1.28976536118E-08
  2.78946803434E-08
  6.61243433342E-08
  1.01566890010E-07
  1.34030258891E-07
  1.63355707627E-07
  1.89418400964E-07
  2.12127815757E-07
  2.31427549124E-07
  2.47295105282E-07
  2.59741170794E-07
  2.68808747705E-07
  2.74571789305E-07
  2.77133835880E-07
  2.76626110463E-07
  2.73205586154E-07
  2.67052911340E-07
  2.58369709627E-07
  2.47376362950E-07
  2.34308998870E-07
  2.19416946834E-07
  2.02959711260E-07
  1.85204072523E-07
  1.66421088466E-07
  1.46883223806E-07
  1.26861252170E-07
  1.06621612872E-07
  8.64234621645E-08
  6.65161010716E-08
  4.71364600685E-08
  2.85066708017E-08
  1.08319984093E-08
 -5.70117819620E-09
 -2.09270822893E-08
 -3.47020332470E-08
 -4.69056793406E-08
 -5.74419907196E-08
 -6.62399344264E-08
 -7.32539149340E-08
 -7.84638984896E-08
 -8.18752852183E-08
 -8.35185076653E-08
 -8.34482563050E-08
 -8.17426268895E-08
 -7.85018201555E-08
 -7.38467491601E-08
 -6.79172771356E-08
 -6.08704411320E-08
 -5.28782670983E-08
 -4.41255885164E-08
 -3.48076554246E-08
 -2.51276173202E-08
 -1.52939634290E-08
 -5.51783907454E-09
  3.98960908754E-09
  1.30199460102E-08
  2.13701039087E-08
  2.88449903962E-08
  3.52600437736E-08
  4.04436342194E-08
  4.42393748301E-08
  4.65082337087E-08
  4.71305057204E-08
  4.60075249009E-08
  4.30632027815E-08
  3.82452931547E-08
  3.15263832817E-08
  2.29046719369E-08
  1.24043921801E-08
  7.59917337390E-11
 -1.40039970731E-08
 -2.97333802024E-08
 -4.69850220952E-08
 -6.56078498196E-08
 -8.54281267948E-08
 -1.06251050624E-07
 -1.27862506361E-07
 -1.50031183921E-07
 -1.72510809193E-07
 -1.95042616724E-07
 -2.17358021359E-07
 -2.39181417783E-07
 -2.60233008476E-07
 -2.80231944316E-07
 -2.98899379914E-07
 -3.15961386832E-07
 -3.31152222088E-07
 -3.44217397696E-07
 -3.54916522838E-07
 -3.63026288142E-07
 -3.68343251012E-07
 -3.70686308315E-07
 -3.69899169073E-07
 -3.65852514506E-07
 -3.58445930715E-07
 -3.47609613982E-07
 -3.33305592903E-07
 -3.15528950523E-07
 -2.94308620141E-07
 -2.69707470579E-07
 -2.41822789349E-07
 -2.10785700006E-07
 -1.76760707404E-07
 -1.39944575039E-07
 -1.00565181071E-07
 -5.88797348655E-08
 -1.51728869469E-08
  3.02455873680E-08
  7.70432890818E-08
  1.24868037688E-07
  1.73350883870E-07
  2.22109420633E-07
  2.70751115750E-07
  3.18876971050E-07
  3.66085203041E-07
  4.11974838244E-07
  4.56149763295E-07
  4.98222334500E-07
  5.37817015811E-07
  5.74574471557E-07
  6.08154607562E-07
  6.38240351236E-07
  6.64540891648E-07
  6.86794180638E-07
  7.04770513948E-07
  7.18274009159E-07
  7.27145845758E-07
  7.31265231479E-07
  7.30551334982E-07
  7.24964195342E-07
  7.14505745236E-07
  6.99219640410E-07
  6.79191941799E-07
  6.54549978663E-07
  6.25461780146E-07
  5.92134824728E-07
  5.54814562292E-07
  5.13782140388E-07
  4.69352244181E-07
  4.21870396394E-07
  3.71710001446E-07
  3.19268991689E-07
  2.64966558916E-07
  2.09239146898E-07
  1.52536856035E-07
  9.53193151076E-08
  3.80514784126E-08
 -1.88004385393E-08
 -7.47731832007E-08
 -1.29410693717E-07
 -1.82268124149E-07
 -2.32916008258E-07
 -2.80943964981E-07
 -3.25964435888E-07
 -3.67616394215E-07
 -4.05568158612E-07
 -4.39520704276E-07
 -4.69210192477E-07
 -4.94410187457E-07
 -5.14933788054E-07
 -5.30635077212E-07
 -5.41410372534E-07
 -5.47199078937E-07
 -5.47983916022E-07
 -5.43791259133E-07
 -5.34690059339E-07
 -5.20791786585E-07
 -5.02248724388E-07
 -4.79252662444E-07
 -4.52032480780E-07
 -4.20852558136E-07
 -3.86009645581E-07
 -3.47829967495E-07
 -3.06666464667E-07
 -2.62895042624E-07
 -2.16911118400E-07
 -1.69125939919E-07
 -1.19962720646E-07
 -6.98526889664E-08
 -1.92311055969E-08
  3.14666515067E-08
  8.18090484245E-08
  1.31372246415E-07
  1.79743864237E-07
  2.26526509550E-07
  2.71341320968E-07
  3.13831009180E-07
  3.53662983343E-07
  3.90531937455E-07
  4.24162294621E-07
  4.54310253417E-07
  4.80765663724E-07
  5.03353248860E-07
  5.21933998243E-07
  5.36405480034E-07
  5.46702608517E-07
  5.52797359887E-07
  5.54698374344E-07
  5.52450558189E-07
  5.46133890111E-07
  5.35861943263E-07
  5.21780577856E-07
  5.04065553741E-07
  4.82920881950E-07
  4.58576067786E-07
  4.31283581293E-07
  4.01316270882E-07
  3.68964180097E-07
  3.34531790713E-07
  2.98334811077E-07
  2.60696964460E-07
  2.21947047407E-07
  1.82415760719E-07
  1.42432540429E-07
  1.02322644580E-07
  6.24042968411E-08
  2.29859207224E-08
 -1.56363757498E-08
 -5.31812567317E-08
 -8.93842795335E-08
 -1.23999924995E-07
 -1.56803224627E-07
 -1.87591297163E-07
 -2.16184616875E-07
 -2.42427830699E-07
 -2.66190539833E-07
 -2.87367754481E-07
 -3.05880064388E-07
 -3.21673269355E-07
 -3.34718464501E-07
 -3.45011216041E-07
 -3.52570737050E-07
 -3.57438892706E-07
 -3.59679035000E-07
 -3.59374723757E-07
 -3.56627822384E-07
 -3.51557332579E-07
 -3.44297177435E-07
 -3.34994552986E-07
 -3.23808023950E-07
 -3.10905420520E-07
 -2.96461905691E-07
 -2.80658071006E-07
 -2.63677804924E-07
 -2.45706615942E-07
 -2.26929529390E-07
 -2.07529495810E-07
 -1.87685643027E-07
 -1.67571826637E-07
 -1.47355081026E-07
 -1.27194397237E-07
 -1.07239593206E-07
 -8.76303403174E-08
 -6.84952823349E-08
 -4.99514172247E-08
 -3.21036033313E-08
 -1.50441703539E-08
  1.14723652800E-09
  1.64036979555E-08
  3.06709111442E-08
  4.39069651748E-08
  5.60819337636E-08
  6.71774316174E-08
  7.71860158011E-08
  8.61104823002E-08
  9.39631448205E-08
  1.00765021216E-07
  1.06544938205E-07
  1.11338657405E-07
  1.15187972938E-07
  1.18139709571E-07
  1.20244891377E-07
  1.21557818034E-07
  1.22135119796E-07
  1.22035032746E-07
  1.21316531931E-07
  1.20038649243E-07
  1.18259791293E-07
  1.16037128350E-07
  1.13426139592E-07
  1.10480058879E-07
  1.07249633174E-07
  1.03782717531E-07
  1.00124161406E-07
  9.63155812883E-08
  9.23953464849E-08
  8.83985578071E-08
  8.43570617803E-08
  8.02996211746E-08
  7.62520215858E-08
  7.22372490713E-08
  6.82757530512E-08
  6.43856310489E-08
  6.05829129086E-08
  5.68818023794E-08
  5.32949400167E-08
  4.98336163446E-08
  4.65080276513E-08
  4.33274394140E-08
  4.03003923566E-08
  3.74347841614E-08
  3.47380009202E-08
  3.22169491085E-08
  2.98780626906E-08
  2.77272711457E-08
  2.57698982153E-08
  2.40105624272E-08
  2.24529781434E-08
  2.10997814776E-08
  1.99522816047E-08
  1.90101889785E-08
  1.82713506547E-08
  1.77314447569E-08
  1.73836820494E-08
  1.72184932978E-08
  1.72232645923E-08
  1.73820389193E-08
  1.76752941172E-08
  1.80797261606E-08
  1.85680839593E-08
  1.91090663293E-08
  1.96672562680E-08
  2.02031404939E-08
  2.06731911589E-08
  2.10300168391E-08
  2.12226023422E-08
  2.11966195707E-08
  2.08948307545E-08
  2.02575503039E-08
  1.92232203489E-08
  1.77290342407E-08
  1.57116346600E-08
  1.31078987664E-08
  9.85575709933E-09
  5.89507909154E-09
  1.16858911436E-09
 -4.37717329049E-09
 -1.07908890712E-08
 -1.81154824475E-08
 -2.63871360318E-08
 -3.56343647923E-08
 -4.58770657019E-08
 -5.71256784099E-08
 -6.93803485774E-08
 -8.26302155588E-08
 -9.68527587020E-08
 -1.12013232467E-07
 -1.28064300497E-07
 -1.44945630609E-07
 -1.62583830843E-07
 -1.80892286039E-07
 -1.99771449161E-07
 -2.19108954980E-07
 -2.38780131667E-07
 -2.58648611862E-07
 -2.78567029000E-07
 -2.98377926811E-07
 -3.17914810921E-07
 -3.37003569939E-07
 -3.55463470214E-07
 -3.73108917984E-07
 -3.89750908880E-07
 -4.05198846920E-07
 -4.19262306650E-07
 -4.31752823715E-07
 -4.42485941221E-07
 -4.51283057146E-07
 -4.57973555967E-07
 -4.62396599232E-07
 -4.64403143496E-07
 -4.63857986688E-07
 -4.60641331301E-07
 -4.54650773918E-07
 -4.45802754712E-07
 -4.34034092223E-07
 -4.19303489707E-07
 -4.01592387789E-07
 -3.80906243436E-07
 -3.57275126817E-07
 -3.30754375000E-07
 -3.01424961435E-07
 -2.69393325425E-07
 -2.34791684761E-07
 -1.97777168864E-07
 -1.58531491934E-07
 -1.17259894239E-07
 -7.41900620937E-08
 -2.95706801268E-08
  1.63301194789E-08
  6.32266647926E-08
  1.10817758525E-07
  1.58788964200E-07
  2.06814959824E-07
  2.54562195323E-07
  3.01691557070E-07
  3.47861117689E-07
  3.92729162968E-07
  4.35957076661E-07
  4.77212381611E-07
  5.16171439813E-07
  5.52522806174E-07
  5.85970042266E-07
  6.16234046902E-07
  6.43056580429E-07
  6.66201913191E-07
  6.85459951910E-07
  7.00647888152E-07
  7.11612528903E-07
  7.18232001873E-07
  7.20416721833E-07
  7.18111323295E-07
  7.11295001565E-07
  6.99982592778E-07
  6.84224403358E-07
  6.64106380555E-07
  6.39749771381E-07
  6.11310724707E-07
  5.78978756494E-07
  5.42976010820E-07
  5.03555213527E-07
  4.60998222707E-07
  4.15613584437E-07
  3.67734230622E-07
  3.17714892617E-07
  2.65929116949E-07
  2.12766437357E-07
  1.58628949976E-07
  1.03928151418E-07
  4.90814642262E-08
 -5.49126255578E-09
 -5.93712883301E-08
 -1.12144498132E-07
 -1.63404962450E-07
 -2.12758337170E-07
 -2.59825299054E-07
 -3.04244679228E-07
 -3.45676653524E-07
 -3.83805684123E-07
 -4.18343034880E-07
 -4.49029528227E-07
 -4.75637534691E-07
 -4.97972962421E-07
 -5.15877104590E-07
 -5.29227691004E-07
 -5.37940081813E-07
 -5.41968120160E-07
 -5.41304132184E-07
 -5.35979268079E-07
 -5.26063161033E-07
 -5.11662960889E-07
 -4.92922936246E-07
 -4.70022712307E-07
 -4.43175963483E-07
 -4.12628224922E-07
 -3.78655130362E-07
 -3.41559797334E-07
 -3.01670183944E-07
 -2.59336331965E-07
 -2.14927197817E-07
 -1.68827725133E-07
 -1.21435377309E-07
 -7.31568192691E-08
 -2.44044198183E-08
  2.44071554079E-08
  7.28644664605E-08
  1.20558738104E-07
  1.67089240222E-07
  2.12066566974E-07
  2.55115907066E-07
  2.95879942769E-07
  3.34021819981E-07
  3.69227791452E-07
  4.01209717893E-07
  4.29707114336E-07
  4.54489423873E-07
  4.75357438745E-07
  4.92144863529E-07
  5.04719423589E-07
  5.12983831413E-07
  5.16876013990E-07
  5.16369823345E-07
  5.11474411269E-07
  5.02234399846E-07
  4.88728971959E-07
  4.71070990216E-07
  4.49405803238E-07
  4.23909796154E-07
  3.94788827407E-07
  3.62276125543E-07
  3.26630214431E-07
  2.88132753212E-07
  2.47085949923E-07
  2.03810031962E-07
  1.58640489190E-07
  1.11925203328E-07
  6.40217621140E-08
  1.52943790965E-08
 -3.38889982743E-08
 -8.31595698969E-08
 -1.32150617560E-07
 -1.80500322244E-07
 -2.27854570767E-07
 -2.73869602552E-07
 -3.18214461004E-07
 -3.60573636726E-07
 -4.00649099674E-07
 -4.38162516048E-07
 -4.72857152545E-07
 -5.04499610088E-07
 -5.32881131221E-07
 -5.57819362257E-07
 -5.79159006975E-07
 -5.96772622430E-07
 -6.10561926351E-07
 -6.20457456080E-07
 -6.26418966476E-07
 -6.28435827821E-07
 -6.26526059477E-07
 -6.20736329893E-07
 -6.11141217632E-07
 -5.97842301886E-07
 -5.80967025599E-07
 -5.60667558602E-07
 -5.37119376531E-07
 -5.10519726049E-07
 -4.81085862702E-07
 -4.49053459306E-07
 -4.14674474314E-07
 -3.78215304409E-07
 -3.39954482342E-07
 -3.00180886370E-07
 -2.59191324403E-07
 -2.17288359750E-07
 -1.74778136852E-07
 -1.31968135975E-07
 -8.91650060453E-08
 -4.66723477643E-08
 -4.78861306163E-09
  3.61949474836E-08
  7.59963185715E-08
  1.14344587132E-07
  1.50981819047E-07
  1.85664717378E-07
  2.18166249510E-07
  2.48277189030E-07
  2.75807337857E-07
  3.00586947333E-07
  3.22467514025E-07
  3.41323016073E-07
  3.57050424782E-07
  3.69570585690E-07
  3.78828360681E-07
  3.84793253261E-07
  3.87459436979E-07
  3.86845641742E-07
  3.82995068549E-07
  3.75975105271E-07
  3.65876786645E-07
  3.52814112148E-07
  3.36923278610E-07
  3.18361799145E-07
  2.97307394703E-07
  2.73956686669E-07
  2.48524088420E-07
  2.21240014753E-07
  1.92349659756E-07
  1.62111078339E-07
  1.30793509356E-07
  9.86754571386E-08
  6.60428725041E-08
  3.31870104731E-08
  4.02484739981E-10
 -3.20148636490E-08
 -6.37701091932E-08
 -9.45713196643E-08
 -1.24131773305E-07
 -1.52172006551E-07
 -1.78422027375E-07
 -2.02623255063E-07
 -2.24530680271E-07
 -2.43914655584E-07
 -2.60562956100E-07
 -2.74282342616E-07
 -2.84900465886E-07
 -2.92267259283E-07
 -2.96256359889E-07
 -2.96766472729E-07
 -2.93722365541E-07
 -2.87076005634E-07
 -2.76807071486E-07
 -2.62923720129E-07
 -2.45462956627E-07
 -2.24490747769E-07
 -2.00102036274E-07
 -1.72420442368E-07
 -1.41597936931E-07
 -1.07814067007E-07
 -7.12750676257E-08
 -3.22127746699E-08
  9.11663278202E-09
  5.24342524955E-08
  9.74400933274E-08
  1.43815057640E-07
  1.91222994772E-07
  2.39312953454E-07
  2.87721633185E-07
  3.36075885343E-07
  3.83995512721E-07
  4.31095742215E-07
  4.76990635434E-07
  5.21295362432E-07
  5.63629669159E-07
  6.03620719630E-07
  6.40905909677E-07
  6.75136220707E-07
  7.05978550286E-07
  7.33119236429E-07
  7.56266103963E-07
  7.75151534071E-07
  7.89534794876E-07
  7.99204258328E-07
  8.03979617103E-07
  8.03713476216E-07
  7.98293626758E-07
  7.87643614331E-07
  7.71724501192E-07
  7.50535662064E-07
  7.24114897821E-07
  6.92539174452E-07
  6.55924509374E-07
  6.14425232470E-07
  5.68233872400E-07
  5.17579735515E-07
  4.62727996364E-07
  4.03977651331E-07
  3.41659955438E-07
  2.76136205457E-07
  2.07795125107E-07
  1.37050392368E-07
  6.43375912546E-08
 -9.88894210963E-09
 -8.51593782158E-08
 -1.60991916687E-07
 -2.36896411820E-07
 -3.12378091394E-07
 -3.86941337638E-07
 -4.60093531274E-07
 -5.31348916866E-07
 -6.00232397119E-07
 -6.66283483497E-07
 -7.29059706828E-07
 -7.88140368968E-07
 -8.43129726036E-07
 -8.93660740076E-07
 -9.39397580169E-07
 -9.80038407761E-07
 -1.01531827568E-06
 -1.04501134501E-06
 -1.06893196516E-06
 -1.08693768652E-06
 -1.09892926048E-06
 -1.10485188998E-06
 -1.10469613901E-06
 -1.09849770524E-06
 -1.08633707896E-06
 -1.06833931568E-06
 -1.04467289930E-06
 -1.01554826415E-06
 -9.81216089713E-07
 -9.41965481616E-07
 -8.98121356840E-07
 -8.50041942613E-07
 -7.98115706857E-07
 -7.42758118122E-07
 -6.84408234974E-07
 -6.23525181709E-07
 -5.60584112463E-07
 -4.96072289025E-07
 -4.30485187053E-07
 -3.64322175983E-07
 -2.98082511563E-07
 -2.32261186284E-07
 -1.67344708757E-07
 -1.03807238361E-07
 -4.21065990963E-08
  1.73194045772E-08
  7.40565795354E-08
  1.27717669329E-07
  1.77945437940E-07
  2.24415501293E-07
  2.66838867446E-07
  3.04964032694E-07
  3.38578956871E-07
  3.67512598132E-07
  3.91635836650E-07
  4.10862440958E-07
  4.25149409011E-07
  4.34496854496E-07
  4.38947722614E-07
  4.38586965856E-07
  4.33540577660E-07
  4.23973773422E-07
  4.10089484149E-07
  3.92126054294E-07
  3.70354825918E-07
  3.45077381780E-07
  3.16622674745E-07
  2.85343730866E-07
  2.51614324043E-07
  2.15825380678E-07
  1.78381483806E-07
  1.39696950896E-07
  1.00192153241E-07
  6.02896363944E-08
  2.04103987045E-08
 -1.90298941050E-08
 -5.76245184902E-08
 -9.49792564597E-08
 -1.30715690716E-07
 -1.64474514008E-07
 -1.95918360646E-07
 -2.24734662879E-07
 -2.50638038324E-07
 -2.73372506854E-07
 -2.92713565386E-07
 -3.08469310539E-07
 -3.20482286043E-07
 -3.28630022750E-07
 -3.32825692340E-07
 -3.33018476795E-07
 -3.29193397874E-07
 -3.21371032896E-07
 -3.09606463134E-07
 -2.93988762223E-07
 -2.74639120335E-07
 -2.51709650456E-07
 -2.25381270980E-07
 -1.95861673546E-07
 -1.63383063523E-07
 -1.28199644678E-07
 -9.05848338562E-08
 -5.08286603917E-08
 -9.23476140002E-09
  3.38825429935E-08
  7.82012534728E-08
  1.23394670482E-07
  1.69134423800E-07
  2.15093379552E-07
  2.60948496589E-07
  3.06383583393E-07
  3.51092012352E-07
  3.94778879809E-07
  4.37163777178E-07
  4.77982496250E-07
  5.16989075550E-07
  5.53957477223E-07
  5.88682951275E-07
  6.20983314548E-07
  6.50699632843E-07
  6.77697300944E-07
  7.01865985775E-07
  7.23120194834E-07
  7.41399048820E-07
  7.56665542667E-07
  7.68906772919E-07
  7.78132459800E-07
  7.84374321938E-07
  7.87684712122E-07
  7.88135366747E-07
  7.85815814197E-07
  7.80832010605E-07
  7.73304009272E-07
  7.63364766954E-07
  7.51157983814E-07
  7.36836000215E-07
  7.20558091416E-07
  7.02488478055E-07
  6.82794393470E-07
  6.61644207867E-07
  6.39205495645E-07
  6.15643671154E-07
  5.91120112858E-07
  5.65790742257E-07
  5.39804716482E-07
  5.13303461958E-07
  4.86419139634E-07
  4.59274218656E-07
  4.31980765825E-07
  4.04639706630E-07
  3.77340683144E-07
  3.50161826645E-07
  3.23169786043E-07
  2.96419926826E-07
  2.69956615284E-07
  2.43813900624E-07
  2.18015784981E-07
  1.92577360281E-07
  1.67505433524E-07
  1.42799535752E-07
  1.18453080233E-07
  9.44542790648E-08
  7.07874008299E-08
  4.74338897050E-08
  2.43735982508E-08
  1.58588908672E-09
 -2.09491926029E-08
 -4.32498588054E-08
 -6.53315126442E-08
 -8.72058336654E-08
 -1.08879895322E-07
 -1.30355431338E-07
 -1.51628199774E-07
 -1.72687393274E-07
 -1.93515376168E-07
 -2.14087322092E-07
 -2.34371199781E-07
 -2.54327716220E-07
 -2.73910615078E-07
 -2.93066847235E-07
 -3.11737153424E-07
 -3.29856561621E-07
 -3.47355182839E-07
 -3.64158921684E-07
 -3.80190414262E-07
 -3.95370193473E-07
 -4.09617456398E-07
 -4.22851513804E-07
 -4.34992813325E-07
 -4.45964190021E-07
 -4.55692003243E-07
 -4.64107472453E-07
 -4.71147842518E-07
 -4.76757406886E-07
 -4.80888672882E-07
 -4.83503526993E-07
 -4.84573831727E-07
 -4.84082420371E-07
 -4.82023892800E-07
 -4.78405013382E-07
 -4.73245165722E-07
 -4.66576750568E-07
 -4.58445072127E-07
 -4.48908764383E-07
 -4.38039052142E-07
 -4.25919694180E-07
 -4.12646528503E-07
 -3.98326648110E-07
 -3.83077605193E-07
 -3.67026444792E-07
 -3.50308766883E-07
 -3.33067220026E-07
 -3.15450421340E-07
 -2.97611251199E-07
 -2.79705687944E-07
 -2.61890903630E-07
 -2.44323729248E-07
 -2.27159091537E-07
 -2.10548279256E-07
 -1.94637237882E-07
 -1.79564949576E-07
 -1.65461912616E-07
 -1.52448563995E-07
 -1.40633844126E-07
 -1.30113889441E-07
 -1.20970767625E-07
 -1.13271468649E-07
 -1.07066931321E-07
 -1.02391254586E-07
 -9.92611646211E-08
 -9.76755032411E-08
 -9.76150786869E-08
 -9.90425661485E-08
 -1.01902706717E-07
 -1.06122627130E-07
 -1.11612386888E-07
 -1.18265738536E-07
 -1.25960994524E-07
 -1.34562171183E-07
 -1.43920232176E-07
 -1.53874481157E-07
 -1.64254103652E-07
 -1.74879872361E-07
 -1.85565951938E-07
 -1.96121717977E-07
 -2.06353689691E-07
 -2.16067604697E-07
 -2.25070351689E-07
 -2.33172002595E-07
 -2.40187944200E-07
 -2.45940668719E-07
 -2.50261848578E-07
 -2.52994055927E-07
 -2.53992652688E-07
 -2.53127268479E-07
 -2.50283449077E-07
 -2.45363764861E-07
 -2.38289345589E-07
 -2.29000505669E-07
 -2.17457838403E-07
 -2.03642642305E-07
 -1.87557489539E-07
 -1.69226254343E-07
 -1.48694240920E-07
 -1.26027885017E-07
 -1.01314320489E-07
 -7.46607113911E-08
 -4.61934703821E-08
 -1.60571307362E-08
  1.55868011831E-08
  4.85612972057E-08
  8.26752923899E-08
  1.17725434734E-07
  1.53497822453E-07
  1.89770020143E-07
  2.26312863560E-07
  2.62892712044E-07
  2.99273438031E-07
  3.35218487635E-07
  3.70493125956E-07
  4.04866426607E-07
  4.38113232804E-07
  4.70016345844E-07
  5.00368173562E-07
  5.28972634584E-07
  5.55646806788E-07
  5.80222319968E-07
  6.02547004291E-07
  6.22485458734E-07
  6.39920756385E-07
  6.54755069718E-07
  6.66909841129E-07
  6.76326749272E-07
  6.82967822740E-07
  6.86814985329E-07
  6.87870510774E-07
  6.86156397478E-07
  6.81713515860E-07
  6.74601210449E-07
  6.64896163016E-07
  6.52691369396E-07
  6.38094832084E-07
  6.21228366526E-07
  6.02225838975E-07
  5.81231574870E-07
  5.58399108286E-07
  5.33888965037E-07
  5.07867241595E-07
  4.80503558720E-07
  4.51969413007E-07
  4.22436443159E-07
  3.92074639421E-07
  3.61050808806E-07
  3.29526784526E-07
  2.97658232284E-07
  2.65593001814E-07
  2.33470174749E-07
  2.01418728807E-07
  1.69556770402E-07
  1.37990667781E-07
  1.06814482592E-07
  7.61095506618E-08
  4.59441764633E-08
  1.63736686432E-08
 -1.25596661960E-08
 -4.08261549012E-08
 -6.84083474312E-08
 -9.53003507220E-08
 -1.21507099493E-07
 -1.47043422771E-07
 -1.71932953208E-07
 -1.96207011527E-07
 -2.19903341758E-07
 -2.43064704364E-07
 -2.65737440941E-07
 -2.87970237878E-07
 -3.09812179466E-07
 -3.31311753143E-07
 -3.52515002078E-07
 -3.73464189352E-07
 -3.94196433717E-07
 -4.14742231669E-07
 -4.35124434262E-07
 -4.55356797602E-07
 -4.75443158621E-07
 -4.95376525578E-07
 -5.15138367518E-07
 -5.34697676358E-07
 -5.54011194254E-07
 -5.73022703065E-07
 -5.91662910665E-07
 -6.09849905686E-07
 -6.27489214367E-07
 -6.44474596356E-07
 -6.60688328935E-07
 -6.76002400724E-07
 -6.90279421178E-07
 -7.03373700617E-07
 -7.15132898677E-07
 -7.25399218027E-07
 -7.34011280201E-07
 -7.40805432997E-07
 -7.45618194742E-07
 -7.48287391161E-07
 -7.48654713334E-07
 -7.46567252463E-07
 -7.41879773614E-07
 -7.34456534701E-07
 -7.24173048638E-07
 -7.10918413915E-07
 -6.94596621997E-07
 -6.75128319472E-07
 -6.52452968097E-07
 -6.26529526926E-07
 -5.97338100761E-07
 -5.64881190712E-07
 -5.29184490006E-07
 -4.90297736633E-07
 -4.48294883881E-07
 -4.03275151939E-07
 -3.55362516302E-07
 -3.04705821463E-07
 -2.51478581959E-07
 -1.95878115505E-07
 -1.38125031413E-07
 -7.84619658134E-08
 -1.71525975645E-08
  4.55200144245E-08
  1.09254926883E-07
  1.73735230646E-07
  2.38629979776E-07
  3.03596380036E-07
  3.68282059071E-07
  4.32327567523E-07
  4.95368681186E-07
  5.57039186333E-07
  6.16973352408E-07
  6.74808916301E-07
  7.30189299247E-07
  7.82766790053E-07
  8.32204648304E-07
  8.78180117070E-07
  9.20386696635E-07
  9.58536816142E-07
  9.92363652585E-07
  1.02162380244E-06
  1.04609875962E-06
  1.06559718915E-06
  1.07995606413E-06
  1.08904248464E-06
  1.09275481464E-06
  1.09102336410E-06
  1.08381152586E-06
  1.07111577563E-06
  1.05296646780E-06
  1.02942772173E-06
  1.00059673969E-06
  9.66603920460E-07
  9.27611665702E-07
  8.83813868313E-07
  8.35434605051E-07
  7.82726317539E-07
  7.25968959614E-07
  6.65467894123E-07
  6.01551676027E-07
  5.34570290256E-07
  4.64892934815E-07
  3.92905434410E-07
  3.19007853022E-07
  2.43612021222E-07
  1.67138679785E-07
  9.00150709526E-08
  1.26720456350E-08
 -6.44585753662E-08
 -1.40946752936E-07
 -2.16366856876E-07
 -2.90300334882E-07
 -3.62338255400E-07
 -4.32083822943E-07
 -4.99154566569E-07
 -5.63185039937E-07
 -6.23828498192E-07
 -6.80759058014E-07
 -7.33673800823E-07
 -7.82293966495E-07
 -8.26366942874E-07
 -8.65667175276E-07
 -8.99997758097E-07
 -9.29191344312E-07
 -9.53110372848E-07
 -9.71648319137E-07
 -9.84729808806E-07
 -9.92310901893E-07
 -9.94378979158E-07
 -9.90952571556E-07
 -9.82081360235E-07
 -9.67845153355E-07
 -9.48353431340E-07
 -9.23744607917E-07
 -8.94184836397E-07
 -8.59866815972E-07
 -8.21008711682E-07
 -7.77852449119E-07
 -7.30662577553E-07
 -6.79724166730E-07
 -6.25341272098E-07
 -5.67835400034E-07
 -5.07542893047E-07
 -4.44813849754E-07
 -3.80009424816E-07
 -3.13500152060E-07
 -2.45663613896E-07
 -1.76882579694E-07
 -1.07542760475E-07
 -3.80307021430E-08
  3.12682750803E-08
  9.99721621042E-08
  1.67704342857E-07
  2.34095494989E-07
  2.98785749919E-07
  3.61426344853E-07
  4.21681676244E-07
  4.79230948258E-07
  5.33769934918E-07
  5.85012514875E-07
  6.32692092495E-07
  6.76563388424E-07
  7.16403178558E-07
  7.52011999339E-07
  7.83214943567E-07
  8.09862569895E-07
  8.31831869164E-07
  8.49027003369E-07
  8.61379589878E-07
  8.68849383551E-07
  8.71424390425E-07
  8.69120924563E-07
  8.61983778577E-07
  8.50086053106E-07
  8.33528304156E-07
  8.12438770481E-07
  7.86972293554E-07
  7.57309521759E-07
  7.23656171431E-07
  6.86241662606E-07
  6.45318039005E-07
  6.01158490099E-07
  5.54055873181E-07
  5.04320894379E-07
  4.52280517038E-07
  3.98275858515E-07
  3.42660342767E-07
  2.85797284505E-07
  2.28058013363E-07
  1.69819259099E-07
  1.11461019969E-07
  5.33639656908E-08
 -4.09289713232E-09
 -6.05348020599E-08
 -1.15593678629E-07
 -1.68910631260E-07
 -2.20138389295E-07
 -2.68943807669E-07
 -3.15010140639E-07
 -3.58039329740E-07
 -3.97754234882E-07
 -4.33900623875E-07
 -4.66249304054E-07
 -4.94597713896E-07
 -5.18771571478E-07
 -5.38626579782E-07
 -5.54049165657E-07
 -5.64958156701E-07
 -5.71305292851E-07
 -5.73075681132E-07
 -5.70288364088E-07
 -5.62996547160E-07
 -5.51287087092E-07
 -5.35280491931E-07
 -5.15129841006E-07
 -4.91020330173E-07
 -4.63167651787E-07
 -4.31816857827E-07
 -3.97240484062E-07
 -3.59736873179E-07
 -3.19627730505E-07
 -2.77255907122E-07
 -2.32982927173E-07
 -1.87186046219E-07
 -1.40255494330E-07
 -9.25913496985E-08
 -4.46004442267E-08
  3.30698202156E-09
  5.07205193401E-08
  9.72330056470E-08
  1.42443909112E-07
  1.85962647947E-07
  2.27411959486E-07
  2.66431158025E-07
  3.02679126207E-07
  3.35837540888E-07
  3.65613658460E-07
  3.91742844386E-07
  4.13991216419E-07
  4.32157776231E-07
  4.46076199978E-07
  4.55616941508E-07
  4.60688198700E-07
  4.61237107174E-07
  4.57250564523E-07
  4.48755542948E-07
  4.35819117683E-07
  4.18548211201E-07
  3.97088911086E-07
  3.71625475282E-07
  3.42378939422E-07
  3.09605439952E-07
  2.73594196187E-07
  2.34665193943E-07
  1.93166428630E-07
  1.49471119926E-07
  1.03974528542E-07
  5.70905029917E-08
  9.24791887513E-09
 -3.91130576816E-08
 -8.75448904480E-08
 -1.35596650352E-07
 -1.82818070016E-07
 -2.28763667565E-07
 -2.72996743433E-07
 -3.15093558356E-07
 -3.54647056611E-07
 -3.91270930322E-07
 -4.24603143756E-07
 -4.54309400766E-07
 -4.80086498555E-07
 -5.01665226693E-07
 -5.18813010331E-07
 -5.31336581844E-07
 -5.39083657713E-07
 -5.41944757515E-07
 -5.39854625003E-07
 -5.32792853392E-07
 -5.20784794844E-07
 -5.03901219417E-07
 -4.82258087686E-07
 -4.56016010730E-07
 -4.25378715363E-07
 -3.90591765154E-07
 -3.51940258270E-07
 -3.09746894800E-07
 -2.64368850367E-07
 -2.16194820268E-07
 -1.65641779404E-07
 -1.13151209291E-07
 -5.91851971876E-08
 -4.22236157149E-09
  5.12464808367E-08
  1.06722723103E-07
  1.61704491575E-07
  2.15691287053E-07
  2.68188500741E-07
  3.18711983027E-07
  3.66792704654E-07
  4.11980721537E-07
  4.53849963833E-07
  4.92001731800E-07
  5.26068731688E-07
  5.55718600026E-07
  5.80656944749E-07
  6.00630357894E-07
  6.15428973560E-07
  6.24888173206E-07
  6.28890802545E-07
  6.27367967354E-07
  6.20300284027E-07
  6.07717879575E-07
  5.89700448472E-07
  5.66376627376E-07
  5.37923313004E-07
  5.04563729464E-07
  4.66565893475E-07
  4.24240170105E-07
  3.77936601126E-07
  3.28041977582E-07
  2.74976201808E-07
  2.19188748929E-07
  1.61154630973E-07
  1.01370147831E-07
  4.03484605727E-08
 -2.13849755681E-08
 -8.32971807085E-08
 -1.44852364770E-07
 -2.05516798246E-07
 -2.64763571067E-07
 -3.22077312376E-07
 -3.76958979587E-07
 -4.28930007956E-07
 -4.77537014376E-07
 -5.22355492194E-07
 -5.62994046049E-07
 -5.99097347731E-07
 -6.30349632047E-07
 -6.56477766370E-07
 -6.77252955938E-07
 -6.92493472343E-07
 -7.02065733549E-07
 -7.05885668140E-07
 -7.03919681655E-07
 -6.96183974469E-07
 -6.82745735503E-07
 -6.63721039018E-07
 -6.39274674086E-07
 -6.09618211911E-07
 -5.75008243686E-07
 -5.35743708951E-07
 -4.92163394483E-07
 -4.44642893171E-07
 -3.93591079728E-07
 -3.39446302178E-07
 -2.82672630192E-07
 -2.23755606044E-07
 -1.63197967140E-07
 -1.01515041706E-07
 -3.92303434182E-08
  2.31291927832E-08
  8.50377546158E-08
  1.45975263877E-07
  2.05431931022E-07
  2.62912664084E-07
  3.17941243111E-07
  3.70064526578E-07
  4.18856245687E-07
  4.63920486027E-07
  5.04895183440E-07
  5.41454824088E-07
  5.73313400309E-07
  6.00226428560E-07
  6.21992967353E-07
  6.38457208879E-07
  6.49509217965E-07
  6.55086182633E-07
  6.55172073039E-07
  6.49798096219E-07
  6.39041616068E-07
  6.23025528057E-07
  6.01917122367E-07
  5.75925582780E-07
  5.45300963495E-07
  5.10330892212E-07
  4.71338694297E-07
  4.28679669540E-07
  3.82738306826E-07
  3.33924703000E-07
  2.82670896468E-07
  2.29427158160E-07
  1.74657913021E-07
  1.18837817809E-07
  6.24477607403E-08
  5.97067018049E-09
 -5.01125292374E-08
 -1.05326869004E-07
 -1.59207303341E-07
 -2.11302534581E-07
 -2.61178541905E-07
 -3.08422301032E-07
 -3.52644804025E-07
 -3.93484100414E-07
 -4.30608395163E-07
 -4.63718180299E-07
 -4.92548622333E-07
 -5.16871523359E-07
 -5.36496827408E-07
 -5.51273785732E-07
 -5.61092235785E-07
 -5.65882658066E-07
 -5.65617028769E-07
 -5.60308251352E-07
 -5.50010042843E-07
 -5.34815910669E-07
 -5.14858356837E-07
 -4.90307513701E-07
 -4.61369211280E-07
 -4.28283499332E-07
 -3.91322004134E-07
 -3.50786024228E-07
 -3.07003432454E-07
 -2.60326288526E-07
 -2.11127670013E-07
 -1.59798574373E-07
 -1.06744835193E-07
 -5.23836973798E-08
  2.85942425293E-09
  5.85544164267E-08
  1.14269781193E-07
  1.69576068743E-07
  2.24049188091E-07
  2.77273613847E-07
  3.28845572994E-07
  3.78376171284E-07
  4.25494164347E-07
  4.69848828288E-07
  5.11112489221E-07
  5.48982768578E-07
  5.83185112646E-07
  6.13474242073E-07
  6.39636311917E-07
  6.61490105358E-07
  6.78888341099E-07
  6.91718582857E-07
  6.99903978330E-07
  7.03403600255E-07
  7.02212560100E-07
  6.96362008057E-07
  6.85918507770E-07
  6.70983638429E-07
  6.51693028431E-07
  6.28214877452E-07
  6.00748876423E-07
  5.69524559069E-07
  5.34799198704E-07
  4.96855932397E-07
  4.56001544080E-07
  4.12563935015E-07
  3.66889565839E-07
  3.19340841770E-07
  2.70293213589E-07
  2.20132150730E-07
  1.69250370163E-07
  1.18044631847E-07
  6.69126336561E-08
  1.62500075618E-08
 -3.35528156370E-08
 -8.21136865170E-08
 -1.29061675125E-07
 -1.74040039269E-07
 -2.16709040046E-07
 -2.56748620586E-07
 -2.93860978218E-07
 -3.27773022946E-07
 -3.58238480658E-07
 -3.85040038964E-07
 -4.07991080920E-07
 -4.26937333486E-07
 -4.41758203351E-07
 -4.52367743264E-07
 -4.58715817331E-07
 -4.60788129431E-07
 -4.58607075871E-07
 -4.52231205372E-07
 -4.41755361180E-07
 -4.27309771567E-07
 -4.09059339290E-07
 -3.87202447882E-07
 -3.61969455298E-07
 -3.33621045456E-07
 -3.02446267142E-07
 -2.68760203426E-07
 -2.32901655295E-07
 -1.95230271061E-07
 -1.56123846295E-07
 -1.15975169024E-07
 -7.51887725414E-08
 -3.41776065227E-08
  6.64042332232E-09
  4.68460399361E-08
  8.60221973653E-08
  1.23757715187E-07
  1.59650937803E-07
  1.93313283603E-07
  2.24372897151E-07
  2.52478031371E-07
  2.77300273410E-07
  2.98538054722E-07
  3.15919180593E-07
  3.29204056015E-07
  3.38187987836E-07
  3.42703458500E-07
  3.42622314520E-07
  3.37857272825E-07
  3.28363427116E-07
  3.14139157354E-07
  2.95226897151E-07
  2.71713361144E-07
  2.43729544991E-07
  2.11450100096E-07
  1.75092665700E-07
  1.34916533057E-07
  9.12210396109E-08
  4.43435546060E-08
 -5.34283728371E-09
 -5.74320715430E-08
 -1.11488127175E-07
 -1.67048369804E-07
 -2.23627210971E-07
 -2.80719945067E-07
 -3.37806937978E-07
 -3.94357840605E-07
 -4.49836193184E-07
 -5.03703915911E-07
 -5.55426140636E-07
 -6.04475644650E-07
 -6.50337938168E-07
 -6.92515982337E-07
 -7.30534338800E-07
 -7.63944228765E-07
 -7.92327739418E-07
 -8.15301746115E-07
 -8.32521948269E-07
 -8.43686791541E-07
 -8.48540366860E-07
