 -3.92040476527E-07
 -3.95845290768E-07
 -3.99118448513E-07
 -4.01856539156E-07
 -4.04057175274E-07
 -4.05719049468E-07
 -4.06841763834E-07
 -4.07425972071E-07
 -4.07473237374E-07
 -4.06986089274E-07
 -4.05967966799E-07
 -4.04423246891E-07
 -4.02357130724E-07
 -3.99775757387E-07
 -3.96686004933E-07
 -3.93095660911E-07
 -3.89013337099E-07
 -3.84448355817E-07
 -3.79410835194E-07
 -3.73911660745E-07
 -3.67962456949E-07
 -3.61575501984E-07
 -3.54763784571E-07
 -3.47541003975E-07
 -3.39921541581E-07
 -3.31920290364E-07
 -3.23552910686E-07
 -3.14835602921E-07
 -3.05785107457E-07
 -2.96418789958E-07
 -2.86754470835E-07
 -2.76810595778E-07
 -2.66605951538E-07
 -2.56159921719E-07
 -2.45492230988E-07
 -2.34623016127E-07
 -2.23572783398E-07
 -2.12362365914E-07
 -2.01012852585E-07
 -1.89545644957E-07
 -1.77982315108E-07
 -1.66344520380E-07
 -1.54654131279E-07
 -1.42933004099E-07
 -1.31203023557E-07
 -1.19486045946E-07
 -1.07803764138E-07
 -9.61777288921E-08
 -8.46292635970E-08
 -7.31793932118E-08
 -6.18487945303E-08
 -5.06577251258E-08
 -3.96259629554E-08
 -2.87727477399E-08
 -1.81167028046E-08
 -7.67579244609E-09
  2.53274357043E-09
  1.24924568468E-08
  2.21877325401E-08
  3.16038573089E-08
  4.07270519531E-08
  4.95445391380E-08
  5.80445735920E-08
  6.62164723053E-08
  7.40506749253E-08
  8.15387508624E-08
  8.86734312644E-08
  9.54486125693E-08
  1.01859434665E-07
  1.07902181412E-07
  1.13574365912E-07
  1.18874730504E-07
  1.23803161500E-07
  1.28360738927E-07
  1.32549743626E-07
  1.36373515147E-07
  1.39836515700E-07
  1.42944273307E-07
  1.45703339172E-07
  1.48121188204E-07
  1.50206247440E-07
  1.51967810780E-07
  1.53415925297E-07
  1.54561377030E-07
  1.55415619929E-07
  1.55990676376E-07
  1.56299094556E-07
  1.56353863190E-07
  1.56168326271E-07
  1.55756083586E-07
  1.55130976509E-07
  1.54306917466E-07
  1.53297875727E-07
  1.52117820562E-07
  1.50780564923E-07
  1.49299708596E-07
  1.47688652419E-07
  1.45960413533E-07
  1.44127639601E-07
  1.42202495113E-07
  1.40196604548E-07
  1.38121095006E-07
  1.35986340410E-07
  1.33802146252E-07
  1.31577550633E-07
  1.29320866904E-07
  1.27039626818E-07
  1.24740523688E-07
  1.22429497651E-07
  1.20111607771E-07
  1.17791103094E-07
  1.15471401330E-07
  1.13155088854E-07
  1.10843927814E-07
  1.08538927179E-07
  1.06240300113E-07
  1.03947520813E-07
  1.01659388463E-07
  9.93740343347E-08
  9.70889928453E-08
  9.48012299773E-08
  9.25072143332E-08
  9.02029881900E-08
  8.78842030261E-08
  8.55461976812E-08
  8.31841049376E-08
  8.07928373092E-08
  7.83672433613E-08
  7.59021432373E-08
  7.33924139240E-08
  7.08330389898E-08
  6.82192080603E-08
  6.55463949784E-08
  6.28103720146E-08
  6.00073590817E-08
  5.71340166289E-08
  5.41875451177E-08
  5.11657169966E-08
  4.80669513081E-08
  4.48903350048E-08
  4.16356762400E-08
  3.83035470009E-08
  3.48952688967E-08
  3.14129984247E-08
  2.78596719028E-08
  2.42390605365E-08
  2.05557491029E-08
  1.68151181867E-08
  1.30233450690E-08
  9.18736819955E-09
  5.31485966349E-09
  1.41417999533E-09
 -2.50565923565E-09
 -6.43505471132E-09
 -1.03638662097E-08
 -1.42814826631E-08
 -1.81768928798E-08
 -2.20387530447E-08
 -2.58554759824E-08
 -2.96153004342E-08
 -3.33063816527E-08
 -3.69168731140E-08
 -4.04350188887E-08
 -4.38492300248E-08
 -4.71481662601E-08
 -5.03208426039E-08
 -5.33566826277E-08
 -5.62456214936E-08
 -5.89781485871E-08
 -6.15454069930E-08
 -6.39392254698E-08
 -6.61522179257E-08
 -6.81777905243E-08
 -7.00102091855E-08
 -7.16446066917E-08
 -7.30770466362E-08
 -7.43045234231E-08
 -7.53249480567E-08
 -7.61372049851E-08
 -7.67410739400E-08
 -7.71372512531E-08
 -7.73273356458E-08
 -7.73137642796E-08
 -7.70997843347E-08
 -7.66893961668E-08
 -7.60873177796E-08
 -7.52988782438E-08
 -7.43300176964E-08
 -7.31871310222E-08
 -7.18770820640E-08
 -7.04070401980E-08
 -6.87844590175E-08
 -6.70169910677E-08
 -6.51123457374E-08
 -6.30783105748E-08
 -6.09225878634E-08
 -5.86527590940E-08
 -5.62762139111E-08
 -5.38000932693E-08
 -5.12311970624E-08
 -4.85759841240E-08
 -4.58404905146E-08
 -4.30303011001E-08
 -4.01505424463E-08
 -3.72058401865E-08
 -3.42003225740E-08
 -3.11376346929E-08
 -2.80209206949E-08
 -2.48528628788E-08
 -2.16357118887E-08
 -1.83713133595E-08
 -1.50611629834E-08
 -1.17064544725E-08
 -8.30814794739E-09
 -4.86702589342E-09
 -1.38377109771E-09
  2.14095718931E-09
  5.70644909104E-09
  9.31185617503E-09
  1.29561197326E-08
  1.66378857358E-08
  2.03554186839E-08
  2.41065425399E-08
  2.78885536886E-08
  3.16981605408E-08
  3.55314284661E-08
  3.93837247259E-08
  4.32496705116E-08
  4.71231125232E-08
  5.09971158635E-08
  5.48639036424E-08
  5.87149067144E-08
  6.25407636790E-08
  6.63313173277E-08
  7.00756714878E-08
  7.37622514180E-08
  7.73788357833E-08
  8.09126206036E-08
  8.43503471515E-08
  8.76783445847E-08
  9.08826578438E-08
  9.39491471286E-08
  9.68636086895E-08
  9.96118885155E-08
  1.02180024442E-07
  1.04554374047E-07
  1.06721692816E-07
  1.08669368615E-07
  1.10385485641E-07
  1.11858945218E-07
  1.13079615005E-07
  1.14038464005E-07
  1.14727619405E-07
  1.15140522894E-07
  1.15271987511E-07
  1.15118297117E-07
  1.14677277452E-07
  1.13948352976E-07
  1.12932539764E-07
  1.11632559197E-07
  1.10052795321E-07
  1.08199294857E-07
  1.06079752982E-07
  1.03703520438E-07
  1.01081461423E-07
  9.82260175419E-08
  9.51510088498E-08
  9.18716196452E-08
  8.84042634652E-08
  8.47665049264E-08
  8.09769034049E-08
  7.70548638229E-08
  7.30205442778E-08
  6.88946926175E-08
  6.46984688046E-08
  6.04533454407E-08
  5.61809088140E-08
  5.19027167911E-08
  4.76401567084E-08
  4.34143032635E-08
  3.92457373266E-08
  3.51544748867E-08
  3.11597752045E-08
  2.72800537715E-08
  2.35327686227E-08
  1.99343190843E-08
  1.64999569563E-08
  1.32437154576E-08
  1.01783399487E-08
  7.31524085751E-09
  4.66446259395E-09
  2.23465157489E-09
  3.30482724520E-11
 -1.93451432651E-09
 -3.66359653725E-09
 -5.15113152133E-09
 -6.39539088354E-09
 -7.39594208099E-09
 -8.15360134965E-09
 -8.67037464047E-09
 -8.94939500284E-09
 -8.99485375072E-09
 -8.81193429336E-09
 -8.40673575198E-09
 -7.78619746455E-09
 -6.95802837569E-09
 -5.93063420595E-09
 -4.71304240079E-09
 -3.31484062421E-09
 -1.74610725878E-09
 -1.73558632743E-11
  1.86052162565E-09
  3.87630327836E-09
  6.01847993664E-09
  8.27529778036E-09
  1.06347846085E-08
  1.30847812585E-08
  1.56129651430E-08
  1.82068653487E-08
  2.08538768476E-08
  2.35412773719E-08
  2.62562345199E-08
  2.89858039793E-08
  3.17169543962E-08
  3.44365638227E-08
  3.71314321512E-08
  3.97882935488E-08
  4.23938431027E-08
  4.49347439258E-08
  4.73976662363E-08
  4.97693086743E-08
  5.20364480394E-08
  5.41859890291E-08
  5.62050104236E-08
  5.80808396933E-08
  5.98011098418E-08
  6.13538659877E-08
  6.27276222076E-08
  6.39114716705E-08
  6.48951825610E-08
  6.56693259771E-08
  6.62253327732E-08
  6.65556711965E-08
  6.66539108352E-08
  6.65148576218E-08
  6.61346817310E-08
  6.55109602121E-08
  6.46428830464E-08
  6.35312531472E-08
  6.21786071520E-08
  6.05892935823E-08
  5.87695225818E-08
  5.67274227592E-08
  5.44730376362E-08
  5.20183576214E-08
  4.93773057997E-08
  4.65656988524E-08
  4.36011831084E-08
  4.05031741479E-08
  3.72927182468E-08
  3.39924213222E-08
  3.06262535332E-08
  2.72193965145E-08
  2.37980408713E-08
  2.03891943329E-08
  1.70204206285E-08
  1.37196183303E-08
  1.05147357488E-08
  7.43350847543E-09
  4.50317205747E-09
  1.75017156323E-09
 -8.00130350864E-10
 -3.12374548450E-09
 -5.19834975066E-09
 -7.00355862193E-09
 -8.52119796946E-09
 -9.73555724926E-09
 -1.06336202066E-08
 -1.12052767065E-08
 -1.14435065868E-08
 -1.13445350891E-08
 -1.09079572042E-08
 -1.01368202721E-08
 -9.03768526683E-09
 -7.62062590809E-09
 -5.89921445027E-09
 -3.89044219062E-09
 -1.61461233272E-09
  9.04813612923E-10
  3.64140628761E-09
  6.56600551707E-09
  9.64698898542E-09
  1.28505828201E-08
  1.61411968236E-08
  1.94817992849E-08
  2.28343139952E-08
  2.61600288098E-08
  2.94200468431E-08
  3.25757163466E-08
  3.55891067727E-08
  3.84234333239E-08
  4.10435525566E-08
  4.34163567320E-08
  4.55112498798E-08
  4.73005066226E-08
  4.87596842902E-08
  4.98679568750E-08
  5.06084205654E-08
  5.09683601990E-08
  5.09394837422E-08
  5.05180608457E-08
  4.97050720583E-08
  4.85062479072E-08
  4.69320617924E-08
  4.49976838013E-08
  4.27228457056E-08
  4.01316739840E-08
  3.72524304737E-08
  3.41172103901E-08
  3.07616048190E-08
  2.72242690613E-08
  2.35464749920E-08
  1.97716136796E-08
  1.59446358339E-08
  1.21114984708E-08
  8.31855651029E-09
  4.61194682444E-09
  1.03695974030E-09
 -2.36259545261E-09
 -5.54501600192E-09
 -8.47132142212E-09
 -1.11058504615E-08
 -1.34168214316E-08
 -1.53768588973E-08
 -1.69634848390E-08
 -1.81595414261E-08
 -1.89535604989E-08
 -1.93400797599E-08
 -1.93198630427E-08
 -1.89000708417E-08
 -1.80943384720E-08
 -1.69227600821E-08
 -1.54118122708E-08
 -1.35941702339E-08
 -1.15084555219E-08
 -9.19887632733E-09
 -6.71480027137E-09
 -4.11024991820E-09
 -1.44330836171E-09
  1.22453502893E-09
  3.82910725349E-09
  6.30432905879E-09
  8.58304538554E-09
  1.05978896769E-08
  1.22821859350E-08
  1.35708626559E-08
  1.44013840853E-08
  1.47146757001E-08
  1.44560345916E-08
  1.35760211961E-08
  1.20313119467E-08
  9.78550307451E-09
  6.80986200763E-09
  3.08399950022E-09
 -1.40352007794E-09
 -6.65467547734E-09
 -1.26615642415E-08
 -1.94060962855E-08
 -2.68597837305E-08
 -3.49836604130E-08
 -4.37283169674E-08
 -5.30340251714E-08
 -6.28310772299E-08
 -7.30401197302E-08
 -8.35727149706E-08
 -9.43319733437E-08
 -1.05213338486E-07
 -1.16105390191E-07
 -1.26890896013E-07
 -1.37447798920E-07
 -1.47650453641E-07
 -1.57370720899E-07
 -1.66479409813E-07
 -1.74847500034E-07
 -1.82347548616E-07
 -1.88855096894E-07
 -1.94250048935E-07
 -1.98418106834E-07
 -2.01252078114E-07
 -2.02653296810E-07
 -2.02532845606E-07
 -2.00812806384E-07
 -1.97427382886E-07
 -1.92323994952E-07
 -1.85464145375E-07
 -1.76824300979E-07
 -1.66396588952E-07
 -1.54189308432E-07
 -1.40227427892E-07
 -1.24552755665E-07
 -1.07224124690E-07
 -8.83173072452E-08
 -6.79248017832E-08
 -4.61554563458E-08
 -2.31339623014E-08
  9.99862193041E-10
  2.60919144068E-08
  5.19747693772E-08
  7.84688296562E-08
  1.05383584525E-07
  1.32518934493E-07
  1.59666683430E-07
  1.86612140851E-07
  2.13135763261E-07
  2.39014752879E-07
  2.64024976104E-07
  2.87942640398E-07
  3.10546141691E-07
  3.31617741267E-07
  3.50945583705E-07
  3.68325288491E-07
  3.83561570061E-07
  3.96470085207E-07
  4.06878825743E-07
  4.14629624856E-07
  4.19579492927E-07
  4.21601868084E-07
  4.20587724648E-07
  4.16446596319E-07
  4.09107201449E-07
  3.98518409384E-07
  3.84649524676E-07
  3.67490713415E-07
  3.47053230598E-07
  3.23369476973E-07
  2.96492714824E-07
  2.66497096391E-07
  2.33476896483E-07
  1.97546142999E-07
  1.58837906383E-07
  1.17503340391E-07
  7.37108436510E-08
  2.76449245717E-08
 -2.04949870408E-08
 -7.04957443531E-08
 -1.22131851299E-07
 -1.75166832150E-07
 -2.29354753856E-07
 -2.84441568965E-07
 -3.40166792512E-07
 -3.96264880465E-07
 -4.52466849765E-07
 -5.08501670993E-07
 -5.64098002087E-07
 -6.18985268375E-07
 -6.72895509979E-07
 -7.25564291315E-07
 -7.76732576924E-07
 -8.26147186217E-07
 -8.73562896686E-07
 -9.18742898648E-07
 -9.61459932114E-07
 -1.00149748050E-06
 -1.03865022538E-06
 -1.07272546757E-06
 -1.10354301341E-06
 -1.13093688014E-06
 -1.15475438633E-06
 -1.17485797091E-06
 -1.19112530683E-06
 -1.20344896004E-06
 -1.21173741263E-06
 -1.21591472180E-06
 -1.21592154301E-06
 -1.21171433420E-06
 -1.20326569686E-06
 -1.19056471704E-06
 -1.17361639695E-06
 -1.15244256449E-06
 -1.12708073630E-06
 -1.09758434519E-06
 -1.06402319489E-06
 -1.02648209577E-06
 -9.85062342806E-07
 -9.39879555517E-07
 -8.91065042197E-07
 -8.38764719902E-07
 -7.83138943916E-07
 -7.24362109850E-07
 -6.62622312575E-07
 -5.98120834638E-07
 -5.31071862042E-07
 -4.61701745280E-07
 -3.90248260373E-07
 -3.16960239388E-07
 -2.42096632519E-07
 -1.65925854390E-07
 -8.87247040282E-08
 -1.07775370850E-08
  6.76247893239E-08
  1.46186096117E-07
  2.24605997801E-07
  3.02581298683E-07
  3.79807204354E-07
  4.55978977243E-07
  5.30793272446E-07
  6.03949672495E-07
  6.75152648455E-07
  7.44112753637E-07
  8.10549011021E-07
  8.74189822753E-07
  9.34775414407E-07
  9.92059767668E-07
  1.04581124560E-06
  1.09581583274E-06
  1.14187798772E-06
  1.18382206438E-06
  1.22149458548E-06
  1.25476515223E-06
  1.28352792217E-06
  1.30770308715E-06
  1.32723766910E-06
  1.34210631586E-06
  1.35231221066E-06
  1.35788752686E-06
  1.35889388275E-06
  1.35542211410E-06
  1.34759216053E-06
  1.33555283810E-06
  1.31948104354E-06
  1.29958107209E-06
  1.27608257117E-06
  1.24924076772E-06
  1.21933294395E-06
  1.18665775517E-06
  1.15153227398E-06
  1.11429062599E-06
  1.07527989712E-06
  1.03485865566E-06
  9.93393427962E-07
  9.51255458403E-07
  9.08817867185E-07
  8.66451841830E-07
  8.24523510801E-07
  7.83390646575E-07
  7.43398913983E-07
  7.04878289071E-07
  6.68140273774E-07
  6.33474428469E-07
  6.01144733992E-07
  5.71387545278E-07
  5.44408010228E-07
  5.20378023339E-07
  4.99433895129E-07
  4.81674362618E-07
  4.67158798756E-07
  4.55906302932E-07
  4.47894478839E-07
  4.43059008148E-07
  4.41293536824E-07
  4.42449959337E-07
  4.46339242899E-07
  4.52732365375E-07
  4.61362105852E-07
  4.71924863632E-07
  4.84083159336E-07
  4.97468533922E-07
  5.11684390858E-07
  5.26309918314E-07
  5.40903727142E-07
  5.55008170977E-07
  5.68153438962E-07
  5.79862614813E-07
  5.89656281136E-07
  5.97057578489E-07
  6.01597321293E-07
  6.02818772677E-07
  6.00283158292E-07
  5.93574725372E-07
  5.82305347052E-07
  5.66119467749E-07
  5.44698934846E-07
  5.17767034580E-07
  4.85092471081E-07
  4.46493430672E-07
  4.01840452469E-07
  3.51059441073E-07
  2.94134082424E-07
  2.31107620152E-07
  1.62084248245E-07
  8.72299779076E-08
  6.77266198679E-09
 -7.89981839944E-08
 -1.69732487620E-07
 -2.65021043333E-07
 -3.64397806152E-07
 -4.67342459842E-07
 -5.73283841732E-07
 -6.81603864905E-07
 -7.91641468822E-07
 -9.02697934180E-07
 -1.01404179986E-06
 -1.12491500204E-06
 -1.23453844481E-06
 -1.34211848035E-06
 -1.44685373016E-06
 -1.54794133778E-06
 -1.64458504059E-06
 -1.73600062681E-06
 -1.82142423455E-06
 -1.90011871837E-06
 -1.97138024305E-06
 -2.03454510483E-06
 -2.08899723475E-06
 -2.13417183659E-06
 -2.16956345866E-06
 -2.19472985918E-06
 -2.20929769057E-06
 -2.21296591008E-06
 -2.20550987251E-06
 -2.18678383135E-06
 -2.15672457671E-06
 -2.11535189010E-06
 -2.06277036341E-06
 -1.99916962629E-06
 -1.92482298189E-06
 -1.84008717952E-06
 -1.74540070930E-06
 -1.64128039160E-06
 -1.52831842115E-06
 -1.40717861541E-06
 -1.27859163968E-06
 -1.14334943646E-06
 -1.00229999589E-06
 -8.56340363953E-07
 -7.06410730800E-07
 -5.53486472654E-07
 -3.98570989546E-07
 -2.42687605123E-07
 -8.68719283176E-08
  6.78366589568E-08
  2.20403165940E-07
  3.69805235323E-07
  5.15041278959E-07
  6.55138762795E-07
  7.89161674675E-07
  9.16218368729E-07
  1.03546858554E-06
  1.14613055757E-06
  1.24748714825E-06
  1.33889125209E-06
  1.41977147905E-06
  1.48963692936E-06
  1.54808049047E-06
  1.59478281603E-06
  1.62951391758E-06
  1.65213566561E-06
  1.66260258538E-06
  1.66096197063E-06
  1.64735331509E-06
  1.62200706200E-06
  1.58524255767E-06
  1.53746509568E-06
  1.47916239257E-06
  1.41090094985E-06
  1.33332014229E-06
  1.24712778415E-06
  1.15309342164E-06
  1.05204242118E-06
  9.44848693507E-07
  8.32427360820E-07
  7.15727423994E-07
  5.95723633978E-07
  4.73408732660E-07
  3.49784954778E-07
  2.25856112479E-07
  1.02619331699E-07
 -1.89429947284E-08
 -1.37871069228E-07
 -2.53235356240E-07
 -3.64143943443E-07
 -4.69749494414E-07
 -5.69255917071E-07
 -6.61924445922E-07
 -7.47079013763E-07
 -8.24111737074E-07
 -8.92486752946E-07
 -9.51744596023E-07
 -1.00150498383E-06
 -1.04146920421E-06
 -1.07142216166E-06
 -1.09123334369E-06
 -1.10085636607E-06
 -1.10033033707E-06
 -1.08977678792E-06
 -1.06939921807E-06
 -1.03948013930E-06
 -1.00037846096E-06
 -9.52524942477E-07
 -8.96418839602E-07
 -8.32622788494E-07
 -7.61757291912E-07
 -6.84495546466E-07
 -6.01556848778E-07
 -5.13700626925E-07
 -4.21719391852E-07
 -3.26432171960E-07
 -2.28677322411E-07
 -1.29305234964E-07
 -2.91715043232E-08
  7.08704419594E-08
  1.69976331676E-07
  2.67317858516E-07
  3.62089565442E-07
  4.53515070831E-07
  5.40853307029E-07
  6.23404275757E-07
  7.00514419805E-07
  7.71581596837E-07
  8.36059314224E-07
  8.93460992302E-07
  9.43363033912E-07
  9.85407950793E-07
  1.01930640994E-06
  1.04483899577E-06
  1.06185734694E-06
  1.07028438379E-06
  1.07011442196E-06
  1.06141237666E-06
  1.04431239834E-06
  1.01901605376E-06
  9.85789938568E-07
  9.44962891936E-07
  8.96922188076E-07
  8.42110353005E-07
  7.81019991791E-07
  7.14190207418E-07
  6.42200859602E-07
  5.65667505725E-07
  4.85236228087E-07
  4.01577551656E-07
  3.15380816573E-07
  2.27348394333E-07
  1.38189506060E-07
  4.86144706713E-08
 -4.06712068468E-08
 -1.28972587277E-07
 -2.15610910459E-07
 -2.99928984759E-07
 -3.81296302976E-07
 -4.59114033902E-07
 -5.32819285581E-07
 -6.01889610152E-07
 -6.65846755510E-07
 -7.24259678009E-07
 -7.76747981490E-07
 -8.22984020488E-07
 -8.62695230808E-07
 -8.95665266398E-07
 -9.21735193060E-07
 -9.40804227412E-07
 -9.52829452672E-07
 -9.57825250225E-07
 -9.55863015406E-07
 -9.47068997448E-07
 -9.31622594180E-07
 -9.09754476197E-07
 -8.81743517311E-07
 -8.47913725011E-07
 -8.08631057225E-07
 -7.64299500133E-07
 -7.15357145964E-07
 -6.62272100271E-07
 -6.05537593401E-07
 -5.45668115137E-07
 -4.83194128265E-07
 -4.18657634782E-07
 -3.52607315790E-07
 -2.85593671379E-07
 -2.18164586840E-07
 -1.50860486769E-07
 -8.42100078557E-08
 -1.87257445106E-08
  4.50998207668E-08
  1.06798104582E-07
  1.65927929174E-07
  2.22078710976E-07
  2.74873315220E-07
  3.23970539284E-07
  3.69067294059E-07
  4.09900138720E-07
  4.46246900765E-07
  4.77927358133E-07
  5.04803779222E-07
  5.26781093413E-07
  5.43806436326E-07
  5.55868609808E-07
  5.62996945064E-07
  5.65259540508E-07
  5.62762181744E-07
  5.55645328859E-07
  5.44082354281E-07
  5.28276757450E-07
  5.08458924742E-07
  4.84883457830E-07
  4.57825649391E-07
  4.27578214612E-07
  3.94447738472E-07
  3.58751293561E-07
  3.20812858945E-07
  2.80959767451E-07
  2.39519437173E-07
  1.96815960862E-07
  1.53167036387E-07
  1.08880939820E-07
  6.42538040552E-08
  1.95670555314E-08
 -2.49147831255E-08
 -6.89461074899E-08
 -1.12301869137E-07
 -1.54778916794E-07
 -1.96196950242E-07
 -2.36399259279E-07
 -2.75252943993E-07
 -3.12648978706E-07
 -3.48501657754E-07
 -3.82748169159E-07
 -4.15347187754E-07
 -4.46277852006E-07
 -4.75538143974E-07
 -5.03142757680E-07
 -5.29121280124E-07
 -5.53515803858E-07
 -5.76378340611E-07
 -5.97768575972E-07
 -6.17750913534E-07
 -6.36391632725E-07
 -6.53756501379E-07
 -6.69907990414E-07
 -6.84902317971E-07
 -6.98787403053E-07
 -7.11599966507E-07
 -7.23363712041E-07
 -7.34087336696E-07
 -7.43762484490E-07
 -7.52362609546E-07
 -7.59841725539E-07
 -7.66133723573E-07
 -7.71151519530E-07
 -7.74787565661E-07
 -7.76913680056E-07
 -7.77381899297E-07
 -7.76025444793E-07
 -7.72660371240E-07
 -7.67087101394E-07
 -7.59092699809E-07
 -7.48453487631E-07
 -7.34937600555E-07
 -7.18308285741E-07
 -6.98327198734E-07
 -6.74757927754E-07
 -6.47369688522E-07
 -6.15941416982E-07
 -5.80265293593E-07
 -5.40151347650E-07
 -4.95430697356E-07
 -4.45960324669E-07
 -3.91626059582E-07
 -3.32346814957E-07
 -2.68077769761E-07
 -1.98813495444E-07
 -1.24590997075E-07
 -4.54920368043E-08
  3.83546101546E-08
  1.26771624309E-07
  2.19531784751E-07
  3.16357414931E-07
  4.16919988311E-07
  5.20840842455E-07
  6.27691633781E-07
  7.36996014439E-07
  8.48231763939E-07
  9.60833290264E-07
  1.07419452888E-06
  1.18767275126E-06
  1.30059311232E-06
  1.41225211792E-06
  1.52192421865E-06
  1.62886590260E-06
  1.73232183442E-06
  1.83153167654E-06
  1.92573520508E-06
  2.01417924472E-06
  2.09612494473E-06
  2.17085334953E-06
  2.23767233365E-06
  2.29592296819E-06
  2.34498725149E-06
  2.38429197452E-06
  2.41331599682E-06
  2.43159570346E-06
  2.43872932515E-06
  2.43438330472E-06
  2.41829388870E-06
  2.39027212956E-06
  2.35020752370E-06
  2.29806801144E-06
  2.23390429710E-06
  2.15784780266E-06
  2.07011362363E-06
  1.97099848265E-06
  1.86087879683E-06
  1.74021067778E-06
  1.60952470196E-06
  1.46942500123E-06
  1.32058301006E-06
  1.16373405490E-06
  9.99672124635E-07
  8.29242708278E-07
  6.53338076972E-07
  4.72889439607E-07
  2.88860604769E-07
  1.02240228728E-07
 -8.59658157992E-08
 -2.74741864814E-07
 -4.63070534806E-07
 -6.49940204767E-07
 -8.34353045320E-07
 -1.01533214547E-06
 -1.19192907277E-06
 -1.36323058086E-06
 -1.52836548750E-06
 -1.68651081367E-06
 -1.83689689948E-06
 -1.97881354325E-06
 -2.11161318475E-06
 -2.23471602112E-06
 -2.34761250795E-06
 -2.44986540565E-06
 -2.54111341746E-06
 -2.62107027993E-06
 -2.68952544502E-06
 -2.74634544439E-06
 -2.79147002402E-06
 -2.82491328107E-06
 -2.84675843432E-06
 -2.85715805148E-06
 -2.85632745545E-06
 -2.84454222310E-06
 -2.82213318314E-06
 -2.78948209598E-06
 -2.74701551461E-06
 -2.69519932772E-06
 -2.63453353000E-06
 -2.56554608313E-06
 -2.48878632192E-06
 -2.40481995206E-06
 -2.31422245633E-06
 -2.21757341023E-06
 -2.11545125239E-06
 -2.00842873710E-06
 -1.89706520359E-06
 -1.78190521183E-06
 -1.66347297181E-06
 -1.54226847826E-06
 -1.41876478210E-06
 -1.29340492094E-06
 -1.16660055482E-06
 -1.03872957880E-06
 -9.10135781851E-07
 -7.81127994287E-07
 -6.51980315070E-07
 -5.22933135017E-07
 -3.94193932607E-07
 -2.65939007704E-07
 -1.38315613185E-07
 -1.14444853594E-08
  1.14577332511E-07
  2.39673369151E-07
  3.63784266710E-07
  4.86864166760E-07
  6.08877201103E-07
  7.29793441678E-07
  8.49585205742E-07
  9.68223389464E-07
  1.08567394363E-06
  1.20189361041E-06
  1.31682816118E-06
  1.43040801959E-06
  1.54254621521E-06
  1.65313599609E-06
  1.76204866875E-06
  1.86913280231E-06
  1.97421195480E-06
  2.07708558264E-06
  2.17752699427E-06
  2.27528562391E-06
  2.37008589465E-06
  2.46162971962E-06
  2.54959809354E-06
  2.63365177489E-06
  2.71343537861E-06
  2.78857874036E-06
  2.85870123662E-06
  2.92341360364E-06
  2.98232203022E-06
  3.03503225041E-06
  3.08115272674E-06
  3.12029828820E-06
  3.15209445034E-06
  3.17618082590E-06
  3.19221408063E-06
  3.19987316288E-06
  3.19886066791E-06
  3.18890715789E-06
  3.16977320836E-06
  3.14125213663E-06
  3.10317273033E-06
  3.05540015688E-06
  2.99783778246E-06
  2.93042853627E-06
  2.85315582005E-06
  2.76604282590E-06
  2.66915435532E-06
  2.56259522757E-06
  2.44650937020E-06
  2.32108186538E-06
  2.18653417505E-06
  2.04312505048E-06
  1.89114962268E-06
  1.73093621925E-06
  1.56284659170E-06
  1.38727364174E-06
  1.20463994335E-06
  1.01539660591E-06
  8.20021966774E-07
  6.19020283921E-07
  4.12921622228E-07
  2.02280304507E-07
 -1.23248629080E-08
 -2.30290851277E-07
 -4.50990370382E-07
 -6.73771182846E-07
 -8.97955544588E-07
 -1.12283942144E-06
 -1.34769061333E-06
 -1.57174849846E-06
 -1.79422124802E-06
 -2.01428542823E-06
 -2.23108327191E-06
 -2.44372131419E-06
 -2.65127050625E-06
 -2.85276246359E-06
 -3.04718901134E-06
 -3.23350400322E-06
 -3.41061968356E-06
 -3.57740987056E-06
 -3.73270836462E-06
 -3.87531372326E-06
 -4.00398948841E-06
 -4.11746850659E-06
 -4.21445838583E-06
 -4.29364490628E-06
 -4.35370020568E-06
 -4.39329051005E-06
 -4.41108431914E-06
 -4.40576286564E-06
 -4.37603102910E-06
 -4.32063006883E-06
 -4.23835126639E-06
 -4.12804865846E-06
 -3.98865677198E-06
 -3.81920517611E-06
 -3.61883576261E-06
 -3.38682139045E-06
 -3.12258202939E-06
 -2.82570385934E-06
 -2.49595700552E-06
 -2.13331418308E-06
 -1.73796809122E-06
 -1.31034789774E-06
 -8.51135780522E-07
 -3.61282303629E-07
  1.57980750259E-07
  7.05127661149E-07
  1.27832913677E-06
  1.87544412711E-06
  2.49401387009E-06
  3.13125974571E-06
  3.78408140023E-06
  4.44906208941E-06
  5.12247106599E-06
  5.80027653996E-06
  6.47815659249E-06
  7.15151463737E-06
  7.81549988460E-06
  8.46503189678E-06
  9.09482696443E-06
  9.69942630036E-06
  1.02732346932E-05
  1.08105541585E-05
  1.13056239570E-05
  1.17526669783E-05
  1.21459333968E-05
  1.24797488752E-05
  1.27485673147E-05
  1.29470172396E-05
  1.30699636429E-05
  1.31125507323E-05
  1.30702674142E-05
  1.29389918584E-05
  1.27150506160E-05
  1.23952659123E-05
  1.19770111269E-05
  1.14582553579E-05
  1.08376052594E-05
  1.01143532447E-05
  9.28850658966E-06
  8.36082926980E-06
  7.33286378818E-06
  6.20695345788E-06
  4.98626150147E-06
  3.67478014596E-06
  2.27733335123E-06
  7.99574308985E-07
 -7.52025698603E-07
 -2.37019503402E-06
 -4.04688671551E-06
 -5.77331320528E-06
 -7.53998438086E-06
 -9.33675528358E-06
 -1.11528861453E-05
 -1.29770978674E-05
 -1.47976452354E-05
 -1.66023855854E-05
 -1.83788761206E-05
 -2.01144375751E-05
 -2.17962588067E-05
 -2.34114941122E-05
 -2.49473505392E-05
 -2.63912043010E-05
 -2.77306826320E-05
 -2.89537892968E-05
 -3.00489973597E-05
 -3.10053474095E-05
 -3.18125603371E-05
 -3.24611355609E-05
 -3.29424256051E-05
 -3.32487506967E-05
 -3.33734788001E-05
 -3.33110983775E-05
 -3.30572729581E-05
 -3.26089466398E-05
 -3.19643659168E-05
 -3.11231269734E-05
 -3.00862229778E-05
 -2.88560622721E-05
 -2.74364738289E-05
 -2.58327308984E-05
 -2.40515164478E-05
 -2.21009177039E-05
 -1.99903879547E-05
 -1.77306992555E-05
 -1.53338878590E-05
 -1.28131878228E-05
 -1.01829464256E-05
 -7.45853549233E-06
 -4.65625453216E-06
 -1.79321841642E-06
  1.11276210646E-06
  4.04330330639E-06
  6.97958375895E-06
  9.90248099697E-06
  1.27927150970E-05
  1.56309961312E-05
  1.83981719601E-05
  2.10753769352E-05
  2.36441865127E-05
  2.60867618636E-05
  2.83859917545E-05
  3.05256398860E-05
  3.24904831359E-05
  3.42664279742E-05
  3.58406468877E-05
  3.72016802430E-05
  3.83395417884E-05
  3.92458205170E-05
  3.99137315981E-05
  4.03382327931E-05
  4.05160135415E-05
  4.04455895477E-05
  4.01272918680E-05
  3.95633069274E-05
  3.87576401408E-05
  3.77161195502E-05
  3.64463376172E-05
  3.49576257577E-05
  3.32609670295E-05
  3.13689270115E-05
  2.92955628538E-05
  2.70563086815E-05
  2.46678573603E-05
  2.21480422624E-05
  1.95156826521E-05
  1.67904472619E-05
  1.39926842166E-05
  1.11432764243E-05
  8.26345603855E-06
  5.37464393346E-06
  2.49827326115E-06
 -3.44385114204E-07
 -3.13239706884E-06
 -5.84533290748E-06
 -8.46343573357E-06
 -1.09677803266E-05
 -1.33404328153E-05
 -1.55645921041E-05
 -1.76247285708E-05
 -1.95067041204E-05
 -2.11978986044E-05
 -2.26872962230E-05
 -2.39655837504E-05
 -2.50252178375E-05
 -2.58604795818E-05
 -2.64675272774E-05
 -2.68444018729E-05
 -2.69910542556E-05
 -2.69093343377E-05
 -2.66029601335E-05
 -2.60774741037E-05
 -2.53402013186E-05
 -2.44001657848E-05
 -2.32680158661E-05
 -2.19559096877E-05
 -2.04774150916E-05
 -1.88473750313E-05
 -1.70817784237E-05
 -1.51976200868E-05
 -1.32127297547E-05
 -1.11456347440E-05
 -9.01537532627E-06
 -6.84134920448E-06
 -4.64313279736E-06
 -2.44031025431E-06
 -2.52305937920E-07
  1.90178764115E-06
  4.00337376050E-06
  6.03451098868E-06
  7.97806387709E-06
  9.81785069598E-06
  1.15387738333E-05
  1.31269489430E-05
  1.45698113556E-05
  1.58562215802E-05
  1.69765462488E-05
  1.79227372428E-05
  1.86883789866E-05
  1.92687330127E-05
  1.96607761609E-05
  1.98631914827E-05
  1.98763700610E-05
  1.97024037334E-05
  1.93450287043E-05
  1.88095873455E-05
  1.81029590749E-05
  1.72334785020E-05
  1.62108553923E-05
  1.50460591613E-05
  1.37512124638E-05
  1.23394665934E-05
  1.08248668766E-05
  9.22222352528E-06
  7.54695520300E-06
  5.81495214647E-06
  4.04241836804E-06
  2.24572249863E-06
  4.41245248339E-07
 -1.35477193908E-06
 -3.12637325806E-06
 -4.85803275296E-06
 -6.53479037283E-06
 -8.14238592284E-06
 -9.66737752606E-06
 -1.10972578113E-05
 -1.24205562315E-05
 -1.36269345603E-05
 -1.47072614709E-05
 -1.56536862050E-05
 -1.64596931427E-05
 -1.71201409103E-05
 -1.76312951226E-05
 -1.79908365681E-05
 -1.81978739420E-05
 -1.82529256563E-05
 -1.81578816409E-05
 -1.79159960680E-05
 -1.75318000402E-05
 -1.70110761246E-05
 -1.63607492141E-05
 -1.55888392328E-05
 -1.47043401739E-05
 -1.37171382448E-05
 -1.26378963614E-05
 -1.14779450087E-05
 -1.02491630969E-05
 -8.96385608939E-06
 -7.63463685871E-06
 -6.27429608357E-06
 -4.89568446937E-06
 -3.51158291778E-06
 -2.13458838516E-06
 -7.76996046170E-07
  5.49313654119E-07
  1.83297845524E-06
  3.06325432575E-06
  4.23010533268E-06
  5.32428794031E-06
  6.33742320133E-06
  7.26206098989E-06
  8.09173343441E-06
  8.82099902810E-06
  9.44547264226E-06
  9.96185008262E-06
  1.03679176391E-05
  1.06625475382E-05
  1.08456943053E-05
  1.09183665700E-05
  1.08825988718E-05
  1.07414125523E-05
  1.04987602754E-05
  1.01594732769E-05
  9.72919224296E-06
  9.21429818845E-06
  8.62183151185E-06
  7.95941105025E-06
  7.23514312995E-06
  6.45753789286E-06
  5.63541107113E-06
  4.77779121866E-06
  3.89383194488E-06
  2.99271027870E-06
  2.08354367714E-06
  1.17529634736E-06
  2.76697420531E-07
 -6.03841044722E-07
 -1.45829915255E-06
 -2.27911937145E-06
 -3.05926891997E-06
 -3.79229823011E-06
 -4.47238971901E-06
 -5.09439814778E-06
 -5.65388700124E-06
 -6.14715509073E-06
 -6.57124883219E-06
 -6.92397861712E-06
 -7.20391790310E-06
 -7.41039366403E-06
 -7.54347956899E-06
 -7.60396642363E-06
 -7.59334170652E-06
 -7.51374818719E-06
 -7.36794936529E-06
 -7.15927853889E-06
 -6.89159196554E-06
 -6.56921110931E-06
 -6.19686716163E-06
 -5.77963737669E-06
 -5.32288504473E-06
 -4.83219309899E-06
 -4.31330045103E-06
 -3.77203946300E-06
 -3.21426705341E-06
 -2.64580853582E-06
 -2.07239554584E-06
 -1.49960749241E-06
 -9.32820341859E-07
 -3.77155203068E-07
  1.62566990980E-07
  6.81866026753E-07
  1.17663876154E-06
  1.64318942097E-06
  2.07825587495E-06
  2.47902721640E-06
  2.84316047328E-06
  3.16878708873E-06
  3.45451553585E-06
  3.69943063561E-06
  3.90308377973E-06
  4.06548042520E-06
  4.18706395067E-06
  4.26869019066E-06
  4.31160651715E-06
  4.31741727880E-06
  4.28805378760E-06
  4.22573702963E-06
  4.13294583268E-06
  4.01236775360E-06
  3.86686861020E-06
  3.69944564227E-06
  3.51318840330E-06
  3.31123783326E-06
  3.09674737764E-06
  2.87284365186E-06
  2.64258892457E-06
  2.40894905801E-06
  2.17475917452E-06
  1.94269523490E-06
  1.71524777670E-06
  1.49469985899E-06
  1.28310705350E-06
  1.08228141471E-06
  8.93780793376E-07
  7.18899457297E-07
  5.58664453365E-07
  4.13834982282E-07
  2.84904672299E-07
  1.72108627794E-07
  7.54326947572E-08
 -5.37372768505E-09
 -7.07822920276E-08
 -1.21467707004E-07
 -1.58287647878E-07
 -1.82260762926E-07
 -1.94543162024E-07
 -1.96403803443E-07
 -1.89199226952E-07
 -1.74347576376E-07
 -1.53302906369E-07
 -1.27529759197E-07
 -9.84781607372E-08
 -6.75599736155E-08
 -3.61263552406E-08
 -5.44684919390E-09
  2.33096173474E-08
  4.90916853835E-08
  7.09801923904E-08
  8.82004087543E-08
  1.00131615000E-07
  1.06314125503E-07
  1.06453470039E-07
  1.00421985394E-07
  8.82575719174E-08
  7.01599276454E-08
  4.64841107828E-08
  1.77318622008E-08
 -1.54594879120E-08
 -5.23301189048E-08
 -9.20126197457E-08
 -1.33548553549E-07
 -1.75906350819E-07
 -2.18000280938E-07
 -2.58710173284E-07
 -2.96901674801E-07
 -3.31446727841E-07
 -3.61243934321E-07
 -3.85238394074E-07
 -4.02441003189E-07
 -4.11946899703E-07
 -4.12952317674E-07
 -4.04770361229E-07
 -3.86844931199E-07
 -3.58762719088E-07
 -3.20263296771E-07
 -2.71246818784E-07
 -2.11779735082E-07
 -1.42097590583E-07
 -6.26060412401E-08
  2.61211337005E-08
  1.23346154624E-07
  2.28173846040E-07
  3.39560585871E-07
  4.56325437881E-07
  5.77163120852E-07
  7.00659370523E-07
  8.25307495234E-07
  9.49526679506E-07
  1.07168182240E-06
  1.19010337585E-06
  1.30310945679E-06
  1.40902693602E-06
  1.50621383455E-06
  1.59308137881E-06
  1.66811480540E-06
  1.72989530256E-06
  1.77711910965E-06
  1.80861673016E-06
  1.82337089427E-06
  1.82053156550E-06
  1.79943049261E-06
  1.75959257831E-06
  1.70074690686E-06
  1.62283288319E-06
  1.52600591719E-06
  1.41064026593E-06
  1.27732823785E-06
  1.12687860110E-06
  9.60310899245E-07
  7.78847720539E-07
  5.83905091389E-07
  3.77079885538E-07
  1.60135201099E-07
 -6.50162093052E-08
 -2.96330540550E-07
 -5.31653086000E-07
 -7.68739710111E-07
 -1.00528018265E-06
 -1.23892152715E-06
 -1.46729246353E-06
 -1.68802898770E-06
 -1.89879915524E-06
 -2.09732752410E-06
 -2.28142084779E-06
 -2.44899115387E-06
 -2.59807848124E-06
 -2.72687429970E-06
 -2.83373992715E-06
 -2.91722653856E-06
 -2.97609130939E-06
 -3.00931287711E-06
 -3.01610361930E-06
 -2.99592034025E-06
 -2.94847086479E-06
 -2.87372154162E-06
 -2.77189769804E-06
 -2.64348500423E-06
 -2.48922697210E-06
 -2.31011904361E-06
 -2.10740131479E-06
 -1.88254853128E-06
 -1.63725724178E-06
 -1.37343147344E-06
 -1.09316511043E-06
 -7.98723817752E-07
 -4.92524179663E-07
 -1.77112127631E-07
  1.44860749174E-07
  4.70661206009E-07
  7.97499524197E-07
  1.12255531803E-06
  1.44300304328E-06
  1.75603815933E-06
  2.05890319194E-06
  2.34891308537E-06
  2.62347793978E-06
  2.88012915917E-06
  3.11654071083E-06
  3.33054981638E-06
  3.52017696059E-06
  3.68364271708E-06
  3.81938480132E-06
  3.92607125832E-06
  4.00261114919E-06
  4.04816501032E-06
  4.06215167459E-06
  4.04425236411E-06
  3.99441296395E-06
  3.91284447687E-06
  3.80001893063E-06
  3.65666755897E-06
  3.48376988768E-06
  3.28254668602E-06
  3.05444928017E-06
  2.80114431916E-06
  2.52449945037E-06
  2.22656763071E-06
  1.90956779988E-06
  1.57586623573E-06
  1.22795563584E-06
  8.68434085532E-07
  4.99982547808E-07
  1.25343106561E-07
 -2.52704410286E-07
 -6.31365026038E-07
 -1.00785132418E-06
 -1.37940605782E-06
 -1.74332353708E-06
 -2.09697145692E-06
 -2.43780982601E-06
 -2.76341211247E-06
 -3.07148184220E-06
 -3.35986987920E-06
 -3.62658965969E-06
 -3.86983128919E-06
 -4.08797268392E-06
 -4.27959048466E-06
 -4.44347142547E-06
 -4.57861415271E-06
 -4.68423650091E-06
 -4.75978276882E-06
 -4.80491826238E-06
 -4.81953475173E-06
 -4.80374455947E-06
 -4.75787965115E-06
 -4.68248481411E-06
 -4.57831038148E-06
 -4.44630541097E-06
 -4.28760768045E-06
 -4.10353004554E-06
 -3.89555316360E-06
 -3.66530821339E-06
 -3.41456461683E-06
 -3.14521548717E-06
 -2.85926171273E-06
 -2.55879604083E-06
 -2.24598738896E-06
 -1.92306356439E-06
 -1.59229512064E-06
 -1.25597784972E-06
 -9.16417775443E-07
 -5.75913531975E-07
 -2.36741286130E-07
  9.88614345943E-08
  4.28709938660E-07
  7.50687149775E-07
  1.06275706457E-06
  1.36297671816E-06
  1.64950972703E-06
  1.92063521354E-06
  2.17475917452E-06
  2.41042243943E-06
  2.62630942416E-06
  2.82125415652E-06
  2.99424573313E-06
  3.14443377647E-06
  3.27113070853E-06
  3.37381538884E-06
  3.45213220498E-06
  3.50589289155E-06
  3.53507516593E-06
  3.53981931767E-06
  3.52042684426E-06
  3.47735544892E-06
  3.41121381098E-06
  3.32275590154E-06
  3.21287484439E-06
  3.08259359372E-06
  2.93305856758E-06
  2.76552896139E-06
  2.58136901721E-06
  2.38203620029E-06
  2.16907142203E-06
  1.94408721654E-06
  1.70875728145E-06
  1.46480476815E-06
  1.21399000363E-06
  9.58098326009E-07
  6.98928886322E-07
  4.38281830384E-07
  1.77946873237E-07
 -8.03085526968E-08
 -3.34750865250E-07
 -5.83691587508E-07
 -8.25497693313E-07
 -1.05860294752E-06
 -1.28151691570E-06
 -1.49283459905E-06
 -1.69124507465E-06
 -1.87553962405E-06
 -2.04461935027E-06
 -2.19750086217E-06
 -2.33332320931E-06
 -2.45135083787E-06
 -2.55097961599E-06
 -2.63173910753E-06
 -2.69329461844E-06
 -2.73544787888E-06
 -2.75813840744E-06
 -2.76144123745E-06
 -2.74556759905E-06
 -2.71085923487E-06
 -2.65778771791E-06
 -2.58694785771E-06
 -2.49905338023E-06
 -2.39493056142E-06
 -2.27551095122E-06
 -2.14182409763E-06
 -1.99498913389E-06
 -1.83620477401E-06
 -1.66674124102E-06
 -1.48792901200E-06
 -1.30114869989E-06
 -1.10782025331E-06
 -9.09392269932E-07
 -7.07329832039E-07
 -5.03104331528E-07
 -2.98181475955E-07
 -9.40104030178E-08
  1.07987226272E-07
  3.06427949681E-07
  4.99976692936E-07
  6.87356646267E-07
  8.67358494361E-07
  1.03884894997E-06
  1.20077902466E-06
  1.35219067943E-06
  1.49222364598E-06
  1.62012088367E-06
  1.73523312696E-06
  1.83702229606E-06
  1.92506445273E-06
  1.99905184672E-06
  2.05879291570E-06
  2.10421194424E-06
  2.13534804061E-06
  2.15235399992E-06
  2.15549039240E-06
  2.14512397179E-06
  2.12172176361E-06
  2.08584447137E-06
  2.03814033739E-06
  1.97933945856E-06
  1.91024309970E-06
  1.83171721346E-06
  1.74468277692E-06
  1.65010726505E-06
  1.54899385052E-06
  1.44237287714E-06
  1.33129174174E-06
  1.21680454868E-06
  1.09996301489E-06
  9.81806806521E-07
  8.63354443936E-07
  7.45593865759E-07
  6.29474754987E-07
  5.15900524078E-07
  4.05720328445E-07
  2.99723495800E-07
  1.98632946535E-07
  1.03100198601E-07
  1.37011655355E-08
 -6.90674468729E-08
 -1.44790732293E-07
 -2.13137298033E-07
 -2.73860166544E-07
 -3.26796794070E-07
 -3.71868225102E-07
 -4.09077301811E-07
 -4.38506219780E-07
 -4.60313373196E-07
 -4.74729318967E-07
 -4.82051973449E-07
 -4.82641723920E-07
 -4.76915317904E-07
 -4.65340008304E-07
 -4.48426533239E-07
 -4.26722493785E-07
 -4.00805248546E-07
 -3.71274495592E-07
 -3.38744911232E-07
 -3.03839044591E-07
 -2.67179842695E-07
 -2.29383871897E-07
 -1.91054425613E-07
 -1.52775072593E-07
 -1.15103588882E-07
 -7.85664795444E-08
 -4.36537490600E-08
 -1.08144186939E-08
  1.95474321174E-08
  4.70759538018E-08
  7.14662533596E-08
  9.24663510204E-08
  1.09878520504E-07
  1.23559942722E-07
  1.33422702220E-07
  1.39433055324E-07
  1.41610144055E-07
  1.40024170037E-07
  1.34793793904E-07
  1.26083165242E-07
  1.14098540394E-07
  9.90842252691E-08
  8.13184399817E-08
  6.11086576896E-08
  3.87868226426E-08
  1.47043373033E-08
 -1.07730668830E-08
 -3.72704889173E-08
 -6.44090079049E-08
 -9.18107758707E-08
 -1.19103923168E-07
 -1.45927330664E-07
 -1.71935127469E-07
 -1.96800769459E-07
 -2.20221096470E-07
 -2.41919451582E-07
 -2.61649034883E-07
 -2.79195234043E-07
 -2.94377883847E-07
 -3.07052715698E-07
 -3.17112522907E-07
 -3.24487814396E-07
 -3.29146786271E-07
 -3.31094952344E-07
 -3.30374405166E-07
 -3.27062252836E-07
 -3.21268913694E-07
 -3.13136126806E-07
 -3.02834223476E-07
 -2.90559285077E-07
 -2.76530215615E-07
 -2.60985075329E-07
 -2.44177840614E-07
 -2.26374481826E-07
 -2.07849325307E-07
 -1.88881244867E-07
 -1.69749839074E-07
 -1.50731665371E-07
 -1.32096729999E-07
 -1.14105006332E-07
 -9.70030811231E-08
 -8.10212199553E-08
 -6.63706032356E-08
 -5.32408073184E-08
 -4.17977510381E-08
 -3.21818198756E-08
 -2.45065123750E-08
 -1.88573476834E-08
 -1.52911887596E-08
 -1.38359554924E-08
 -1.44907001953E-08
 -1.72260410380E-08
 -2.19849702887E-08
 -2.86839689778E-08
 -3.72144661753E-08
 -4.74445407406E-08
 -5.92209374872E-08
 -7.23712503259E-08
 -8.67063647547E-08
 -1.02022951864E-07
 -1.18106250113E-07
 -1.34732744073E-07
 -1.51672978177E-07
 -1.68694498370E-07
 -1.85564445587E-07
 -2.02052447662E-07
 -2.17933163071E-07
 -2.32988810467E-07
 -2.47011485044E-07
 -2.59805432279E-07
 -2.71188781653E-07
 -2.80995465118E-07
 -2.89076723448E-07
 -2.95302186260E-07
 -2.99561008887E-07
 -3.01762440813E-07
 -3.01836450944E-07
 -2.99733784459E-07
 -2.95425934382E-07
 -2.88904942636E-07
 -2.80182604229E-07
 -2.69290097776E-07
 -2.56276678101E-07
 -2.41208738316E-07
 -2.24168630325E-07
 -2.05253058994E-07
 -1.84571774753E-07
 -1.62245882507E-07
 -1.38406335282E-07
 -1.13192236029E-07
 -8.67492104817E-08
 -5.92278261990E-08
 -3.07820187118E-08
 -1.56763368953E-09
  2.82589809331E-08
  5.85422306187E-08
  8.91284557270E-08
  1.19866939485E-07
  1.50610773630E-07
  1.81217629347E-07
  2.11550229778E-07
  2.41476868723E-07
  2.70871652219E-07
  2.99614640653E-07
  3.27591664018E-07
  3.54694492444E-07
  3.80820210921E-07
  4.05871190878E-07
  4.29754464903E-07
  4.52381271998E-07
  4.73666460721E-07
  4.93527920753E-07
  5.11886128152E-07
  5.28663520072E-07
  5.43783642115E-07
  5.57171290438E-07
  5.68751715946E-07
  5.78450112698E-07
  5.86191902130E-07
  5.91902278302E-07
  5.95506321588E-07
  5.96929226049E-07
  5.96096640493E-07
  5.92934952692E-07
  5.87372028349E-07
  5.79337836371E-07
  5.68765358366E-07
  5.55591839202E-07
  5.39759469120E-07
  5.21216747984E-07
  4.99920133734E-07
  4.75834980307E-07
  4.48937157671E-07
  4.19214416070E-07
  3.86667892371E-07
  3.51313587998E-07
  3.13183647904E-07
  2.72327639550E-07
  2.28813902936E-07
  1.82730460097E-07
  1.34186095124E-07
  8.33110007648E-08
  3.02574179045E-08
 -2.48000198155E-08
 -8.16641829715E-08
 -1.40115503200E-07
 -1.99912406629E-07
 -2.60791892970E-07
 -3.22470356195E-07
 -3.84644977203E-07
 -4.46994818049E-07
 -5.09182882524E-07
 -5.70857764615E-07
 -6.31655893812E-07
 -6.91203979386E-07
 -7.49121682020E-07
 -8.05024399142E-07
 -8.58525993408E-07
 -9.09242146463E-07
 -9.56793542173E-07
 -1.00080876564E-06
 -1.04092794118E-06
 -1.07680625661E-06
 -1.10811629384E-06
 -1.13455212158E-06
 -1.15583225124E-06
 -1.17170202429E-06
 -1.18193713661E-06
 -1.18634534374E-06
 -1.18476964417E-06
 -1.17708975722E-06
 -1.16322462418E-06
 -1.14313240829E-06
 -1.11681345061E-06
 -1.08430970158E-06
 -1.04570574422E-06
 -1.00112890777E-06
 -9.50748471951E-07
 -8.94775325833E-07
 -8.33461058392E-07
 -7.67095912124E-07
 -6.96007930401E-07
 -6.20559944764E-07
 -5.41147358035E-07
 -4.58196211639E-07
 -3.72158837081E-07
 -2.83511781163E-07
 -1.92751642203E-07
 -1.00391886804E-07
 -6.95881485768E-09
  8.70121965590E-08
  1.80980649134E-07
  2.74404925449E-07
  3.66746121472E-07
  4.57472168591E-07
  5.46061357909E-07
  6.32006560863E-07
  7.14818099823E-07
  7.94027641859E-07
  8.69191239872E-07
  9.39892061069E-07
  1.00574334283E-06
  1.06639060959E-06
  1.12151349185E-06
  1.17082811357E-06
  1.21408788800E-06
  1.25108476823E-06
  1.28165061142E-06
  1.30565649670E-06
  1.32301374833E-06
  1.33367359467E-06
  1.33762603127E-06
  1.33489970722E-06
  1.32556090193E-06
  1.30971113776E-06
  1.28748672523E-06
  1.25905705772E-06
  1.22462142826E-06
  1.18440800634E-06
  1.13867133678E-06
  1.08769006602E-06
  1.03176387256E-06
  9.71212443801E-07
  9.06371440124E-07
  8.37591073832E-07
  7.65233494349E-07
  6.89670002885E-07
  6.11279517670E-07
  5.30445845470E-07
  4.47555891014E-07
  3.62997610637E-07
  2.77158335393E-07
  1.90423179447E-07
  1.03173370292E-07
  1.57851243188E-08
 -7.13716019618E-08
 -1.57934152867E-07
 -2.43547958689E-07
 -3.27867383021E-07
 -4.10556282304E-07
 -4.91288460580E-07
 -5.69748181078E-07
 -6.45630223062E-07
 -7.18640706054E-07
 -7.88496663517E-07
 -8.54926440752E-07
 -9.17670092804E-07
 -9.76479100245E-07
 -1.03111733551E-06
 -1.08135998289E-06
 -1.12699535748E-06
 -1.16782427995E-06
 -1.20366064493E-06
 -1.23433187582E-06
 -1.25968006159E-06
 -1.27956195684E-06
 -1.29385023229E-06
 -1.30243381591E-06
 -1.30521971187E-06
 -1.30213311422E-06
 -1.29311911223E-06
 -1.27814394091E-06
 -1.25719532207E-06
 -1.23028462440E-06
 -1.19744811400E-06
 -1.15874718176E-06
 -1.11427038973E-06
 -1.06413449430E-06
 -1.00848467355E-06
 -9.47496687331E-07
 -8.81376308826E-07
 -8.10360631931E-07
 -7.34718241802E-07
 -6.54749214846E-07
 -5.70785118725E-07
 -4.83188671296E-07
 -3.92352802692E-07
 -2.98699916357E-07
 -2.02680581651E-07
 -1.04771771703E-07
 -5.47502398973E-09
  9.46858165207E-08
  1.95167231709E-07
  2.95408966622E-07
  3.94837059048E-07
  4.92867570756E-07
  5.88910324950E-07
  6.82372672145E-07
  7.72663895532E-07
  8.59199815295E-07
  9.41406824495E-07
  1.01872694813E-06
  1.09062239062E-06
  1.15658053801E-06
  1.21611776649E-06
  1.26878535411E-06
  1.31417300508E-06
  1.35191351092E-06
  1.38168672947E-06
  1.40322333664E-06
  1.41630880535E-06
  1.42078533827E-06
  1.41655630159E-06
  1.40358633871E-06
  1.38190534926E-06
  1.35160757964E-06
  1.31285412408E-06
  1.26587133309E-06
  1.21095195027E-06
  1.14845295229E-06
  1.07879350253E-06
  1.00245426893E-06
  9.19972535485E-07
  8.31939985346E-07
  7.38998153338E-07
  6.41833878490E-07
  5.41174131286E-07
  4.37780414586E-07
  3.32442880335E-07
  2.25973764145E-07
  1.19200684878E-07
  1.29597665932E-08
 -9.19116089904E-08
 -1.94582113977E-07
 -2.94233785780E-07
 -3.90069402556E-07
 -4.81319830214E-07
 -5.67251049688E-07
 -6.47171077617E-07
 -7.20436503343E-07
 -7.86458940638E-07
 -8.44710484671E-07
 -8.94729282663E-07
 -9.36124081363E-07
 -9.68578547145E-07
 -9.91854676613E-07
 -1.00579518403E-06
 -1.01032617295E-06
 -1.00545798887E-06
 -9.91285787677E-07
 -9.67988853517E-07
 -9.35830257731E-07
 -8.95153959846E-07
 -8.46382761210E-07
 -7.90014269114E-07
 -7.26616974589E-07
 -6.56824909129E-07
 -5.81332358252E-07
 -5.00886983446E-07
 -4.16283484128E-07
 -3.28355980628E-07
 -2.37969970840E-07
 -1.46014542679E-07
 -5.33936415081E-08
  3.89825913771E-08
  1.30206572635E-07
  2.19382101818E-07
  3.05633193420E-07
  3.88112653127E-07
  4.66010476430E-07
  5.38562005659E-07
  6.05055390679E-07
  6.64839149067E-07
  7.17328475730E-07
  7.62011325151E-07
  7.98453868356E-07
  8.26305040391E-07
  8.45299950925E-07
  8.55263408539E-07
  8.56111512348E-07
  8.47852959396E-07
  8.30589215184E-07
  8.04514002084E-07
  7.69911366660E-07
  7.27153235403E-07
  6.76696060964E-07
  6.19076558905E-07
  5.54906307570E-07
  4.84866177430E-07
  4.09699339343E-07
  3.30204272814E-07
  2.47226779493E-07
  1.61651527719E-07
  7.43932702107E-08
 -1.36122890737E-08
 -1.01417953147E-07
 -1.88074594121E-07
 -2.72640789944E-07
 -3.54192508212E-07
 -4.31832347658E-07
 -5.04699073645E-07
 -5.71976215724E-07
 -6.32901048903E-07
 -6.86771954861E-07
 -7.32956323191E-07
 -7.70897258917E-07
 -8.00119266842E-07
 -8.20233822196E-07
 -8.30943690744E-07
 -8.32046168853E-07
 -8.23435811981E-07
 -8.05106196822E-07
 -7.77149864462E-07
 -7.39758661439E-07
 -6.93221693382E-07
 -6.37923562863E-07
 -5.74340333515E-07
 -5.03035664678E-07
 -4.24655723918E-07
 -3.39922706871E-07
 -2.49628584470E-07
 -1.54627102233E-07
 -5.58258683725E-08
  4.58223858857E-08
  1.49329139276E-07
  2.53679615980E-07
  3.57842623089E-07
  4.60780796629E-07
  5.61460694826E-07
  6.58862916225E-07
  7.51992274672E-07
  8.39887775328E-07
  9.21631794881E-07
  9.96359744931E-07
  1.06326842797E-06
  1.12162388177E-06
  1.17076945116E-06
  1.21013204080E-06
  1.23922825424E-06
  1.25766871406E-06
  1.26516317778E-06
  1.26152315261E-06
  1.24666405554E-06
  1.22060657759E-06
  1.18347622902E-06
  1.13550368042E-06
  1.07702146579E-06
  1.00846204987E-06
  9.30353508011E-07
  8.43314978738E-07
  7.48050752009E-07
  6.45343959604E-07
  5.36049242328E-07
  4.21084678237E-07
  3.01423369820E-07
  1.78084192726E-07
  5.21224094996E-08
 -7.53803632847E-08
 -2.03326251835E-07
 -3.30611442223E-07
 -4.56136518778E-07
 -5.78816752750E-07
 -6.97592270171E-07
 -8.11437928405E-07
 -9.19372951103E-07
 -1.02046999473E-06
 -1.11386384560E-06
 -1.19875915061E-06
 -1.27443797737E-06
 -1.34026629439E-06
 -1.39569999646E-06
 -1.44028922477E-06
 -1.47368291437E-06
 -1.49563140894E-06
 -1.50598884829E-06
 -1.50471396410E-06
 -1.49187019360E-06
 -1.46762545228E-06
 -1.43224895055E-06
 -1.38610937483E-06
 -1.32967090849E-06
 -1.26348811591E-06
 -1.18820116768E-06
 -1.10452879198E-06
 -1.01326202184E-06
 -9.15256123335E-07
 -8.11422239622E-07
 -7.02719034962E-07
 -5.90143542922E-07
 -4.74721446153E-07
 -3.57497896175E-07
 -2.39527224721E-07
 -1.21863664049E-07
 -5.55117418699E-09
  1.08385904696E-07
  2.18952308728E-07
  3.25190853800E-07
  4.26191007818E-07
  5.21097035744E-07
  6.09115602401E-07
  6.89522607900E-07
  7.61669411986E-07
  8.24988262593E-07
  8.78997241216E-07
  9.23303673517E-07
  9.57607539931E-07
  9.81703010439E-07
  9.95480263555E-07
  9.98925543172E-07
  9.92120249066E-07
  9.75239686341E-07
  9.48550678004E-07
  9.12408665954E-07
  8.67252992975E-07
  8.13602866856E-07
  7.52051505515E-07
  6.83260282131E-07
  6.07951790244E-07
  5.26902795173E-07
  4.40936844370E-07
  3.50915797753E-07
  2.57731926467E-07
  1.62299230055E-07
  6.55449952092E-08
 -3.15990007493E-08
 -1.28205044803E-07
 -2.23357957907E-07
 -3.16163436764E-07
 -4.05756026112E-07
 -4.91306877848E-07
 -5.72030842250E-07
 -6.47193530767E-07
 -7.16117369848E-07
 -7.78187370543E-07
 -8.32856017041E-07
 -8.79647927832E-07
 -9.18163266306E-07
 -9.48080810304E-07
 -9.69160169006E-07
 -9.81243147180E-07
 -9.84254370451E-07
 -9.78201342150E-07
 -9.63173420132E-07
 -9.39340566219E-07
 -9.06950674562E-07
 -8.66326672622E-07
 -8.17863394786E-07
 -7.62022636991E-07
 -6.99328893461E-07
 -6.30363956589E-07
 -5.55761005216E-07
 -4.76198835031E-07
 -3.92395037352E-07
 -3.05099462139E-07
 -2.15087240463E-07
 -1.23151693288E-07
 -3.00971478850E-08
  6.32681960155E-08
  1.56139392971E-07
  2.47721800406E-07
  3.37237821668E-07
  4.23933471438E-07
  5.07084848778E-07
  5.86004034631E-07
  6.60044349843E-07
  7.28605982658E-07
  7.91140337242E-07
  8.47154240091E-07
  8.96213464330E-07
  9.37946083468E-07
  9.72044631453E-07
  9.98267978503E-07
  1.01644309325E-06
  1.02646504274E-06
  1.02829744719E-06
  1.02197225260E-06
  1.00758791177E-06
  9.85308474810E-07
  9.55360974331E-07
  9.18032981190E-07
  8.73669364410E-07
  8.22668539513E-07
  7.65478887388E-07
  7.02593865753E-07
  6.34547632217E-07
  5.61910326269E-07
  4.85282271256E-07
  4.05289029004E-07
  3.22575829159E-07
  2.37801998537E-07
  1.51635248358E-07
  6.47461888548E-08
 -2.21972715764E-08
 -1.08535367360E-07
 -1.93621715994E-07
 -2.76828416190E-07
 -3.57551044772E-07
 -4.35212939465E-07
 -5.09269796112E-07
 -5.79213633500E-07
 -6.44575777642E-07
 -7.04931210294E-07
 -7.59900103731E-07
 -8.09151174508E-07
 -8.52403047702E-07
 -8.89426075901E-07
 -9.20043248698E-07
 -9.44130761127E-07
 -9.61618070505E-07
 -9.72487896433E-07
 -9.76775368144E-07
 -9.74566546574E-07
 -9.65997401181E-07
 -9.51251308834E-07
 -9.30557291667E-07
 -9.04186947537E-07
 -8.72451437317E-07
 -8.35698699575E-07
 -7.94309585217E-07
 -7.48693992136E-07
 -6.99287454609E-07
 -6.46546538974E-07
 -5.90944978285E-07
 -5.32969238520E-07
 -4.73114454280E-07
 -4.11879796047E-07
 -3.49764462726E-07
 -2.87263162591E-07
 -2.24862375831E-07
 -1.63035963396E-07
 -1.02241529021E-07
 -4.29168487415E-08
  1.45237128990E-08
  6.96922697330E-08
  1.22230360944E-07
  1.71811507244E-07
  2.18143625830E-07
  2.60970807631E-07
  3.00075157611E-07
  3.35277889008E-07
  3.66440389143E-07
  3.93464688386E-07
  4.16293630678E-07
  4.34910845115E-07
  4.49340006980E-07
  4.59644127204E-07
  4.65924273385E-07
  4.68317921332E-07
  4.66997335025E-07
  4.62167122350E-07
  4.54062103472E-07
  4.42944298129E-07
  4.29100367683E-07
  4.12838318198E-07
  3.94484260369E-07
  3.74379055756E-07
  3.52874735654E-07
  3.30331033638E-07
  3.07111662323E-07
  2.83580618543E-07
  2.60098744320E-07
  2.37019989413E-07
  2.14688043343E-07
  1.93432967421E-07
  1.73567897832E-07
  1.55386146616E-07
  1.39158274237E-07
  1.25129517414E-07
  1.13517501177E-07
  1.04510064602E-07
  9.82636123581E-08
  9.49015301899E-08
  9.45131191088E-08
  9.71527285287E-08
  1.02839337046E-07
  1.11556374804E-07
  1.23251950868E-07
  1.37839450076E-07
  1.55198307539E-07
  1.75175401296E-07
  1.97586388140E-07
  2.22217707346E-07
  2.48828627036E-07
  2.77153532124E-07
  3.06904780700E-07
  3.37775247772E-07
  3.69441579551E-07
  4.01567206154E-07
  4.33805780631E-07
  4.65804447458E-07
  4.97207452099E-07
  5.27659551608E-07
  5.56809311547E-07
  5.84313056606E-07
  6.09837627508E-07
  6.33064246358E-07
  6.53691131447E-07
  6.71436737321E-07
  6.86042596953E-07
  6.97275652328E-07
  7.04930698703E-07
  7.08832317287E-07
  7.08836637386E-07
  7.04833041709E-07
  6.96744734796E-07
  6.84529936734E-07
  6.68182394747E-07
  6.47731269510E-07
  6.23240623554E-07
  5.94809819177E-07
  5.62571528917E-07
  5.26691167124E-07
  4.87365184654E-07
  4.44819363565E-07
  3.99306486543E-07
  3.51104262108E-07
  3.00512681406E-07
  2.47851289714E-07
  1.93456187958E-07
  1.37677091061E-07
  8.08741091873E-08
  2.34145733913E-08
 -3.43303199202E-08
 -9.19886957718E-08
 -1.49191322407E-07
 -2.05574707479E-07
 -2.60784275952E-07
 -3.14477290431E-07
 -3.66325707546E-07
 -4.16018735905E-07
 -4.63265337203E-07
 -5.07796471538E-07
 -5.49366916403E-07
 -5.87757085668E-07
 -6.22774280146E-07
 -6.54254108667E-07
 -6.82060942836E-07
 -7.06088712832E-07
 -7.26261021100E-07
 -7.42530971820E-07
 -7.54881170906E-07
 -7.63322418607E-07
 -7.67893595821E-07
 -7.68659731420E-07
 -7.65711149597E-07
 -7.59161480346E-07
 -7.49146011003E-07
 -7.35819753572E-07
 -7.19354943612E-07
 -6.99939448623E-07
 -6.77773869029E-07
 -6.53069378131E-07
 -6.26045334684E-07
 -5.96927065999E-07
 -5.65942912090E-07
 -5.33322861429E-07
 -4.99295424561E-07
 -4.64086298280E-07
 -4.27915864520E-07
 -3.90997826116E-07
 -3.53537387809E-07
 -3.15729892009E-07
 -2.77759625078E-07
 -2.39798993107E-07
 -2.02007612415E-07
 -1.64531783753E-07
 -1.27504392822E-07
 -9.10446615876E-08
 -5.52584857871E-08
 -2.02387067105E-08
  1.39342564154E-08
  4.71916408173E-08
  7.94754129174E-08
  1.10737190084E-07
  1.40937004289E-07
  1.70042028458E-07
  1.98025176701E-07
  2.24863669018E-07
  2.50537624424E-07
  2.75028611441E-07
  2.98318155956E-07
  3.20386561725E-07
  3.41211489285E-07
  3.60766904350E-07
  3.79022139896E-07
  3.95940958242E-07
  4.11480954199E-07
  4.25592958209E-07
  4.38220979504E-07
  4.49302092420E-07
  4.58766493239E-07
  4.66538239152E-07
  4.72535475637E-07
  4.76671743854E-07
  4.78856691188E-07
  4.78997776554E-07
  4.77001435684E-07
  4.72774928539E-07
  4.66228158302E-07
  4.57275632471E-07
  4.45838509222E-07
  4.31846871152E-07
  4.15241771634E-07
  3.95977536982E-07
  3.74023898075E-07
  3.49368207253E-07
  3.22017427834E-07
  2.92000066793E-07
  2.59367908484E-07
  2.24197634680E-07
  1.86592103546E-07
  1.46681401247E-07
  1.04623751440E-07
  6.06058918606E-08
  1.48432590663E-08
 -3.24201856472E-08
 -8.09125424439E-08
 -1.30334896653E-07
 -1.80362619062E-07
 -2.30647046351E-07
 -2.80817630482E-07
 -3.30484169808E-07
 -3.79239907033E-07
 -4.26664342967E-07
 -4.72326831868E-07
 -5.15790191002E-07
 -5.56614907055E-07
 -5.94362973061E-07
 -6.28602549568E-07
 -6.58912256313E-07
 -6.84885890223E-07
 -7.06137200268E-07
 -7.22303866496E-07
 -7.33053013846E-07
 -7.38084736440E-07
 -7.37137099804E-07
 -7.29989835691E-07
 -7.16467980055E-07
 -6.96445852100E-07
 -6.69849725909E-07
 -6.36660672626E-07
 -5.96916947870E-07
 -5.50715697045E-07
 -4.98213864830E-07
 -4.39629445737E-07
 -3.75241199890E-07
 -3.05388283550E-07
 -2.30469368034E-07
 -1.50940607568E-07
 -6.73137279250E-08
  1.98471283852E-08
  1.09928713243E-07
  2.02272786964E-07
  2.96180616033E-07
  3.90918131643E-07
  4.85721386667E-07
  5.79802588163E-07
  6.72356520681E-07
  7.62566855883E-07
  8.49613627452E-07
  9.32679881771E-07
  1.01095929494E-06
  1.08366316454E-06
  1.15002831080E-06
  1.20932338632E-06
  1.26085694774E-06
  1.30398416331E-06
  1.33811306569E-06
  1.36271125939E-06
  1.37731137784E-06
  1.38151654028E-06
  1.37500603614E-06
  1.35753828090E-06
  1.32895536353E-06
  1.28918600240E-06
  1.23824690945E-06
  1.17624517770E-06
  1.10337873593E-06
  1.01993634871E-06
  9.26296365833E-07
  8.22925187549E-07
  7.10375275048E-07
  5.89281171415E-07
  4.60356005760E-07
  3.24386491002E-07
  1.82227594792E-07
  3.47963968750E-08
 -1.16934600669E-07
 -2.71944685437E-07
 -4.29172786198E-07
 -5.87525391893E-07
 -7.45885358810E-07
 -9.03120394469E-07
 -1.05809237994E-06
 -1.20966626582E-06
 -1.35671893986E-06
 -1.49814923134E-06
 -1.63288552812E-06
 -1.75989646323E-06
 -1.87819728126E-06
 -1.98685961550E-06
 -2.08501842280E-06
 -2.17187948692E-06
 -2.24672658078E-06
 -2.30892601394E-06
 -2.35793299908E-06
 -2.39329733631E-06
 -2.41466523221E-06
 -2.42178384724E-06
 -2.41450243266E-06
 -2.39277460423E-06
 -2.35665902437E-06
 -2.30631826525E-06
 -2.24201789933E-06
 -2.16412536247E-06
 -2.07310517908E-06
 -1.96951759790E-06
 -1.85401245290E-06
 -1.72732450210E-06
 -1.59026853908E-06
 -1.44373109379E-06
 -1.28866520299E-06
 -1.12608222480E-06
 -9.57043312155E-07
 -7.82651909503E-07
 -6.04044885222E-07
 -4.22383777732E-07
 -2.38845501599E-07
 -5.46137606250E-08
  1.29130270921E-07
  3.11216666660E-07
  4.90495608574E-07
  6.65845789172E-07
  8.36182778130E-07
  1.00046668194E-06
  1.15770944831E-06
  1.30698208523E-06
  1.44742102748E-06
  1.57823285463E-06
  1.69870088484E-06
  1.80818858553E-06
  1.90614377971E-06
  1.99210148821E-06
  2.06568574868E-06
  2.12661234400E-06
  2.17468823394E-06
  2.20981246457E-06
  2.23197525884E-06
  2.24125619752E-06
  2.23782285502E-06
  2.22192738875E-06
  2.19390381062E-06
  2.15416253013E-06
  2.10318876270E-06
  2.04153434424E-06
  1.96981432055E-06
  1.88870046713E-06
  1.79891492280E-06
  1.70122427789E-06
  1.59643263942E-06
  1.48537537825E-06
  1.36891094371E-06
  1.24791586131E-06
  1.12327620627E-06
  9.95881919152E-07
  8.66619473072E-07
  7.36366189358E-07
  6.05983075275E-07
  4.76309821806E-07
  3.48158721408E-07
  2.22309580522E-07
  9.95049589392E-08
 -1.95542479986E-08
 -1.34212697844E-07
 -2.43864093363E-07
 -3.47954056679E-07
 -4.45982720976E-07
 -5.37506537057E-07
 -6.22139793904E-07
 -6.99555585015E-07
 -7.69486234731E-07
 -8.31723241390E-07
 -8.86116993115E-07
 -9.32575460411E-07
 -9.71063172983E-07
 -1.00159945760E-06
 -1.02425610748E-06
 -1.03915522232E-06
 -1.04646653654E-06
 -1.04640366771E-06
 -1.03922229755E-06
 -1.02521528333E-06
 -1.00470992948E-06
 -9.78064463197E-07
 -9.45663373386E-07
 -9.07914454729E-07
 -8.65244828674E-07
 -8.18096850708E-07
 -7.66924244999E-07
 -7.12189148544E-07
 -6.54357791063E-07
 -5.93897425460E-07
 -5.31273258275E-07
 -4.66944726440E-07
 -4.01363337232E-07
 -3.34969485039E-07
 -2.68190234465E-07
 -2.01436918701E-07
 -1.35103292109E-07
 -6.95637538684E-08
 -5.17173370795E-09
  5.77414702718E-08
  1.18867731658E-07
  1.77922956368E-07
  2.34647572483E-07
  2.88806973003E-07
  3.40191576242E-07
  3.88616797409E-07
  4.33922963339E-07
  4.75974701430E-07
  5.14660541739E-07
  5.49892263280E-07
  5.81603899263E-07
  6.09751225511E-07
  6.34310197256E-07
  6.55276664929E-07
  6.72664327794E-07
  6.86504392888E-07
  6.96843983405E-07
  7.03744774455E-07
  7.07282310941E-07
  7.07544415945E-07
  7.04629940174E-07
  6.98647738773E-07
  6.89715761837E-07
  6.77959462791E-07
  6.63511116272E-07
  6.46508738100E-07
  6.27095118944E-07
  6.05416914823E-07
  5.81623737617E-07
  5.55867529783E-07
  5.28301768554E-07
  4.99080556438E-07
  4.68358535954E-07
  4.36289667505E-07
  4.03027087259E-07
  3.68722680832E-07
  3.33526287477E-07
  2.97585614817E-07
  2.61045613570E-07
  2.24048349651E-07
  1.86732478369E-07
  1.49233102320E-07
  1.11681337955E-07
  7.42042232105E-08
  3.69243196019E-08
 -4.04211455973E-11
 -3.65769174948E-08
 -7.25771798216E-08
 -1.07938404881E-07
 -1.42563308714E-07
 -1.76360146042E-07
 -2.09242955407E-07
 -2.41131601797E-07
 -2.71952046660E-07
 -3.01636276845E-07
 -3.30122446712E-07
 -3.57355020242E-07
 -3.83284628924E-07
 -4.07868213870E-07
 -4.31068940543E-07
 -4.52856198763E-07
 -4.73205403750E-07
 -4.92097967708E-07
 -5.09521214553E-07
 -5.25467953594E-07
 -5.39936536370E-07
 -5.52930430331E-07
 -5.64457820929E-07
 -5.74531668462E-07
 -5.83169196489E-07
 -5.90391096011E-07
 -5.96221923388E-07
 -6.00688963459E-07
 -6.03822286394E-07
 -6.05654122410E-07
 -6.06218179655E-07
 -6.05549871580E-07
 -6.03685066380E-07
 -6.00660257533E-07
 -5.96511824824E-07
 -5.91275920669E-07
 -5.84987844832E-07
 -5.77681703362E-07
 -5.69390408600E-07
 -5.60145224426E-07
 -5.49975709419E-07
 -5.38909034731E-07
 -5.26970836745E-07
 -5.14184193889E-07
 -5.00570365602E-07
 -4.86148451273E-07
 -4.70935788144E-07
 -4.54947837625E-07
 -4.38198696884E-07
 -4.20701354642E-07
 -4.02467890126E-07
 -3.83510069923E-07
 -3.63839660622E-07
 -3.43468826713E-07
 -3.22410926401E-07
 -3.00680738974E-07
 -2.78295118505E-07
 -2.55273533867E-07
 -2.31638580317E-07
 -2.07416533726E-07
 -1.82637890589E-07
 -1.57337780138E-07
 -1.31556404881E-07
 -1.05339495349E-07
 -7.87385303624E-08
 -5.18110958581E-08
 -2.46210714039E-08
  2.76129874521E-09
  3.02593399226E-08
  5.77900252097E-08
  8.52641051097E-08
  1.12586384660E-07
  1.39656037845E-07
  1.66367073007E-07
  1.92608865746E-07
  2.18266805518E-07
  2.43223013285E-07
  2.67357137318E-07
  2.90547291115E-07
  3.12670977110E-07
  3.33606152481E-07
  3.53232309180E-07
  3.71431639223E-07
  3.88089944181E-07
  4.03098283641E-07
  4.16353685750E-07
  4.27760710409E-07
  4.37232245076E-07
  4.44691011126E-07
  4.50070189117E-07
  4.53314811466E-07
  4.54382558246E-07
  4.53244382470E-07
  4.49885618536E-07
  4.44306238023E-07
  4.36521474967E-07
  4.26562280609E-07
  4.14475294974E-07
  4.00323074246E-07
  3.84183806545E-07
  3.66151226672E-07
  3.46334047663E-07
  3.24855392364E-07
  3.01852082885E-07
  2.77473532151E-07
  2.51881033364E-07
  2.25246139962E-07
  1.97749614017E-07
  1.69579820408E-07
  1.40931177839E-07
  1.12002538799E-07
  8.29953279435E-08
  5.41118545527E-08
  2.55533603166E-08
 -2.48176723616E-09
 -2.97999456222E-08
 -5.62142119520E-08
 -8.15460623471E-08
 -1.05627201208E-07
 -1.28301252289E-07
 -1.49425261498E-07
 -1.68871281403E-07
 -1.86527572055E-07
 -2.02299830221E-07
 -2.16112155726E-07
 -2.27907904105E-07
 -2.37650297663E-07
 -2.45322723913E-07
 -2.50929048207E-07
 -2.54493528473E-07
 -2.56060559423E-07
 -2.55694203588E-07
 -2.53477452361E-07
 -2.49511288075E-07
 -2.43913575559E-07
 -2.36817740529E-07
 -2.28371149547E-07
 -2.18733461566E-07
 -2.08074709462E-07
 -1.96573338940E-07
 -1.84414048476E-07
 -1.71785487169E-07
 -1.58878080470E-07
 -1.45881600133E-07
 -1.32982791001E-07
 -1.20362969369E-07
 -1.08195827409E-07
 -9.66449889006E-08
 -8.58619344513E-08
 -7.59839338116E-08
 -6.71320492529E-08
 -5.94094728967E-08
 -5.28999137828E-08
 -4.76662513904E-08
 -4.37494378502E-08
 -4.11676310819E-08
 -3.99155872799E-08
 -3.99643411697E-08
 -4.12611917966E-08
 -4.37299405576E-08
 -4.72714596356E-08
 -5.17645482034E-08
 -5.70670657396E-08
 -6.30173602190E-08
 -6.94359982845E-08
 -7.61276695016E-08
 -8.28834387789E-08
 -8.94831728715E-08
 -9.56981125455E-08
 -1.01293728960E-07
 -1.06032622682E-07
 -1.09677571913E-07
 -1.11994722829E-07
 -1.12756680437E-07
 -1.11745784181E-07
 -1.08757191697E-07
 -1.03602047830E-07
 -9.61104618113E-08
 -8.61343636416E-08
 -7.35502396765E-08
 -5.82615733435E-08
 -4.02011508527E-08
 -1.93330489395E-08
  4.34571445496E-09
  3.08037684249E-08
  5.99743756879E-08
  9.17547637869E-08
  1.26005872403E-07
  1.62552424854E-07
  2.01183453896E-07
  2.41653197008E-07
  2.83682453528E-07
  3.26960247321E-07
  3.71146057887E-07
  4.15871937776E-07
  4.60745923192E-07
  5.05354705638E-07
  5.49267326733E-07
  5.92038929881E-07
  6.33214710888E-07
  6.72334351748E-07
  7.08935942839E-07
  7.42561098832E-07
  7.72758994572E-07
  7.99091708359E-07
  8.21138030460E-07
  8.38498749545E-07
  8.50800859098E-07
  8.57701877521E-07
  8.58894168232E-07
  8.54108634485E-07
  8.43118641569E-07
  8.25742972665E-07
  8.01849353138E-07
  7.71356212681E-07
  7.34235698019E-07
  6.90514582402E-07
  6.40275800379E-07
  5.83659357289E-07
  5.20862045050E-07
  4.52137527418E-07
  3.77795032591E-07
  2.98198443716E-07
  2.13763897250E-07
  1.24957665548E-07
  3.22931050789E-08
 -6.36727932601E-08
 -1.62343198440E-07
 -2.63085752295E-07
 -3.65237269762E-07
 -4.68108652285E-07
 -5.70990323467E-07
 -6.73157842357E-07
 -7.73877445681E-07
 -8.72412158515E-07
 -9.68027961790E-07
 -1.05999947664E-06
 -1.14761667191E-06
 -1.23019037801E-06
 -1.30705836909E-06
 -1.37759082008E-06
 -1.44119655943E-06
 -1.49732773025E-06
 -1.54548433784E-06
 -1.58521982030E-06
 -1.61614411809E-06
 -1.63792833519E-06
 -1.65030655808E-06
 -1.65308028954E-06
 -1.64611867604E-06
 -1.62936157722E-06
 -1.60281945227E-06
 -1.56657426942E-06
 -1.52077905113E-06
 -1.46565685100E-06
 -1.40150007155E-06
 -1.32866716740E-06
 -1.24758128095E-06
 -1.15872637707E-06
 -1.06264371880E-06
 -9.59927774602E-07
 -8.51221898301E-07
 -7.37212872082E-07
 -6.18625961124E-07
 -4.96218945045E-07
 -3.70776461978E-07
 -2.43103642106E-07
 -1.14020060948E-07
  1.56468686896E-08
  1.45068227653E-07
  2.73420027952E-07
  3.99889472646E-07
  5.23681421782E-07
  6.44024225949E-07
  7.60175510095E-07
  8.71428085247E-07
  9.77114495981E-07
  1.07661276161E-06
  1.16935007100E-06
  1.25480710267E-06
  1.33252149226E-06
  1.40209067467E-06
  1.46317529470E-06
  1.51549932070E-06
  1.55885379627E-06
  1.59309570336E-06
  1.61814921285E-06
  1.63400557085E-06
  1.64072162079E-06
  1.63841878020E-06
  1.62728179021E-06
  1.60755507750E-06
  1.57954104907E-06
  1.54359668159E-06
  1.50012886024E-06
  1.44959199133E-06
  1.39248209052E-06
  1.32933348596E-06
  1.26071256545E-06
  1.18721447961E-06
  1.10945575216E-06
  1.02807109670E-06
  9.43706766066E-07
  8.57015493239E-07
  7.68651318594E-07
  6.79264303471E-07
  5.89495471104E-07
  4.99971690715E-07
  4.11301186887E-07
  3.24069162616E-07
  2.38833280264E-07
  1.56120194106E-07
  7.64217205074E-08
  1.91922699955E-10
 -7.21557995575E-08
 -1.40250975278E-07
 -2.03768081519E-07
 -2.62428073938E-07
 -3.15999358236E-07
 -3.64298699651E-07
 -4.07191208751E-07
 -4.44590455118E-07
 -4.76457557852E-07
 -5.02800673985E-07
 -5.23673179487E-07
 -5.39172447134E-07
 -5.49437402242E-07
 -5.54646476303E-07
 -5.55014992187E-07
 -5.50792208287E-07
 -5.42258135283E-07
 -5.29720693976E-07
 -5.13511849931E-07
 -4.93984089189E-07
 -4.71507348720E-07
 -4.46464497372E-07
 -4.19248266326E-07
 -3.90257241634E-07
 -3.59892226243E-07
 -3.28552687279E-07
 -2.96633231756E-07
 -2.64520167548E-07
 -2.32588320159E-07
 -2.01197977390E-07
 -1.70691933477E-07
 -1.41392931141E-07
 -1.13601146268E-07
 -8.75920562748E-08
 -6.36144577015E-08
 -4.18888426168E-08
 -2.26059473363E-08
 -5.92569504576E-09
  8.02367861041E-09
  1.91461726473E-08
  2.73782916338E-08
  3.26890443603E-08
  3.50796760529E-08
  3.45831310256E-08
  3.12632657540E-08
  2.52138061541E-08
  1.65570828159E-08
  5.44256995028E-09
 -7.95482346660E-09
 -2.34366144269E-08
 -4.07827869253E-08
 -5.97539937530E-08
 -8.00938622092E-08
 -1.01531476560E-07
 -1.23783891581E-07
 -1.46558761571E-07
 -1.69556940932E-07
 -1.92475368976E-07
 -2.15009634985E-07
 -2.36856791958E-07
 -2.57717999830E-07
 -2.77301325013E-07
 -2.95324213084E-07
 -3.11516117790E-07
 -3.25620845842E-07
 -3.37399143291E-07
 -3.46630542936E-07
 -3.53115808593E-07
 -3.56678611979E-07
 -3.57167408538E-07
 -3.54456943796E-07
 -3.48449702869E-07
 -3.39077018907E-07
 -3.26300209963E-07
 -3.10111175850E-07
 -2.90532881309E-07
 -2.67619924443E-07
 -2.41458337769E-07
 -2.12165502944E-07
 -1.79889809715E-07
 -1.44809860103E-07
 -1.07133672600E-07
 -6.70975310868E-08
 -2.49645761841E-08
  1.89767561665E-08
  6.44145643491E-08
  1.11015495463E-07
  1.58426999519E-07
  2.06279736403E-07
  2.54190183568E-07
  3.01763350308E-07
  3.48595762034E-07
  3.94278401927E-07
  4.38399894165E-07
  4.80549772419E-07
  5.20321577824E-07
  5.57316411687E-07
  5.91146147144E-07
  6.21436868187E-07
  6.47831939204E-07
  6.69995586122E-07
  6.87615852257E-07
  7.00407383647E-07
  7.08115010184E-07
  7.10515905666E-07
  7.07422145751E-07
  6.98683436440E-07
  6.84188933064E-07
  6.63868945594E-07
  6.37696814465E-07
  6.05689820077E-07
  5.67910319660E-07
  5.24466315710E-07
  4.75511370723E-07
  4.21245033522E-07
  3.61911787650E-07
  2.97800511362E-07
  2.29242985483E-07
  1.56612543378E-07
  8.03218256351E-08
  8.20465473339E-10
 -8.14075633571E-08
 -1.65847040989E-07
 -2.51954958230E-07
 -3.39163989338E-07
 -4.26886771265E-07
 -5.14519740591E-07
 -6.01447993631E-07
 -6.87049293902E-07
 -7.70699500663E-07
 -8.51777144817E-07
 -9.29668090066E-07
 -1.00377110357E-06
 -1.07350240341E-06
 -1.13830071768E-06
 -1.19763228668E-06
 -1.25099506931E-06
 -1.29792408643E-06
 -1.33799460400E-06
 -1.37082736273E-06
 -1.39609130656E-06
 -1.41350767535E-06
 -1.42285239235E-06
 -1.42395913372E-06
 -1.41672160225E-06
 -1.40109443691E-06
 -1.37709491810E-06
 -1.34480399083E-06
 -1.30436592372E-06
 -1.25598785417E-06
 -1.19993933367E-06
 -1.13655039513E-06
 -1.06621018858E-06
 -9.89363684312E-07
 -9.06509455945E-07
 -8.18195587726E-07
 -7.25015979697E-07
 -6.27605913905E-07
 -5.26637279563E-07
 -4.22813258183E-07
 -3.16862980299E-07
 -2.09535812701E-07
 -1.01595176716E-07
  6.18746698322E-09
  1.13038986171E-07
  2.18190933765E-07
  3.20885845895E-07
  4.20383742039E-07
  5.15968167747E-07
  6.06952312410E-07
  6.92684977821E-07
  7.72555949879E-07
  8.46001512400E-07
  9.12508994588E-07
  9.71621716417E-07
  1.02294245607E-06
  1.06613720163E-06
  1.10093810690E-06
  1.12714587885E-06
  1.14463148293E-06
  1.15333762096E-06
  1.15327827643E-06
  1.14454030609E-06
  1.12728093882E-06
  1.10172777568E-06
  1.06817572032E-06
  1.02698516002E-06
  9.78578555078E-07
  9.23436175526E-07
  8.62092690568E-07
  7.95131541054E-07
  7.23180278328E-07
  6.46904766199E-07
  5.67002985008E-07
  4.84199347284E-07
  3.99237450210E-07
  3.12874021802E-07
  2.25871900739E-07
  1.38993172527E-07
  5.29924619741E-08
 -3.13898347315E-08
 -1.13434090565E-07
 -1.92447856762E-07
 -2.67771866902E-07
 -3.38785923759E-07
 -4.04914146657E-07
 -4.65630051849E-07
 -5.20460901043E-07
 -5.68991765704E-07
 -6.10868596596E-07
 -6.45801549126E-07
 -6.73566773912E-07
 -6.94007781021E-07
 -7.07037031589E-07
 -7.12635255695E-07
 -7.10851679742E-07
 -7.01802719050E-07
 -6.85670215717E-07
 -6.62699278564E-07
 -6.33194986221E-07
 -5.97519260737E-07
 -5.56086661163E-07
 -5.09360063461E-07
 -4.57845231949E-07
 -4.02086044460E-07
 -3.42658580621E-07
 -2.80165096456E-07
 -2.15228098455E-07
 -1.48483792373E-07
 -8.05758944011E-08
 -1.21491492422E-08
  5.61570345781E-08
  1.23714841038E-07
  1.89914103998E-07
  2.54168213587E-07
  3.15919578497E-07
  3.74644969270E-07
  4.29860250506E-07
  4.81124686758E-07
  5.28045177361E-07
  5.70279098611E-07
  6.07537458563E-07
  6.39587256046E-07
  6.66252617521E-07
  6.87416388701E-07
  7.03020077708E-07
  7.13063911917E-07
  7.17605985301E-07
  7.16760666819E-07
  7.10696724582E-07
  6.99634597368E-07
  6.83843779825E-07
  6.63638559217E-07
  6.39374150069E-07
  6.11442828813E-07
  5.80268476824E-07
  5.46301748727E-07
  5.10014729116E-07
  4.71895361898E-07
  4.32441964904E-07
  3.92157232909E-07
  3.51542837507E-07
  3.11093486971E-07
  2.71291639820E-07
  2.32602062056E-07
  1.95466583364E-07
  1.60299450158E-07
  1.27482763901E-07
  9.73624239009E-08
  7.02443401224E-08
  4.63913956139E-08
  2.60206221014E-08
  9.30109944619E-09
 -3.64770014194E-09
 -1.27569572683E-08
 -1.80089987367E-08
 -1.94371860829E-08
 -1.71252807490E-08
 -1.12061799840E-08
 -1.86016457793E-09
  1.06874180617E-08
  2.61689567793E-08
  4.42778542720E-08
  6.46722142505E-08
  8.69789644753E-08
  1.10798268338E-07
  1.35708248195E-07
  1.61269994692E-07
  1.87032711096E-07
  2.12538978417E-07
  2.37330098685E-07
  2.60951594555E-07
  2.82958325215E-07
  3.02920000195E-07
  3.20425954214E-07
  3.35090192038E-07
  3.46555907527E-07
  3.54499775312E-07
  3.58635844577E-07
  3.58719148608E-07
  3.54548575388E-07
  3.45969596083E-07
  3.32876396669E-07
  3.15213299018E-07
  2.92975983029E-07
  2.66211714006E-07
  2.35019641082E-07
  1.99549731406E-07
  1.60001917493E-07
  1.16624221391E-07
  6.97106088410E-08
  1.95982181594E-08
 -3.33358016746E-08
 -8.86779076836E-08
 -1.45982198774E-07
 -2.04774764256E-07
 -2.64558337904E-07
 -3.24817165165E-07
 -3.85022275395E-07
 -4.44636640395E-07
 -5.03120588746E-07
 -5.59937234357E-07
 -6.14557848166E-07
 -6.66467201427E-07
 -7.15168766874E-07
 -7.60189720950E-07
 -8.01086059710E-07
 -8.37446521018E-07
 -8.68897245709E-07
 -8.95105699783E-07
 -9.15783459732E-07
 -9.30690077894E-07
 -9.39635071973E-07
 -9.42479914556E-07
 -9.39139908951E-07
 -9.29585041831E-07
 -9.13840324301E-07
 -8.91985791895E-07
 -8.64156163516E-07
 -8.30539306662E-07
 -7.91374759501E-07
 -7.46951741348E-07
 -6.97606424183E-07
 -6.43718806259E-07
 -5.85709187817E-07
 -5.24034817317E-07
 -4.59184889223E-07
 -3.91676678646E-07
 -3.22050681234E-07
 -2.50865440421E-07
 -1.78692758368E-07
 -1.06112253206E-07
 -3.37062644462E-08
  3.79455364907E-08
  1.08271230204E-07
  1.76711878908E-07
  2.42726400757E-07
  3.05796334032E-07
  3.65430594229E-07
  4.21169318088E-07
  4.72588169487E-07
  5.19301750046E-07
  5.60966839203E-07
  5.97285122694E-07
  6.28005693670E-07
  6.52926814837E-07
  6.71897282700E-07
  6.84817507590E-07
  6.91640082096E-07
  6.92369440003E-07
  6.87061742610E-07
  6.75823685015E-07
  6.58811188714E-07
  6.36227525774E-07
  6.08320988249E-07
  5.75382387069E-07
  5.37742096185E-07
  4.95766528275E-07
  4.49854638873E-07
  4.00434061021E-07
  3.47957126223E-07
  2.92896345400E-07
  2.35740401422E-07
  1.76989331635E-07
  1.17150278811E-07
  5.67328370948E-08
 -3.75534314756E-09
 -6.38129762365E-08
 -1.22949387560E-07
 -1.80688658702E-07
 -2.36573413304E-07
 -2.90168685524E-07
 -3.41065259590E-07
 -3.88882682500E-07
 -4.33272333566E-07
 -4.73919641308E-07
 -5.10546499299E-07
 -5.42912800938E-07
 -5.70818201595E-07
 -5.94102743889E-07
 -6.12647511389E-07
 -6.26375481261E-07
 -6.35250614778E-07
 -6.39277971004E-07
 -6.38502740458E-07
 -6.33008824025E-07
 -6.22917696091E-07
 -6.08386187650E-07
 -5.89605008372E-07
 -5.66795847590E-07
 -5.40208986877E-07
 -5.10120685249E-07
 -4.76830166463E-07
 -4.40656492628E-07
 -4.01935380978E-07
 -3.61016191164E-07
 -3.18258230436E-07
 -2.74027826208E-07
 -2.28694787552E-07
 -1.82629278811E-07
 -1.36198664791E-07
 -8.97643559483E-08
 -4.36790017488E-08
  1.71638869784E-09
  4.60949927117E-08
  8.91466029884E-08
  1.30579834945E-07
  1.70124067722E-07
  2.07531229535E-07
  2.42577272047E-07
  2.75063342769E-07
  3.04816893504E-07
  3.31692262989E-07
  3.55571245336E-07
  3.76363260557E-07
  3.94005269300E-07
  4.08461573898E-07
  4.19723164669E-07
  4.27807208325E-07
  4.32755882684E-07
  4.34635325064E-07
  4.33534410149E-07
  4.29563073112E-07
  4.22850945370E-07
  4.13545421907E-07
  4.01810041240E-07
  3.87822353787E-07
  3.71772074459E-07
  3.53859093138E-07
  3.34291399895E-07
  3.13283010200E-07
  2.91052032253E-07
  2.67818620614E-07
  2.43803100375E-07
  2.19224006059E-07
  1.94296376321E-07
  1.69230020219E-07
  1.44227968235E-07
  1.19484894867E-07
  9.51859462361E-08
  7.15053403155E-08
  4.86053828297E-08
  2.66355346668E-08
  5.73157077355E-09
 -1.39850344638E-08
 -3.24076125935E-08
 -4.94446545929E-08
 -6.50200391306E-08
 -7.90730965150E-08
 -9.15585403050E-08
 -1.02446279016E-07
 -1.11721135454E-07
 -1.19382406183E-07
 -1.25443307297E-07
 -1.29930413095E-07
 -1.32882874482E-07
 -1.34351637371E-07
 -1.34398661089E-07
 -1.33095909405E-07
 -1.30524412612E-07
 -1.26773301190E-07
 -1.21938697362E-07
 -1.16122755855E-07
 -1.09432512829E-07
 -1.01978912426E-07
 -9.38756414826E-08
 -8.52381845107E-08
 -7.61828005125E-08
 -6.68254571679E-08
 -5.72809568666E-08
 -4.76620023449E-08
 -3.80783156118E-08
 -2.86358563528E-08
 -1.94360403327E-08
 -1.05750554980E-08
 -2.14321782543E-09
  5.77559822190E-09
  1.31044739504E-08
  1.97738838636E-08
  2.57220786892E-08
  3.08953964634E-08
  3.52484974542E-08
  3.87445453498E-08
  4.13553387091E-08
  4.30613340541E-08
  4.38516600809E-08
  4.37240323947E-08
  4.26846220591E-08
  4.07478992770E-08
  3.79363633840E-08
  3.42802870534E-08
  2.98173716828E-08
  2.45923672537E-08
  1.86566637694E-08
  1.20678391724E-08
  4.88916152008E-09
 -2.81092793486E-09
 -1.09593623066E-08
 -1.94790228392E-08
 -2.82893317660E-08
 -3.73068722581E-08
 -4.64460008232E-08
 -5.56195018930E-08
 -6.47392113251E-08
 -7.37166772069E-08
 -8.24638206609E-08
 -9.08935504640E-08
 -9.89204309576E-08
 -1.06461257587E-07
 -1.13435724813E-07
 -1.19767008755E-07
 -1.25382314309E-07
 -1.30213393845E-07
 -1.34197151169E-07
 -1.37276060741E-07
 -1.39398636634E-07
 -1.40519816227E-07
 -1.40601358112E-07
 -1.39612211569E-07
 -1.37528672894E-07
 -1.34334726454E-07
 -1.30022201006E-07
 -1.24590854966E-07
 -1.18048482989E-07
 -1.10410930176E-07
 -1.01702063660E-07
 -9.19536304878E-08
 -8.12051936805E-08
 -6.95038337994E-08
 -5.69039642073E-08
 -4.34669580329E-08
 -2.92608461905E-08
 -1.43598475333E-08
  1.15605913731E-09
  1.72016463296E-08
  3.36869803164E-08
  5.05180075550E-08
  6.75971492115E-08
  8.48239807283E-08
  1.02095839338E-07
  1.19308538160E-07
  1.36357087399E-07
  1.53136326730E-07
  1.69541721107E-07
  1.85470000247E-07
  2.00819798124E-07
  2.15492534039E-07
  2.29392853157E-07
  2.42429337050E-07
  2.54515242659E-07
  2.65568843361E-07
  2.75514196346E-07
  2.84281469476E-07
  2.91807424446E-07
  2.98035928381E-07
  3.02918181205E-07
  3.06413085127E-07
  3.08487358325E-07
  3.09115876007E-07
  3.08281755679E-07
  3.05976328718E-07
  3.02199310909E-07
  2.96958546642E-07
  2.90270151027E-07
  2.82158140408E-07
  2.72654318678E-07
  2.61798021484E-07
  2.49635888849E-07
  2.36221353589E-07
  2.21614371299E-07
  2.05881050874E-07
  1.89093071867E-07
  1.71327414478E-07
  1.52665663222E-07
  1.33193651664E-07
  1.13000872659E-07
  9.21800307196E-08
  7.08264522586E-08
  4.90376024231E-08
  2.69125646213E-08
  4.55152271428E-09
 -1.79446946191E-08
 -4.04751219207E-08
 -6.29390868312E-08
 -8.52366781601E-08
 -1.07269087835E-07
 -1.28939078081E-07
 -1.50151336697E-07
 -1.70812697320E-07
 -1.90832608382E-07
 -2.10123303646E-07
 -2.28600143259E-07
 -2.46181741659E-07
 -2.62790365468E-07
 -2.78351848237E-07
 -2.92796073609E-07
 -3.06056904265E-07
 -3.18072437722E-07
 -3.28785091597E-07
 -3.38141774137E-07
 -3.46093997905E-07
 -3.52597822939E-07
 -3.57614368340E-07
 -3.61109414371E-07
 -3.63053942465E-07
 -3.63424021543E-07
 -3.62200950121E-07
 -3.59371455261E-07
 -3.54927777835E-07
 -3.48867843059E-07
 -3.41195288911E-07
 -3.31919864038E-07
 -3.21057171959E-07
 -3.08629267920E-07
 -2.94664488365E-07
 -2.79197706732E-07
 -2.62270503981E-07
 -2.43931225441E-07
 -2.24235151336E-07
 -2.03244454156E-07
 -1.81028454449E-07
 -1.57663549771E-07
 -1.33233243105E-07
 -1.07828071805E-07
 -8.15456004943E-08
 -5.44902647448E-08
 -2.67732271908E-08
  1.48786793996E-09
  3.01691684967E-08
  5.91409552442E-08
  8.82680240011E-08
  1.17410188238E-07
  1.46422806324E-07
  1.75157282456E-07
  2.03461937076E-07
  2.31182539778E-07
  2.58163169065E-07
  2.84247136051E-07
  3.09277766064E-07
  3.33099421823E-07
  3.55558512410E-07
  3.76504573296E-07
  3.95791261099E-07
  4.13277462030E-07
  4.28828485610E-07
  4.42317116267E-07
  4.53624778629E-07
  4.62642589127E-07
  4.69272464443E-07
  4.73428229952E-07
  4.75036472380E-07
  4.74037676668E-07
  4.70386851248E-07
  4.64054551230E-07
  4.55027446833E-07
  4.43309033926E-07
  4.28919975093E-07
  4.11898639641E-07
  3.92301188867E-07
  3.70201888700E-07
  3.45692910741E-07
  3.18884275430E-07
  2.89903425710E-07
  2.58894971239E-07
  2.26019878369E-07
  1.91454773812E-07
  1.55391077783E-07
  1.18033945284E-07
  7.96010652948E-08
  4.03213142874E-08
  4.33380886733E-10
 -3.98158377379E-08
 -8.01728816668E-08
 -1.20379468171E-07
 -1.60174323582E-07
 -1.99295129732E-07
 -2.37480321630E-07
 -2.74471233297E-07
 -3.10014030447E-07
 -3.43861614738E-07
 -3.75775726980E-07
 -4.05528737701E-07
 -4.32905778780E-07
 -4.57706306634E-07
 -4.79745949633E-07
 -4.98858128140E-07
 -5.14895532433E-07
 -5.27731572220E-07
 -5.37261485078E-07
 -5.43403416486E-07
 -5.46099499843E-07
 -5.45316254374E-07
 -5.41045380942E-07
 -5.33303932571E-07
 -5.22134428138E-07
 -5.07604852373E-07
 -4.89808314796E-07
 -4.68862310754E-07
 -4.44908550890E-07
 -4.18111454792E-07
 -3.88657525718E-07
 -3.56753616870E-07
 -3.22625851368E-07
 -2.86517746417E-07
 -2.48688451165E-07
 -2.09410899288E-07
 -1.68969663150E-07
 -1.27658836391E-07
 -8.57797957110E-08
 -4.36388383207E-08
 -1.54485224613E-09
  4.01931075089E-08
  8.12682117157E-08
  1.21378249673E-07
  1.60228040613E-07
  1.97531676349E-07
  2.33014773698E-07
  2.66416748218E-07
  2.97492618984E-07
  3.26015168639E-07
  3.51776577645E-07
  3.74590058527E-07
  3.94291276962E-07
  4.10739801282E-07
  4.23819841444E-07
  4.33441300629E-07
  4.39540599473E-07
  4.42080761331E-07
  4.41051895450E-07
  4.36471140119E-07
  4.28382435302E-07
  4.16856067886E-07
  4.01988273779E-07
  3.83900044199E-07
  3.62736386705E-07
  3.38664989386E-07
  3.11874941872E-07
  2.82574973198E-07
  2.50992059136E-07
  2.17369404254E-07
  1.81964594503E-07
  1.45047479805E-07
  1.06898163210E-07
  6.78047769043E-08
  2.80612457715E-08
 -1.20349143984E-08
 -5.21848839696E-08
 -9.20907581303E-08
 -1.31457781549E-07
 -1.69996482668E-07
 -2.07424818655E-07
 -2.43470168471E-07
 -2.77871293974E-07
 -3.10380130486E-07
 -3.40763477880E-07
 -3.68804734308E-07
 -3.94305061491E-07
 -4.17084947912E-07
 -4.36985061469E-07
 -4.53867443184E-07
 -4.67616246169E-07
 -4.78138190374E-07
 -4.85363273128E-07
 -4.89244882829E-07
 -4.89759941047E-07
 -4.86908959374E-07
 -4.80715584672E-07
 -4.71226314858E-07
 -4.58510186263E-07
 -4.42657722033E-07
 -4.23780392111E-07
 -4.02009504796E-07
 -3.77495240400E-07
 -3.50405287008E-07
 -3.20923874142E-07
 -2.89250181140E-07
 -2.55596830812E-07
 -2.20188624667E-07
 -1.83260695508E-07
 -1.45057185819E-07
 -1.05829364827E-07
 -6.58341221538E-08
 -2.53322092192E-08
  1.54133683594E-08
  5.61390578468E-08
  9.65823687693E-08
  1.36483492952E-07
  1.75586876594E-07
  2.13642749713E-07
  2.50408589864E-07
  2.85650571641E-07
  3.19144845662E-07
  3.50678874383E-07
  3.80052682658E-07
  4.07079852494E-07
  4.31588603078E-07
  4.53422813962E-07
  4.72442792443E-07
  4.88526154641E-07
  5.01568308664E-07
  5.11483221999E-07
  5.18203705724E-07
  5.21682125054E-07
  5.21890228811E-07
  5.18819661011E-07
  5.12481847181E-07
  5.02908164890E-07
  4.90149659527E-07
  4.74276788509E-07
  4.55379364439E-07
  4.33565787716E-07
  4.08962847587E-07
  3.81714926334E-07
  3.51983317159E-07
  3.19945542060E-07
  2.85794328647E-07
  2.49736700653E-07
  2.11993011590E-07
  1.72795665776E-07
  1.32387995677E-07
  9.10229402962E-08
  4.89617448807E-08
  6.47246478636E-09
 -3.61714640462E-08
 -7.86927714103E-08
 -1.20811932902E-07
 -1.62248809943E-07
 -2.02724265819E-07
 -2.41961885195E-07
 -2.79689658100E-07
 -3.15641671023E-07
 -3.49559940105E-07
 -3.81195832233E-07
 -4.10311969290E-07
 -4.36683990301E-07
 -4.60101688304E-07
 -4.80371113554E-07
 -4.97315625125E-07
 -5.10777567797E-07
 -5.20619380495E-07
 -5.26725159489E-07
 -5.29001226823E-07
 -5.27377721937E-07
 -5.21809113252E-07
 -5.12274823450E-07
