 -3.43572310157E-07
 -3.39921285786E-07
 -3.35954581487E-07
 -3.31676687892E-07
 -3.27092436692E-07
 -3.22206972214E-07
 -3.17025637742E-07
 -3.11554202881E-07
 -3.05798579348E-07
 -2.99764963074E-07
 -2.93459777367E-07
 -2.86889530798E-07
 -2.80060959312E-07
 -2.72980855698E-07
 -2.65656240117E-07
 -2.58093990624E-07
 -2.50301241067E-07
 -2.42285040031E-07
 -2.34052365045E-07
 -2.25610321536E-07
 -2.16965815980E-07
 -2.08125783274E-07
 -1.99097016207E-07
 -1.89886193880E-07
 -1.80499881708E-07
 -1.70944559841E-07
 -1.61226495266E-07
 -1.51351883915E-07
 -1.41326708558E-07
 -1.31156866701E-07
 -1.20848099527E-07
 -1.10406048748E-07
 -9.98361926463E-08
 -8.91439597694E-08
 -7.83346791877E-08
 -6.74136231282E-08
 -5.63860815816E-08
 -4.52572805898E-08
 -3.40325243542E-08
 -2.27171685907E-08
 -1.13166818139E-08
  1.63333555014E-10
  1.17170886327E-08
  2.33385772930E-08
  3.50215252354E-08
  4.67593608278E-08
  5.85451687130E-08
  7.03716409589E-08
  8.22310539661E-08
  9.41152293876E-08
  1.06015477286E-07
  1.17922603238E-07
  1.29826844386E-07
  1.41717848123E-07
  1.53584664986E-07
  1.65415755760E-07
  1.77198884899E-07
  1.88921220001E-07
  2.00569274966E-07
  2.12128895782E-07
  2.23585360004E-07
  2.34923234643E-07
  2.46126575121E-07
  2.57178783158E-07
  2.68062791520E-07
  2.78760978745E-07
  2.89255268626E-07
  2.99527187053E-07
  3.09557890432E-07
  3.19328194109E-07
  3.28818799744E-07
  3.38010153200E-07
  3.46882586655E-07
  3.55416489128E-07
  3.63592278063E-07
  3.71390484588E-07
  3.78791980893E-07
  3.85777809697E-07
  3.92329582155E-07
  3.98429250481E-07
  4.04059449011E-07
  4.09203437357E-07
  4.13845299363E-07
  4.17969886257E-07
  4.21563015607E-07
  4.24611471317E-07
  4.27103174161E-07
  4.29027181781E-07
  4.30373802374E-07
  4.31134509427E-07
  4.31302254356E-07
  4.30871324397E-07
  4.29837456295E-07
  4.28197807878E-07
  4.25951157013E-07
  4.23097787916E-07
  4.19639462734E-07
  4.15579620494E-07
  4.10923206573E-07
  4.05676729542E-07
  3.99848289589E-07
  3.93447550096E-07
  3.86485709214E-07
  3.78975329340E-07
  3.70930592908E-07
  3.62366989748E-07
  3.53301402356E-07
  3.43751992204E-07
  3.33738228164E-07
  3.23280687553E-07
  3.12401056135E-07
  3.01122128121E-07
  2.89467521952E-07
  2.77461850828E-07
  2.65130438493E-07
  2.52499319231E-07
  2.39595124185E-07
  2.26445052931E-07
  2.13076589262E-07
  1.99517700139E-07
  1.85796494634E-07
  1.71941209715E-07
  1.57980167614E-07
  1.43941647934E-07
  1.29853773956E-07
  1.15744413165E-07
  1.01641177253E-07
  8.75712657944E-08
  7.35613738811E-08
  5.96376921180E-08
  4.58257467528E-08
  3.21504032286E-08
  1.86357596021E-08
  5.30508392771E-09
 -7.81921549731E-09
 -2.07156602983E-08
 -3.33637331096E-08
 -4.57439490731E-08
 -5.78378482885E-08
 -6.96280579859E-08
 -8.10983067367E-08
 -9.22334493225E-08
 -1.03019488051E-07
 -1.13443554994E-07
 -1.23493975934E-07
 -1.33160156679E-07
 -1.42432767802E-07
 -1.51303510165E-07
 -1.59765264129E-07
 -1.67812061136E-07
 -1.75438941596E-07
 -1.82642068580E-07
 -1.89418599916E-07
 -1.95766745037E-07
 -2.01685651291E-07
 -2.07175375522E-07
 -2.12236912489E-07
 -2.16872066972E-07
 -2.21083467977E-07
 -2.24874511900E-07
 -2.28249234624E-07
 -2.31212410995E-07
 -2.33769412716E-07
 -2.35926165715E-07
 -2.37689121718E-07
 -2.39065172991E-07
 -2.40061694967E-07
 -2.40686375719E-07
 -2.40947287011E-07
 -2.40852756406E-07
 -2.40411395680E-07
 -2.39631987142E-07
 -2.38523540474E-07
 -2.37095164834E-07
 -2.35356068856E-07
 -2.33315603282E-07
 -2.30983133065E-07
 -2.28368080002E-07
 -2.25479851679E-07
 -2.22327926735E-07
 -2.18921670125E-07
 -2.15270517856E-07
 -2.11383849091E-07
 -2.07271014574E-07
 -2.02941336624E-07
 -1.98404123353E-07
 -1.93668640236E-07
 -1.88744138541E-07
 -1.83639883744E-07
 -1.78365183956E-07
 -1.72929276232E-07
 -1.67341511315E-07
 -1.61611268368E-07
 -1.55747983399E-07
 -1.49761177681E-07
 -1.43660500385E-07
 -1.37455671734E-07
 -1.31156582484E-07
 -1.24773279708E-07
 -1.18315938380E-07
 -1.11794918212E-07
 -1.05220784974E-07
 -9.86042678619E-08
 -9.19563234447E-08
 -8.52881143487E-08
 -7.86109666251E-08
 -7.19364550150E-08
 -6.52763247899E-08
 -5.86425237259E-08
 -5.20471630239E-08
 -4.55025244150E-08
 -3.90210175283E-08
 -3.26151869956E-08
 -2.62976573850E-08
 -2.00811225426E-08
 -1.39782967423E-08
 -8.00189869921E-09
 -2.16459961067E-09
  3.52101969803E-09
  9.04250363476E-09
  1.43875826808E-08
  1.95442009243E-08
  2.45005864485E-08
  2.92452941864E-08
  3.37672574346E-08
  3.80558411450E-08
  4.21008934381E-08
  4.58928077762E-08
  4.94225744774E-08
  5.26818055846E-08
  5.56628272363E-08
  5.83586974301E-08
  6.07632628657E-08
  6.28712086836E-08
  6.46780833335E-08
  6.61803483126E-08
  6.73754243508E-08
  6.82616843051E-08
  6.88385313197E-08
  6.91063846148E-08
  6.90666723813E-08
  6.87219312567E-08
  6.80757281657E-08
  6.71327029522E-08
  6.58985825908E-08
  6.43801243427E-08
  6.25851512837E-08
  6.05225096706E-08
  5.82020511786E-08
  5.56346186897E-08
  5.28319965554E-08
  4.98068857269E-08
  4.65728682286E-08
  4.31443361038E-08
  3.95364736505E-08
  3.57651934735E-08
  3.18470654292E-08
  2.77992739939E-08
  2.36395578668E-08
  1.93861282582E-08
  1.50576191515E-08
  1.06730055904E-08
  6.25154106260E-09
  1.81268300370E-09
 -2.62398036632E-09
 -7.03880109754E-09
 -1.14121432304E-08
 -1.57244581800E-08
 -1.99563512382E-08
 -2.40886599556E-08
 -2.81025176463E-08
 -3.19794146719E-08
 -3.57012730490E-08
 -3.92505121738E-08
 -4.26101003370E-08
 -4.57635991324E-08
 -4.86952522749E-08
 -5.13900104693E-08
 -5.38335811484E-08
 -5.60124817639E-08
 -5.79140682078E-08
 -5.95265703396E-08
 -6.08391488299E-08
 -6.18418880549E-08
 -6.25258351761E-08
 -6.28830321148E-08
 -6.29065013413E-08
 -6.25903027185E-08
 -6.19294908688E-08
 -6.09201507018E-08
 -5.95593938613E-08
 -5.78453587252E-08
 -5.57771819842E-08
 -5.33550235104E-08
 -5.05800272776E-08
 -4.74543178086E-08
 -4.39809788588E-08
 -4.01640463110E-08
 -3.60084584372E-08
 -3.15200701095E-08
 -2.67055941805E-08
 -2.15725961539E-08
 -1.61294639867E-08
 -1.03853761146E-08
 -4.35026858980E-09
  1.96517713213E-09
  8.54957615815E-09
  1.53908654710E-08
  2.24763319068E-08
  2.97926341375E-08
  3.73258401964E-08
  4.50614443537E-08
  5.29844008668E-08
  6.10791346389E-08
  6.93295945098E-08
  7.77192354917E-08
  8.62310827188E-08
  9.48477207885E-08
  1.03551336395E-07
  1.12323718326E-07
  1.21146314314E-07
  1.30000216814E-07
  1.38866170118E-07
  1.47724662725E-07
  1.56555884701E-07
  1.65339756109E-07
  1.74055998059E-07
  1.82684061656E-07
  1.91203270106E-07
  1.99592761874E-07
  2.07831547527E-07
  2.15898609213E-07
  2.23772772756E-07
  2.31432920828E-07
  2.38857921886E-07
  2.46026758077E-07
  2.52918454180E-07
  2.59512233924E-07
  2.65787519993E-07
  2.71724104550E-07
  2.77302035556E-07
  2.82501673610E-07
  2.87304004587E-07
  2.91690469112E-07
  2.95643161508E-07
  2.99144772953E-07
  3.02178790434E-07
  3.04729582012E-07
  3.06782311554E-07
  3.08323251375E-07
  3.09339668547E-07
  3.09819967015E-07
  3.09753801275E-07
  3.09132047960E-07
  3.07946976363E-07
  3.06192305288E-07
  3.03863231466E-07
  3.00956429555E-07
  2.97470251098E-07
  2.93404610829E-07
  2.88761157208E-07
  2.83543243995E-07
  2.77755873412E-07
  2.71405895091E-07
  2.64501949232E-07
  2.57054239228E-07
  2.49074901149E-07
  2.40577719524E-07
  2.31578084708E-07
  2.22093177626E-07
  2.12141685552E-07
  2.01743858952E-07
  1.90921412013E-07
  1.79697465796E-07
  1.68096448760E-07
  1.56143983077E-07
  1.43866827784E-07
  1.31292765104E-07
  1.18450465436E-07
  1.05369387882E-07
  9.20796452419E-08
  7.86119045415E-08
  6.49972662359E-08
  5.12671185504E-08
  3.74530095826E-08
  2.35865567078E-08
  9.69929025985E-09
 -4.17744017156E-09
 -1.80125887539E-08
 -3.17755173285E-08
 -4.54361064328E-08
 -5.89648436744E-08
 -7.23329165453E-08
 -8.55122905818E-08
 -9.84757804190E-08
 -1.11197131503E-07
 -1.23651048511E-07
 -1.35813237989E-07
 -1.47660529137E-07
 -1.59170781444E-07
 -1.70322948634E-07
 -1.81097149721E-07
 -1.91474640587E-07
 -2.01437728720E-07
 -2.10969886894E-07
 -2.20055724753E-07
 -2.28680875125E-07
 -2.36832050859E-07
 -2.44497044832E-07
 -2.51664573625E-07
 -2.58324462266E-07
 -2.64467360012E-07
 -2.70084996146E-07
 -2.75169838915E-07
 -2.79715436591E-07
 -2.83716104832E-07
 -2.87167040369E-07
 -2.90064264163E-07
 -2.92404763513E-07
 -2.94186321526E-07
 -2.95407602380E-07
 -2.96068265015E-07
 -2.96168792602E-07
 -2.95710719911E-07
 -2.94696519632E-07
 -2.93129886586E-07
 -2.91015453513E-07
 -2.88359132128E-07
 -2.85168027858E-07
 -2.81450553530E-07
 -2.77216543054E-07
 -2.72477166163E-07
 -2.67245098939E-07
 -2.61534665924E-07
 -2.55361641166E-07
 -2.48743532438E-07
 -2.41699524395E-07
 -2.34250478570E-07
 -2.26419004434E-07
 -2.18229388338E-07
 -2.09707707199E-07
 -2.00881643764E-07
 -1.91780543446E-07
 -1.82435300644E-07
 -1.72878287685E-07
 -1.63143269560E-07
 -1.53265276026E-07
 -1.43280331599E-07
 -1.33225555032E-07
 -1.23138690356E-07
 -1.13058085560E-07
 -1.03022422593E-07
 -9.30704331381E-08
 -8.32407351936E-08
 -7.35714920097E-08
 -6.41001776103E-08
 -5.48633032338E-08
 -4.58961082472E-08
 -3.72322830344E-08
 -2.89036972134E-08
 -2.09400958795E-08
 -1.33688509152E-08
 -6.21468698725E-09
  5.00555374927E-10
  6.75815092777E-09
  1.25426886655E-08
  1.78422556729E-08
  2.26485799004E-08
  2.69571582834E-08
  3.07673282407E-08
  3.40823369527E-08
  3.69093235975E-08
  3.92593157983E-08
  4.11471390294E-08
  4.25913349034E-08
  4.36139586668E-08
  4.42404406442E-08
  4.44993020210E-08
  4.44219026008E-08
  4.40421388248E-08
  4.33960707369E-08
  4.25215560540E-08
  4.14578344987E-08
  4.02451085790E-08
  3.89240675247E-08
  3.75354360926E-08
  3.61194913978E-08
  3.47155513225E-08
  3.33615233217E-08
  3.20934034903E-08
  3.09448182634E-08
  2.99465661158E-08
  2.91261876839E-08
  2.85075962836E-08
  2.81106817823E-08
  2.79510210532E-08
  2.80395759944E-08
  2.83825070113E-08
  2.89809740650E-08
  2.98310496305E-08
  3.09236654061E-08
  3.22446354062E-08
  3.37747287915E-08
  3.54898546107E-08
  3.73612465410E-08
  3.93557719747E-08
  4.14362943957E-08
  4.35620606254E-08
  4.56892088607E-08
  4.77712909230E-08
  4.97598549032E-08
  5.16050810973E-08
  5.32564641276E-08
  5.46634808529E-08
  5.57763719655E-08
  5.65468560865E-08
  5.69288687302E-08
  5.68793687705E-08
  5.63590418778E-08
  5.53330288255E-08
  5.37716466908E-08
  5.16510212378E-08
  4.89537157478E-08
  4.56692887951E-08
  4.17947632059E-08
  3.73350772520E-08
  3.23034043959E-08
  2.67214073091E-08
  2.06193906394E-08
  1.40363756174E-08
  7.02005831243E-09
 -3.73343245208E-10
 -8.07933364655E-09
 -1.60254991499E-08
 -2.41319693117E-08
 -3.23119806467E-08
 -4.04725568615E-08
 -4.85152611418E-08
 -5.63370576856E-08
 -6.38312442902E-08
 -7.08884897449E-08
 -7.73978712232E-08
 -8.32480537838E-08
 -8.83284769770E-08
 -9.25305130295E-08
 -9.57487813480E-08
 -9.78823564424E-08
 -9.88360113752E-08
 -9.85214185789E-08
 -9.68584075167E-08
 -9.37760091801E-08
 -8.92136142738E-08
 -8.31219466590E-08
 -7.54639799538E-08
 -6.62157830789E-08
 -5.53671739567E-08
 -4.29223767640E-08
 -2.89004375986E-08
 -1.33355397836E-08
  3.72280117844E-09
  2.22097167324E-08
  4.20451264915E-08
  6.31340171253E-08
  8.53668709055E-08
  1.08620305639E-07
  1.32757762117E-07
  1.57630438480E-07
  1.83078370242E-07
  2.08931439261E-07
  2.35010915617E-07
  2.61130679746E-07
  2.87098657736E-07
  3.12718697160E-07
  3.37792073424E-07
  3.62119010333E-07
  3.85500726452E-07
  4.07741168829E-07
  4.28648604611E-07
  4.48037553724E-07
  4.65730465748E-07
  4.81559368382E-07
  4.95367544318E-07
  5.07010952333E-07
  5.16359705216E-07
  5.23299434008E-07
  5.27732197497E-07
  5.29577846464E-07
  5.28774592112E-07
  5.25279915564E-07
  5.19070795235E-07
  5.10144332111E-07
  4.98517749747E-07
  4.84228394271E-07
  4.67333364895E-07
  4.47909172863E-07
  4.26051173008E-07
  4.01872711109E-07
  3.75504100703E-07
  3.47091571484E-07
  3.16795990329E-07
  2.84791241256E-07
  2.51263003292E-07
  2.16406775166E-07
  1.80426368956E-07
  1.43531977415E-07
  1.05938262607E-07
  6.78625369233E-08
  2.95228446134E-08
 -8.86400108868E-09
 -4.70842600464E-08
 -8.49290984206E-08
 -1.22196340158E-07
 -1.58692145646E-07
 -1.94232626427E-07
 -2.28645149036E-07
 -2.61769855570E-07
 -2.93460573175E-07
 -3.23585993556E-07
 -3.52030497197E-07
 -3.78694636538E-07
 -4.03495675982E-07
 -4.26367932960E-07
 -4.47262749503E-07
 -4.66148321721E-07
 -4.83009614527E-07
 -4.97847622682E-07
 -5.10678830778E-07
 -5.21534389009E-07
 -5.30459203674E-07
 -5.37510629783E-07
 -5.42757220501E-07
 -5.46277817648E-07
 -5.48159505342E-07
 -5.48496416286E-07
 -5.47388367522E-07
 -5.44938700386E-07
 -5.41253200481E-07
 -5.36438449217E-07
 -5.30599834292E-07
 -5.23840697042E-07
 -5.16260399763E-07
 -5.07953188844E-07
 -4.99007001054E-07
 -4.89502099299E-07
 -4.79510561036E-07
 -4.69094970867E-07
 -4.58308136331E-07
 -4.47192348929E-07
 -4.35779270447E-07
 -4.24089705575E-07
 -4.12133573491E-07
 -3.99910305759E-07
 -3.87409102132E-07
 -3.74609641085E-07
 -3.61482733524E-07
 -3.47991260696E-07
 -3.34091140530E-07
 -3.19732521348E-07
 -3.04861174527E-07
 -2.89419574528E-07
 -2.73348632618E-07
 -2.56588919001E-07
 -2.39082368125E-07
 -2.20773756610E-07
 -2.01612053274E-07
 -1.81552152867E-07
 -1.60556069773E-07
 -1.38594373311E-07
 -1.15647466714E-07
 -9.17065392514E-08
 -6.67747457328E-08
 -4.08678957342E-08
 -1.40151543704E-08
  1.37404638778E-08
  4.23418207163E-08
  7.17175723253E-08
  1.01782262618E-07
  1.32436639433E-07
  1.63568230960E-07
  1.95051995888E-07
  2.26751296850E-07
  2.58519008867E-07
  2.90198755692E-07
  3.21626458799E-07
  3.52631900569E-07
  3.83040372753E-07
  4.12674694417E-07
  4.41356945657E-07
  4.68910627660E-07
  4.95162623793E-07
  5.19945160704E-07
  5.43098167327E-07
  5.64470781228E-07
  5.83923679187E-07
  6.01330839345E-07
  6.16581019131E-07
  6.29579858469E-07
  6.40250789274E-07
  6.48536286008E-07
  6.54399514133E-07
  6.57824273276E-07
  6.58816361465E-07
  6.57403234072E-07
  6.53634572245E-07
  6.47581828161E-07
  6.39337656594E-07
  6.29015687537E-07
  6.16748820903E-07
  6.02688601248E-07
  5.87003341934E-07
  5.69876590362E-07
  5.51504967916E-07
  5.32096464667E-07
  5.11867597197E-07
  4.91041191708E-07
  4.69844025019E-07
  4.48503755024E-07
  4.27246419576E-07
  4.06293594324E-07
  3.85859777907E-07
  3.66149379261E-07
  3.47354301766E-07
  3.29651271613E-07
  3.13199478796E-07
  2.98138360222E-07
  2.84585354393E-07
  2.72634281373E-07
  2.62353665903E-07
  2.53785458426E-07
  2.46943955062E-07
  2.41815229174E-07
  2.38356619775E-07
  2.36496745742E-07
  2.36135861087E-07
  2.37146466020E-07
  2.39374287503E-07
  2.42639714543E-07
  2.46739261911E-07
  2.51447858091E-07
  2.56520849007E-07
  2.61696669668E-07
  2.66699913709E-07
  2.71243862926E-07
  2.75034182096E-07
  2.77772215895E-07
  2.79158399508E-07
  2.78896067130E-07
  2.76695033108E-07
  2.72275201496E-07
  2.65370431407E-07
  2.55732089727E-07
  2.43132177502E-07
  2.27367195293E-07
  2.08260800605E-07
  1.85666934271E-07
  1.59472406835E-07
  1.29599143861E-07
  9.60062749300E-08
  5.86916293344E-08
  1.76930878837E-08
 -2.69106283923E-08
 -7.49995336946E-08
 -1.26412373902E-07
 -1.80947125727E-07
 -2.38361835159E-07
 -2.98375937291E-07
 -3.60672061106E-07
 -4.24898161100E-07
 -4.90670117870E-07
 -5.57574651339E-07
 -6.25172503987E-07
 -6.93002618846E-07
 -7.60585237458E-07
 -8.27426674732E-07
 -8.93023411663E-07
 -9.56866870183E-07
 -1.01844796063E-06
 -1.07726157239E-06
 -1.13281225822E-06
 -1.18461787224E-06
 -1.23221502690E-06
 -1.27516341308E-06
 -1.31305057494E-06
 -1.34549532049E-06
 -1.37215295126E-06
 -1.39271753596E-06
 -1.40692634432E-06
 -1.41456246183E-06
 -1.41545706356E-06
 -1.40949202887E-06
 -1.39660130571E-06
 -1.37677193379E-06
 -1.35004540880E-06
 -1.31651700030E-06
 -1.27633677494E-06
 -1.22970664052E-06
 -1.17688148293E-06
 -1.11816541448E-06
 -1.05391040961E-06
 -9.84513690128E-07
 -9.10413689326E-07
 -8.32087437175E-07
 -7.50046012854E-07
 -6.64830452024E-07
 -5.77006915137E-07
 -4.87162537866E-07
 -3.95899576233E-07
 -3.03830773873E-07
 -2.11573819797E-07
 -1.19746218274E-07
 -2.89598620640E-08
  6.01842486958E-08
  1.47101161474E-07
  2.31226962910E-07
  3.12023644256E-07
  3.88983579569E-07
  4.61633817395E-07
  5.29540159278E-07
  5.92310470893E-07
  6.49598121072E-07
  7.01104454492E-07
  7.46581235944E-07
  7.85832355632E-07
  8.18715307105E-07
  8.45141585160E-07
  8.65077424805E-07
  8.78543289673E-07
  8.85613360424E-07
  8.86414056822E-07
  8.81122389274E-07
  8.69964253525E-07
  8.53210963214E-07
  8.31177203509E-07
  8.04216938377E-07
  7.72720056830E-07
  7.37108109661E-07
  6.97830500940E-07
  6.55359372104E-07
  6.10185395544E-07
  5.62812829230E-07
  5.13754855547E-07
  4.63528380124E-07
  4.12649285408E-07
  3.61627911616E-07
  3.10963997663E-07
  2.61142474756E-07
  2.12629004182E-07
  1.65865984059E-07
  1.21268683984E-07
  7.92218983747E-08
  4.00767241615E-08
  4.14786915925E-09
 -2.82887420155E-08
 -5.69978872988E-08
 -8.17865881686E-08
 -1.02505175903E-07
 -1.19047939506E-07
 -1.31353360189E-07
 -1.39403809385E-07
 -1.43224966109E-07
 -1.42884729826E-07
 -1.38491685675E-07
 -1.30193328118E-07
 -1.18173787200E-07
 -1.02651391387E-07
 -8.38757898691E-08
 -6.21248403831E-08
 -3.77013371633E-08
 -1.09295106299E-08
  1.78486612157E-08
  4.82771902455E-08
  7.99899524395E-08
  1.12614500836E-07
  1.45776013483E-07
  1.79101050435E-07
  2.12221351603E-07
  2.44777368152E-07
  2.76421815215E-07
  3.06822869334E-07
  3.35667380114E-07
  3.62663399756E-07
  3.87543053648E-07
  4.10064558309E-07
  4.30014324593E-07
  4.47208549303E-07
  4.61494408910E-07
  4.72751111147E-07
  4.80890605559E-07
  4.85857697186E-07
  4.87630018142E-07
  4.86217686557E-07
  4.81662539187E-07
  4.74037193499E-07
  4.63443598164E-07
  4.50011583553E-07
  4.33896957475E-07
  4.15279373556E-07
  3.94360199607E-07
  3.71359874407E-07
  3.46515719230E-07
  3.20078612503E-07
  2.92310772920E-07
  2.63482661467E-07
  2.33869954513E-07
  2.03750872174E-07
  1.73403336134E-07
  1.43101971162E-07
  1.13115582678E-07
  8.37044993318E-08
  5.51180363573E-08
  2.75922804605E-08
  1.34788191719E-09
 -2.34118608944E-08
 -4.65027518715E-08
 -6.77612277400E-08
 -8.70456275948E-08
 -1.04237265930E-07
 -1.19241235552E-07
 -1.31986936935E-07
 -1.42428490335E-07
 -1.50544721578E-07
 -1.56338998636E-07
 -1.59838918989E-07
 -1.61095641715E-07
 -1.60182977993E-07
 -1.57196510031E-07
 -1.52252297880E-07
 -1.45485458347E-07
 -1.37048672855E-07
 -1.27110524772E-07
 -1.15853666216E-07
 -1.03472899582E-07
 -9.01732946090E-08
 -7.61680425398E-08
 -6.16764879169E-08
 -4.69219294530E-08
 -3.21296056427E-08
 -1.75245489231E-08
 -3.32954419591E-09
  1.02368629129E-08
  2.29623218218E-08
  3.46425359510E-08
  4.50830413001E-08
  5.41008624566E-08
  6.15260802306E-08
  6.72032598459E-08
  7.09927263642E-08
  7.27717548443E-08
  7.24355473380E-08
  6.98981281744E-08
  6.50930545021E-08
  5.79739243278E-08
  4.85148596852E-08
  3.67106807175E-08
  2.25770619977E-08
  6.15043882490E-09
 -1.25121681904E-08
 -3.33335030689E-08
 -5.62165460849E-08
 -8.10451510347E-08
 -1.07684726913E-07
 -1.35983185601E-07
 -1.65771794514E-07
 -1.96866395186E-07
 -2.29068419344E-07
 -2.62166338416E-07
 -2.95936871453E-07
 -3.30146463057E-07
 -3.64552846577E-07
 -3.98906479404E-07
 -4.32952276697E-07
 -4.66431231416E-07
 -4.99082034366E-07
 -5.30642978447E-07
 -5.60853550269E-07
 -5.89456305988E-07
 -6.16198462922E-07
 -6.40833889065E-07
 -6.63124922085E-07
 -6.82843733557E-07
 -6.99774318491E-07
 -7.13714200629E-07
 -7.24475967218E-07
 -7.31889031158E-07
 -7.35800654184E-07
 -7.36078050068E-07
 -7.32609350962E-07
 -7.25304971638E-07
 -7.14098860044E-07
 -6.98949236266E-07
 -6.79840127304E-07
 -6.56781651287E-07
 -6.29810983810E-07
 -5.98992471623E-07
 -5.64418883187E-07
 -5.26210499174E-07
 -4.84515908283E-07
 -4.39511694594E-07
 -3.91401812294E-07
 -3.40417443567E-07
 -2.86815975414E-07
 -2.30880118579E-07
 -1.72916941210E-07
 -1.13256319878E-07
 -5.22494438826E-08
  9.73290870121E-09
  7.23023347859E-08
  1.35054989414E-07
  1.97573811533E-07
  2.59431203631E-07
  3.20191560377E-07
  3.79414103691E-07
  4.36655966496E-07
  4.91475134368E-07
  5.43433714029E-07
  5.92101173424E-07
  6.37057723907E-07
  6.77897503465E-07
  7.14232157861E-07
  7.45694194393E-07
  7.71940165123E-07
  7.92653963799E-07
  8.07550009085E-07
  8.16376314106E-07
  8.18917214929E-07
  8.14996212739E-07
  8.04478247574E-07
  7.87272199432E-07
  7.63332593579E-07
  7.32661476377E-07
  6.95309552157E-07
  6.51377376926E-07
  6.01016040491E-07
  5.44427223304E-07
  4.81863366986E-07
  4.13626992213E-07
  3.40069874483E-07
  2.61591623030E-07
  1.78638117632E-07
  9.16991496069E-08
  1.30602606507E-09
 -9.19714793213E-08
 -1.87528442552E-07
 -2.84728429278E-07
 -3.82907671792E-07
 -4.81379288431E-07
 -5.79438108161E-07
 -6.76365459640E-07
 -7.71434258695E-07
 -8.63914635829E-07
 -9.53079108967E-07
 -1.03820821096E-06
 -1.11859651497E-06
 -1.19355763673E-06
 -1.26243003251E-06
 -1.32458330881E-06
 -1.37942242873E-06
 -1.42639385103E-06
 -1.46499019138E-06
 -1.49475442868E-06
 -1.51528547576E-06
 -1.52624090788E-06
 -1.52734151015E-06
 -1.51837411977E-06
 -1.49919401338E-06
 -1.46972763559E-06
 -1.42997362218E-06
 -1.38000461902E-06
 -1.31996671371E-06
 -1.25008057239E-06
 -1.17063927974E-06
 -1.08200822524E-06
 -9.84622829492E-07
 -8.78985247255E-07
 -7.65662377944E-07
 -6.45281375000E-07
 -5.18525553161E-07
 -3.86130068364E-07
 -2.48876034448E-07
 -1.07585329090E-07
  3.68856412081E-08
  1.83652304031E-07
  3.31808649889E-07
  4.80434039218E-07
  6.28600389518E-07
  7.75379476181E-07
  9.19850037917E-07
  1.06110496745E-06
  1.19825892853E-06
  1.33045443818E-06
  1.45687022268E-06
  1.57672593559E-06
  1.68928988842E-06
  1.79388405286E-06
  1.88988997252E-06
  1.97675308300E-06
  2.05398782782E-06
  2.12117993215E-06
  2.17799174607E-06
  2.22416247198E-06
  2.25951248467E-06
  2.28394151236E-06
  2.29743136515E-06
  2.30004411605E-06
  2.29192255574E-06
  2.27328587243E-06
  2.24443033403E-06
  2.20572405851E-06
  2.15760360334E-06
  2.10056941796E-06
  2.03518175113E-06
  1.96205360226E-06
  1.88184606031E-06
  1.79526091415E-06
  1.70303485447E-06
  1.60593106102E-06
  1.50473317717E-06
  1.40023678341E-06
  1.29324234877E-06
  1.18454795484E-06
  1.07494099666E-06
  9.65191361502E-07
  8.56044437114E-07
  7.48213551560E-07
  6.42374175186E-07
  5.39157383628E-07
  4.39144685060E-07
  3.42862364278E-07
  2.50777588917E-07
  1.63294359368E-07
  8.07503397482E-08
  3.41451267261E-09
 -6.85145309376E-08
 -1.34909456051E-07
 -1.95714363826E-07
 -2.50944111713E-07
 -3.00682955867E-07
 -3.45082298736E-07
 -3.84357775829E-07
 -4.18785731426E-07
 -4.48698756372E-07
 -4.74480884805E-07
 -4.96561881391E-07
 -5.15411500146E-07
 -5.31532634795E-07
 -5.45454497569E-07
 -5.57725741146E-07
 -5.68906159515E-07
 -5.79560037295E-07
 -5.90247623222E-07
 -6.01517626819E-07
 -6.13899771906E-07
 -6.27897065897E-07
 -6.43978523840E-07
 -6.62572404053E-07
 -6.84059727973E-07
 -7.08767913693E-07
 -7.36965887427E-07
 -7.68858626543E-07
 -8.04583464742E-07
 -8.44206340389E-07
 -8.87719409093E-07
 -9.35039167871E-07
 -9.86005147752E-07
 -1.04038019799E-06
 -1.09785116820E-06
 -1.15803072731E-06
 -1.22045923945E-06
 -1.28460874294E-06
 -1.34988761147E-06
 -1.41564476053E-06
 -1.48117578647E-06
 -1.54572967404E-06
 -1.60851595865E-06
 -1.66871245710E-06
 -1.72547390775E-06
 -1.77793981493E-06
 -1.82524490810E-06
 -1.86652766843E-06
 -1.90093976471E-06
 -1.92765651263E-06
 -1.94588596969E-06
 -1.95487791643E-06
 -1.95393477043E-06
 -1.94241852114E-06
 -1.91976073438E-06
 -1.88547039670E-06
 -1.83914096397E-06
 -1.78045729626E-06
 -1.70920202436E-06
 -1.62526009717E-06
 -1.52862378400E-06
 -1.41939574405E-06
 -1.29779118652E-06
 -1.16413980322E-06
 -1.01888554127E-06
 -8.62585523009E-07
 -6.95909307069E-07
 -5.19634511420E-07
 -3.34643914357E-07
 -1.41919855423E-07
  5.74618184146E-08
  2.62338716084E-07
  4.71469803642E-07
  6.83544271851E-07
  8.97191057447E-07
  1.11098916022E-06
  1.32347804538E-06
  1.53316943852E-06
  1.73855892172E-06
  1.93813821170E-06
  2.13040630115E-06
  2.31388321481E-06
  2.48712103712E-06
  2.64871619038E-06
  2.79732216768E-06
  2.93165908261E-06
  3.05052685690E-06
  3.15281317853E-06
  3.23750532516E-06
  3.30369721269E-06
  3.35059849021E-06
  3.37754113389E-06
  3.38398558597E-06
  3.36952507496E-06
  3.33389152729E-06
  3.27695488522E-06
  3.19872833643E-06
  3.09936558551E-06
  2.97916244563E-06
  2.83855320049E-06
  2.67810696641E-06
  2.49852610068E-06
  2.30063869822E-06
  2.08539245250E-06
  1.85384794804E-06
  1.60717047493E-06
  1.34662070650E-06
  1.07354526335E-06
  7.89366765730E-07
  4.95572862746E-07
  1.93705432139E-07
 -1.14650930527E-07
 -4.27880280540E-07
 -7.44346721149E-07
 -1.06240588593E-06
 -1.38041616538E-06
 -1.69674945028E-06
 -2.00980139198E-06
 -2.31800186157E-06
 -2.61982359007E-06
 -2.91379160444E-06
 -3.19848982144E-06
 -3.47256991517E-06
 -3.73475495508E-06
 -3.98384645450E-06
 -4.21872800871E-06
 -4.43836870545E-06
 -4.64182357973E-06
 -4.82823725179E-06
 -4.99684256283E-06
 -5.14695966558E-06
 -5.27799602423E-06
 -5.38944095752E-06
 -5.48086427443E-06
 -5.55191263629E-06
 -5.60230319024E-06
 -5.63181902180E-06
 -5.64030415262E-06
 -5.62765717405E-06
 -5.59382306164E-06
 -5.53879090148E-06
 -5.46258434042E-06
 -5.36525658390E-06
 -5.24688448422E-06
 -5.10756399308E-06
 -4.94740379509E-06
 -4.76652076031E-06
 -4.56503903479E-06
 -4.34308503827E-06
 -4.10078428104E-06
 -3.83826454708E-06
 -3.55565157406E-06
 -3.25307337334E-06
 -2.93066023005E-06
 -2.58854947788E-06
 -2.22688890972E-06
 -1.84584223462E-06
 -1.44559646742E-06
 -1.02636852262E-06
 -5.88413286096E-07
 -1.32033505906E-07
  3.42410743315E-07
  8.34491800106E-07
  1.34370316118E-06
  1.86944862435E-06
  2.41103111875E-06
  2.96764051200E-06
  3.53834320777E-06
  4.12207236877E-06
  4.71761359222E-06
  5.32360309080E-06
  5.93850973019E-06
  6.56063593851E-06
  7.18810724720E-06
  7.81886774348E-06
  8.45067825139E-06
  9.08111633180E-06
  9.70757264440E-06
  1.03272604974E-05
  1.09372122097E-05
  1.15342991194E-05
  1.21152243082E-05
  1.26765507957E-05
  1.32147024487E-05
  1.37259939947E-05
  1.42066364788E-05
  1.46527690958E-05
  1.50604801092E-05
  1.54258268594E-05
  1.57448703249E-05
  1.60137024068E-05
  1.62284723046E-05
  1.63854292623E-05
  1.64809462149E-05
  1.65115543496E-05
  1.64739813044E-05
  1.63651893672E-05
  1.61824063980E-05
  1.59231531143E-05
  1.55852903845E-05
  1.51670446940E-05
  1.46670372487E-05
  1.40843230838E-05
  1.34184037961E-05
  1.26692639242E-05
  1.18373909572E-05
  1.09237917059E-05
  9.93000776361E-06
  8.85813096829E-06
  7.71080794948E-06
  6.49124649499E-06
  5.20321418662E-06
  3.85103385270E-06
  2.43957424573E-06
  9.74235717877E-07
 -5.39067002592E-07
 -2.09392942452E-06
 -3.68348423763E-06
 -5.30043371327E-06
 -6.93708898325E-06
 -8.58540533955E-06
 -1.02370322566E-05
 -1.18833604574E-05
 -1.35155705721E-05
 -1.51246977111E-05
 -1.67016769410E-05
 -1.82374096767E-05
 -1.97228291654E-05
 -2.11489568755E-05
 -2.25069652515E-05
 -2.37882577494E-05
 -2.49845088547E-05
 -2.60877477558E-05
 -2.70904147328E-05
 -2.79854139080E-05
 -2.87661823677E-05
 -2.94267429126E-05
 -2.99617531709E-05
 -3.03665510728E-05
 -3.06372130581E-05
 -3.07705740852E-05
 -3.07642731059E-05
 -3.06167785311E-05
 -3.03274173348E-05
 -2.98963786918E-05
 -2.93247339869E-05
 -2.86144386337E-05
 -2.77683266177E-05
 -2.67901050393E-05
 -2.56843286479E-05
 -2.44563925662E-05
 -2.31124813581E-05
 -2.16595526581E-05
 -2.01052844204E-05
 -1.84580294444E-05
 -1.67267553479E-05
 -1.49209972733E-05
 -1.30507851281E-05
 -1.11265762825E-05
 -9.15918917599E-06
 -7.15972100807E-06
 -5.13947543368E-06
 -3.10988184538E-06
 -1.08241226826E-06
  9.31497311285E-07
  2.92053050543E-06
  4.87357056045E-06
  6.77977959640E-06
  8.62867727847E-06
  1.04102145997E-05
  1.21148432299E-05
  1.37335900945E-05
  1.52581142174E-05
  1.66807640198E-05
  1.79946309800E-05
  1.91936069314E-05
  2.02724040719E-05
  2.12266022572E-05
  2.20526762860E-05
  2.27480104513E-05
  2.33109058172E-05
  2.37405929511E-05
  2.40372301050E-05
  2.42018832068E-05
  2.42365185841E-05
  2.41439665842E-05
  2.39278997469E-05
  2.35927909671E-05
  2.31438680203E-05
  2.25870644499E-05
  2.19289559027E-05
  2.11767164728E-05
  2.03380332096E-05
  1.94210515474E-05
  1.84343007277E-05
  1.73866119439E-05
  1.62870546774E-05
  1.51448484758E-05
  1.39692929224E-05
  1.27696857817E-05
  1.15552538773E-05
  1.03350666905E-05
  9.11797997105E-06
  7.91255297372E-06
  6.72699161441E-06
  5.56908480576E-06
  4.44614761363E-06
  3.36497055287E-06
  2.33177297559E-06
  1.35216475883E-06
  4.31110862564E-07
 -4.27094335009E-07
 -1.21884841064E-06
 -1.94125436792E-06
 -2.59212833953E-06
 -3.16999830829E-06
 -3.67409984392E-06
 -4.10436132370E-06
 -4.46138574262E-06
 -4.74642456538E-06
 -4.96134953210E-06
 -5.10861218572E-06
 -5.19120612807E-06
 -5.21262018083E-06
 -5.17678836331E-06
 -5.08804077981E-06
 -4.95104450238E-06
 -4.77074445371E-06
 -4.55231156593E-06
 -4.30107456850E-06
 -4.02246632802E-06
 -3.72195927412E-06
 -3.40500923812E-06
 -3.07699610858E-06
 -2.74317039839E-06
 -2.40859912992E-06
 -2.07811717701E-06
 -1.75628110810E-06
 -1.44732700846E-06
 -1.15513387300E-06
 -8.83190125478E-07
 -6.34566788449E-07
 -4.11894546914E-07
 -2.17346922682E-07
 -5.26287351477E-08
  8.10297819953E-08
  1.82873662880E-07
  2.52618207242E-07
  2.90438805450E-07
  2.96955846579E-07
  2.73214283197E-07
  2.20659714500E-07
  1.41108927210E-07
  3.67179708860E-08
 -9.00541508031E-08
 -2.36483941762E-07
 -3.99624838110E-07
 -5.76350146275E-07
 -7.63397622450E-07
 -9.57414727054E-07
 -1.15500449738E-06
 -1.35277082336E-06
 -1.54736312652E-06
 -1.73551984517E-06
 -1.91411049855E-06
 -2.08017513614E-06
 -2.23096094487E-06
 -2.36395567299E-06
 -2.47692014455E-06
 -2.56791258835E-06
 -2.63531296696E-06
 -2.67784093921E-06
 -2.69456973001E-06
 -2.68493727162E-06
 -2.64874915956E-06
 -2.58618024418E-06
 -2.49777144745E-06
 -2.38441862166E-06
 -2.24736277232E-06
 -2.08817027669E-06
 -1.90871423911E-06
 -1.71114720615E-06
 -1.49787592818E-06
 -1.27152884488E-06
 -1.03492368453E-06
 -7.91030572600E-07
 -5.42935822523E-07
 -2.93802969509E-07
 -4.68332324033E-08
  1.94774045781E-07
  4.27861039043E-07
  6.49350454296E-07
  8.56283520534E-07
  1.04585626559E-06
  1.21545429010E-06
  1.36268454298E-06
  1.48540539158E-06
  1.58175248544E-06
  1.65016274423E-06
  1.68939300238E-06
  1.69853637999E-06
  1.67703387888E-06
  1.62468256804E-06
  1.54163876687E-06
  1.42841736306E-06
  1.28588737880E-06
  1.11526344426E-06
  9.18091814128E-07
  6.96235133546E-07
  4.51851178696E-07
  1.87369806781E-07
 -9.45340019598E-08
 -3.90969574937E-07
 -6.98862152149E-07
 -1.01498744698E-06
 -1.33600622121E-06
 -1.65850212852E-06
 -1.97901908905E-06
 -2.29409829444E-06
 -2.60031833932E-06
 -2.89433046419E-06
 -3.17289618579E-06
 -3.43292322214E-06
 -3.67149823433E-06
 -3.88591797673E-06
 -4.07372044720E-06
 -4.23270830652E-06
 -4.36097525380E-06
 -4.45692467110E-06
 -4.51928553957E-06
 -4.54712699138E-06
 -4.53986649518E-06
 -4.49727713203E-06
 -4.41948532170E-06
 -4.30697355114E-06
 -4.16056900576E-06
 -3.98143856728E-06
 -3.77106994165E-06
 -3.53126029040E-06
 -3.26409212903E-06
 -2.97191081700E-06
 -2.65730045612E-06
 -2.32305319514E-06
 -1.97214058062E-06
 -1.60768161095E-06
 -1.23290737974E-06
 -8.51129470902E-07
 -4.65702783004E-07
 -7.99914801064E-08
  3.02665910112E-07
  6.78991170844E-07
  1.04579942217E-06
  1.40003135130E-06
  1.73878299847E-06
  2.05933565667E-06
  2.35917923419E-06
  2.63603851636E-06
  2.88789215119E-06
  3.11299095301E-06
  3.30987222696E-06
  3.47737113771E-06
  3.61462912224E-06
  3.72109684577E-06
  3.79653670279E-06
  3.84101986128E-06
  3.85491966881E-06
  3.83890483135E-06
  3.79392508876E-06
  3.72119666281E-06
  3.62218543160E-06
  3.49858578375E-06
  3.35229810844E-06
  3.18540446642E-06
  3.00014380628E-06
  2.79888149635E-06
  2.58408408627E-06
  2.35828861150E-06
  2.12407235267E-06
  1.88402657386E-06
  1.64072321240E-06
  1.39668975407E-06
  1.15438081139E-06
  9.16151748243E-07
  6.84234635173E-07
  4.60715625650E-07
  2.47513980867E-07
  4.63643985427E-08
 -1.41199123505E-07
 -3.13856304501E-07
 -4.70511025696E-07
 -6.10298798165E-07
 -7.32591558972E-07
 -8.36999447529E-07
 -9.23369498196E-07
 -9.91782144411E-07
 -1.04254445432E-06
 -1.07618029688E-06
 -1.09341931420E-06
 -1.09518259706E-06
 -1.08256665499E-06
 -1.05682477169E-06
 -1.01934824670E-06
 -9.71644453784E-07
 -9.15315354177E-07
 -8.52033792853E-07
 -7.83520420100E-07
 -7.11519760443E-07
 -6.37776111034E-07
 -5.64010520065E-07
 -4.91897708343E-07
 -4.23044014042E-07
 -3.58966701697E-07
 -3.01074379649E-07
 -2.50649264899E-07
 -2.08831039572E-07
 -1.76602767965E-07
 -1.54778973638E-07
 -1.43996018664E-07
 -1.44704642935E-07
 -1.57165274572E-07
 -1.81445358294E-07
 -2.17419554360E-07
 -2.64772211267E-07
 -3.23002211644E-07
 -3.91430262425E-07
 -4.69208316645E-07
 -5.55331098440E-07
 -6.48649631785E-07
 -7.47886247154E-07
 -8.51651975609E-07
 -9.58463715506E-07
 -1.06676452560E-06
 -1.17494312235E-06
 -1.28135479827E-06
 -1.38434302244E-06
 -1.48225967678E-06
 -1.57348767971E-06
 -1.65646054029E-06
 -1.72968304923E-06
 -1.79175083304E-06
 -1.84136752068E-06
 -1.87736281987E-06
 -1.89870729628E-06
 -1.90452601601E-06
 -1.89411093743E-06
 -1.86692989246E-06
 -1.82263545412E-06
 -1.76106993877E-06
 -1.68226904407E-06
 -1.58646309956E-06
 -1.47407604345E-06
 -1.34572212573E-06
 -1.20219999644E-06
 -1.04448577076E-06
 -8.73723195127E-07
 -6.91211425874E-07
 -4.98392580539E-07
 -2.96836304869E-07
 -8.82233379684E-08
  1.25671874684E-07
  3.43000237990E-07
  5.61857291359E-07
  7.80303651027E-07
  9.96385210783E-07
  1.20815434457E-06
  1.41369025641E-06
  1.61111927355E-06
  1.79863491212E-06
  1.97451686290E-06
  2.13714929487E-06
  2.28503722610E-06
  2.41682369051E-06
  2.53130178862E-06
  2.62742878476E-06
  2.70433702099E-06
  2.76134187516E-06
  2.79794903690E-06
  2.81386019196E-06
  2.80897461380E-06
  2.78339052784E-06
  2.73740442935E-06
  2.67150676336E-06
  2.58637714978E-06
  2.48287665272E-06
  2.36203845816E-06
  2.22505809688E-06
  2.07327934731E-06
  1.90818127521E-06
  1.73136265857E-06
  1.54452550305E-06
  1.34945707941E-06
  1.14801287054E-06
  9.42096846757E-07
  7.33642480100E-07
  5.24593758655E-07
  3.16885319762E-07
  1.12424096699E-07
 -8.69300293971E-08
 -2.79381850987E-07
 -4.63218242430E-07
 -6.36824324829E-07
 -7.98698863491E-07
 -9.47467754031E-07
 -1.08189669845E-06
 -1.20090271594E-06
 -1.30356204409E-06
 -1.38911980230E-06
 -1.45699414134E-06
 -1.50678101818E-06
 -1.53825692450E-06
 -1.55137877300E-06
 -1.54628276050E-06
 -1.52328141212E-06
 -1.48285846535E-06
 -1.42566284467E-06
 -1.35249968025E-06
 -1.26432223624E-06
 -1.16221974622E-06
 -1.04740604456E-06
 -9.21206151361E-07
 -7.85042118423E-07
 -6.40418193143E-07
 -4.88905186558E-07
 -3.32124557190E-07
 -1.71732025933E-07
 -9.40100797209E-09
  1.53193624897E-07
  3.14391940037E-07
  4.72564693155E-07
  6.26128894510E-07
  7.73562362610E-07
  9.13417693482E-07
  1.04433559045E-06
  1.16505600545E-06
  1.27443047404E-06
  1.37143047141E-06
  1.45515593886E-06
  1.52484312821E-06
  1.57986914928E-06
  1.61975674473E-06
  1.64417713222E-06
  1.65295000443E-06
  1.64604512065E-06
  1.62357935096E-06
  1.58581372034E-06
  1.53314965701E-06
  1.46612285334E-06
  1.38539667205E-06
  1.29175396069E-06
  1.18608829780E-06
  1.06939410216E-06
  9.42755718825E-07
  8.07336334674E-07
  6.64366154979E-07
  5.15129556788E-07
  3.60953180234E-07
  2.03192414006E-07
  4.32187938770E-08
 -1.17592762194E-07
 -2.77876722521E-07
 -4.36289354866E-07
 -5.91520347371E-07
 -7.42304678170E-07
 -8.87432747732E-07
 -1.02576120753E-06
 -1.15622174235E-06
 -1.27782971049E-06
 -1.38969107866E-06
 -1.49101038005E-06
 -1.58109446602E-06
 -1.65935784935E-06
 -1.72532634224E-06
 -1.77863898898E-06
 -1.81904897545E-06
 -1.84642442491E-06
 -1.86074714748E-06
 -1.86211082109E-06
 -1.85071780834E-06
 -1.82687620054E-06
 -1.79099401976E-06
 -1.74357421656E-06
 -1.68520864463E-06
 -1.61657101216E-06
 -1.53840881012E-06
 -1.45153592257E-06
 -1.35682421387E-06
 -1.25519409266E-06
 -1.14760575798E-06
 -1.03505055904E-06
 -9.18540706607E-07
 -7.99100632776E-07
 -6.77757668655E-07
 -5.55532892577E-07
 -4.33432575164E-07
 -3.12439567551E-07
 -1.93505314883E-07
 -7.75422179800E-08
  3.45833761628E-08
  1.42057686503E-07
  2.44125430982E-07
  3.40095084539E-07
  4.29343344877E-07
  5.11319171892E-07
  5.85546786169E-07
  6.51628226933E-07
  7.09244716290E-07
  7.58158023473E-07
  7.98210351149E-07
  8.29323994367E-07
  8.51500203680E-07
  8.64817195634E-07
  8.69427708494E-07
  8.65556330609E-07
  8.53495237152E-07
  8.33600665828E-07
  8.06288198874E-07
  7.72027760831E-07
  7.31338104742E-07
  6.84781923610E-07
  6.32958972346E-07
  5.76501008709E-07
  5.16065313150E-07
  4.52328094980E-07
  3.85978921713E-07
  3.17714096809E-07
  2.48230747957E-07
  1.78220773250E-07
  1.08365178164E-07
  3.93284906863E-08
 -2.82464789336E-08
 -9.37435800097E-08
 -1.56577954158E-07
 -2.16200191971E-07
 -2.72100265875E-07
 -3.23810780856E-07
 -3.70910157699E-07
 -4.13024935142E-07
 -4.49831901506E-07
 -4.81059885260E-07
 -5.06490380303E-07
 -5.25958910202E-07
 -5.39354573448E-07
 -5.46620128716E-07
 -5.47751255908E-07
 -5.42795703495E-07
 -5.31851299002E-07
 -5.15064698448E-07
 -4.92628487336E-07
 -4.64779560616E-07
 -4.31795427858E-07
 -3.93991740566E-07
 -3.51718796310E-07
 -3.05358042851E-07
 -2.55318440168E-07
 -2.02032666152E-07
 -1.45953336528E-07
 -8.75489831742E-08
 -2.73001425910E-08
  3.43046551166E-08
  9.67727302736E-08
  1.59611190043E-07
  2.22330641009E-07
  2.84448844923E-07
  3.45494186149E-07
  4.05009132010E-07
  4.62553146008E-07
  5.17705927905E-07
  5.70069744299E-07
  6.19272213953E-07
  6.64968467845E-07
  7.06843025000E-07
  7.44611327264E-07
  7.78021558290E-07
  8.06855553037E-07
  8.30929479889E-07
  8.50094806992E-07
  8.64238188569E-07
  8.73281862823E-07
  8.77183083503E-07
  8.75934233591E-07
  8.69561404215E-07
  8.58123712533E-07
  8.41712449073E-07
  8.20449258754E-07
  7.94484890321E-07
  7.63997434206E-07
  7.29190276161E-07
  6.90290335115E-07
  6.47545846277E-07
  6.01224030561E-07
  5.51609048216E-07
  4.98999497722E-07
  4.43706113629E-07
  3.86049208601E-07
  3.26356456526E-07
  2.64960391405E-07
  2.02196019927E-07
  1.38398704053E-07
  7.39016954299E-08
  9.03408015063E-09
 -5.58812693896E-08
 -1.20529705327E-07
 -1.84606591347E-07
 -2.47819059496E-07
 -3.09887525418E-07
 -3.70547155626E-07
 -4.29549089631E-07
 -4.86661633659E-07
 -5.41670885923E-07
 -5.94382129293E-07
 -6.44619717605E-07
 -6.92228070420E-07
 -7.37071388812E-07
 -7.79034394327E-07
 -8.18021817395E-07
 -8.53958056268E-07
 -8.86787290710E-07
 -9.16472458812E-07
 -9.42994972775E-07
 -9.66353582044E-07
 -9.86563577499E-07
 -1.00365627986E-06
 -1.01767682281E-06
 -1.02868398244E-06
 -1.03674813090E-06
 -1.04195089534E-06
 -1.04438277049E-06
 -1.04414209545E-06
 -1.04133368950E-06
 -1.03606760149E-06
 -1.02845717720E-06
 -1.01861826352E-06
 -1.00666773051E-06
 -9.92721766124E-07
 -9.76895080385E-07
 -9.59299995884E-07
 -9.40044571962E-07
 -9.19232718388E-07
 -8.96962262686E-07
 -8.73325234352E-07
 -8.48406841669E-07
 -8.22284619062E-07
 -7.95029109213E-07
 -7.66702441979E-07
 -7.37359471259E-07
 -7.07047092874E-07
 -6.75804756156E-07
 -6.43664691324E-07
 -6.10652762134E-07
 -5.76788750095E-07
 -5.42087093436E-07
 -5.06557910285E-07
 -4.70207936587E-07
 -4.33041378756E-07
 -3.95061107383E-07
 -3.56269879376E-07
 -3.16671389555E-07
 -2.76271578059E-07
 -2.35079809840E-07
 -1.93110167857E-07
 -1.50382447828E-07
 -1.06923522480E-07
 -6.27683078847E-08
 -1.79607422268E-08
  2.74452460758E-08
  7.33850100687E-08
  1.19782455954E-07
  1.66549597225E-07
  2.13586147879E-07
  2.60779302153E-07
  3.08003677674E-07
  3.55121670736E-07
  4.01983470510E-07
  4.48427897481E-07
  4.94282915042E-07
  5.39366681096E-07
  5.83488656503E-07
  6.26450628260E-07
  6.68048585339E-07
  7.08074026079E-07
  7.46315890865E-07
  7.82562381119E-07
  8.16603062503E-07
  8.48230797601E-07
  8.77244247022E-07
  9.03449858924E-07
  9.26664199596E-07
  9.46716340877E-07
  9.63449906521E-07
  9.76725573310E-07
  9.86422833194E-07
  9.92442437564E-07
  9.94707647806E-07
  9.93166509033E-07
  9.87793328022E-07
  9.78589696388E-07
  9.65585741142E-07
  9.48840693127E-07
  9.28444023884E-07
  9.04515047750E-07
  8.77203149230E-07
  8.46687555622E-07
  8.13176200154E-07
  7.76905210387E-07
  7.38137089229E-07
  6.97159293850E-07
  6.54282246160E-07
  6.09836945387E-07
  5.64172410122E-07
  5.17652608778E-07
  4.70653731099E-07
  4.23560607032E-07
  3.76763125587E-07
  3.30652596858E-07
  2.85618114049E-07
  2.42042347054E-07
  2.00297662900E-07
  1.60742331445E-07
  1.23716404232E-07
  8.95379415056E-08
  5.84992392305E-08
  3.08633225643E-08
  6.86053924781E-09
 -1.33145077186E-08
 -2.95057933641E-08
 -4.15983301139E-08
 -4.95202883144E-08
 -5.32447153034E-08
 -5.27907921821E-08
 -4.82246989009E-08
 -3.96599553198E-08
 -2.72572879823E-08
 -1.12239897376E-08
  8.18719403384E-09
  3.06797396377E-08
  5.59154749169E-08
  8.35172428992E-08
  1.13071955354E-07
  1.44134247648E-07
  1.76230386728E-07
  2.08862715567E-07
  2.41514328536E-07
  2.73654137573E-07
  3.04742258095E-07
  3.34235494392E-07
  3.61592896070E-07
  3.86281698184E-07
  4.07783232959E-07
  4.25598500442E-07
  4.39254137063E-07
  4.48307844181E-07
  4.52353930314E-07
  4.51028284942E-07
  4.44013352308E-07
  4.31042394666E-07
  4.11903641861E-07
  3.86443616662E-07
  3.54570346417E-07
  3.16255409416E-07
  2.71536151786E-07
  2.20516568561E-07
  1.63367786854E-07
  1.00328065855E-07
  3.17017807561E-08
 -4.21421120222E-08
 -1.20772256196E-07
 -2.03697879897E-07
 -2.90372327072E-07
 -3.80197292316E-07
 -4.72527574402E-07
 -5.66676362723E-07
 -6.61921262690E-07
 -7.57510349558E-07
 -8.52669018059E-07
 -9.46606974139E-07
 -1.03852551092E-06
 -1.12762484150E-06
 -1.21311211387E-06
 -1.29420823214E-06
 -1.37015615564E-06
 -1.44022862969E-06
 -1.50373398355E-06
 -1.56002488438E-06
 -1.60850413522E-06
 -1.64863058671E-06
 -1.67992584466E-06
 -1.70197870375E-06
 -1.71444992247E-06
 -1.71707654317E-06
 -1.70967462054E-06
 -1.69214206380E-06
 -1.66446022831E-06
 -1.62669516612E-06
 -1.57899728492E-06
 -1.52160077960E-06
 -1.45482260905E-06
 -1.37905954034E-06
 -1.29478553390E-06
 -1.20254776448E-06
 -1.10296230105E-06
 -9.96708081402E-07
 -8.84522194156E-07
 -7.67192545936E-07
 -6.45551494927E-07
 -5.20468177001E-07
 -3.92841030816E-07
 -2.63589498672E-07
 -1.33646153699E-07
 -3.94811605631E-09
  1.24571201354E-07
  2.50990439099E-07
  3.74408415382E-07
  4.93952143188E-07
  6.08784489486E-07
  7.18111380138E-07
  8.21189019007E-07
  9.17329600725E-07
  1.00590773400E-06
  1.08636504592E-06
  1.15821501367E-06
  1.22104643197E-06
  1.27452665311E-06
  1.31840351969E-06
  1.35250695621E-06
  1.37674919642E-06
  1.39112546549E-06
  1.39571170621E-06
  1.39066389693E-06
  1.37621475460E-06
  1.35267123369E-06
  1.32040952394E-06
  1.27987163978E-06
  1.23155939491E-06
  1.17602940009E-06
  1.11388624191E-06
  1.04577634374E-06
  9.72381940301E-07
  8.94412551133E-07
  8.12599012079E-07
  7.27685574020E-07
  6.40423081677E-07
  5.51561470274E-07
  4.61842887489E-07
  3.71995042769E-07
  2.82724528233E-07
  1.94710821688E-07
  1.08600474391E-07
  2.50019986936E-08
 -5.55188890417E-08
 -1.32443346956E-07
 -2.05303024359E-07
 -2.73682843499E-07
 -3.37223440283E-07
 -3.95622578253E-07
 -4.48636228612E-07
 -4.96078826018E-07
 -5.37822813840E-07
 -5.73797876768E-07
 -6.03989235515E-07
 -6.28435486760E-07
 -6.47225874673E-07
 -6.60497505578E-07
 -6.68431141548E-07
 -6.71248017170E-07
 -6.69204894166E-07
 -6.62589741296E-07
 -6.51717414257E-07
 -6.36923800812E-07
 -6.18562125965E-07
 -5.96996926561E-07
 -5.72599674342E-07
 -5.45743944258E-07
 -5.16800810146E-07
 -4.86134297262E-07
 -4.54097232705E-07
 -4.21027777975E-07
 -3.87245648881E-07
 -3.53049159685E-07
 -3.18712608305E-07
 -2.84484258373E-07
 -2.50584264450E-07
 -2.17203748321E-07
 -1.84503932132E-07
 -1.52615712068E-07
 -1.21640013617E-07
 -9.16482534308E-08
 -6.26834975037E-08
 -3.47618147600E-08
 -7.87409426550E-09
  1.80117645243E-08
  4.29484572351E-08
  6.70066029329E-08
  9.02718042539E-08
  1.12841632927E-07
  1.34822499831E-07
  1.56326393608E-07
  1.77467711637E-07
  1.98359984438E-07
  2.19112877176E-07
  2.39829205384E-07
  2.60602121216E-07
  2.81512598121E-07
  3.02626972370E-07
  3.23995067220E-07
  3.45648459188E-07
  3.67598914863E-07
  3.89837481407E-07
  4.12333832855E-07
  4.35035872215E-07
  4.57869788306E-07
  4.80740538933E-07
  5.03532646690E-07
  5.26111250565E-07
  5.48323498606E-07
  5.70000395328E-07
  5.90959018609E-07
  6.11004395523E-07
  6.29932003449E-07
  6.47530953302E-07
  6.63586035898E-07
  6.77881132560E-07
  6.90201886755E-07
  7.00338659954E-07
  7.08089544332E-07
  7.13262863883E-07
  7.15680471330E-07
  7.15179737654E-07
  7.11616337412E-07
  7.04866010892E-07
  6.94826951531E-07
  6.81421170157E-07
  6.64596029765E-07
  6.44325098165E-07
  6.20609057478E-07
  5.93476215727E-07
  5.62982393149E-07
  5.29210922195E-07
  4.92271851726E-07
  4.52301236464E-07
  4.09460113815E-07
  3.63932940672E-07
  3.15925944960E-07
  2.65665249799E-07
  2.13394741877E-07
  1.59373911401E-07
  1.03875400725E-07
  4.71824783688E-08
 -1.04134727508E-08
 -6.86155701146E-08
 -1.27124010874E-07
 -1.85638640460E-07
 -2.43861450144E-07
 -3.01498886301E-07
 -3.58264315992E-07
 -4.13879746475E-07
 -4.68078241056E-07
 -5.20605226484E-07
 -5.71220255097E-07
 -6.19698084847E-07
 -6.65829986701E-07
 -7.09424568868E-07
 -7.50307663111E-07
 -7.88323745837E-07
 -8.23335255973E-07
 -8.55222594964E-07
 -8.83884013092E-07
 -9.09234870505E-07
 -9.31207068788E-07
 -9.49748141466E-07
 -9.64820173976E-07
 -9.76399178398E-07
 -9.84473217613E-07
 -9.89041950561E-07
 -9.90114813249E-07
 -9.87710450318E-07
 -9.81855123428E-07
 -9.72581688075E-07
 -9.59928684097E-07
 -9.43939710396E-07
 -9.24662231228E-07
 -9.02147178294E-07
 -8.76448609688E-07
 -8.47623311984E-07
 -8.15730970771E-07
 -7.80833943281E-07
 -7.42997769976E-07
 -7.02291742982E-07
 -6.58789019781E-07
 -6.12568271663E-07
 -5.63713740576E-07
 -5.12316887580E-07
 -4.58477273924E-07
 -4.02303925284E-07
 -3.43916269685E-07
 -2.83445956484E-07
 -2.21037510073E-07
 -1.56849964128E-07
 -9.10578066282E-08
 -2.38519852758E-08
  4.45592114318E-08
  1.13949489844E-07
  1.84074082199E-07
  2.54669515698E-07
  3.25453669348E-07
  3.96125955149E-07
  4.66368192065E-07
  5.35845117611E-07
  6.04206093158E-07
  6.71086240800E-07
  7.36108461297E-07
  7.98885707809E-07
  8.59023543853E-07
  9.16122473882E-07
  9.69781581261E-07
  1.01960142729E-06
  1.06518780285E-06
  1.10615508220E-06
  1.14213037250E-06
  1.17275715183E-06
  1.19769936191E-06
  1.21664561448E-06
  1.22931260194E-06
  1.23544930375E-06
  1.23484051073E-06
  1.22731034935E-06
  1.21272557863E-06
  1.19099820495E-06
  1.16208877898E-06
  1.12600764623E-06
  1.08281767552E-06
  1.03263471374E-06
  9.75629177447E-07
  9.12025541311E-07
  8.42103247578E-07
  7.66194716562E-07
  6.84684607677E-07
  5.98007943609E-07
  5.06647381826E-07
  4.11130457678E-07
  3.12025747462E-07
  2.09939216234E-07
  1.05509307957E-07
 -5.97768667898E-10
 -1.07693331586E-07
 -2.15072006426E-07
 -3.22017569943E-07
 -4.27809112580E-07
 -5.31727323505E-07
 -6.33061063127E-07
 -7.31113459551E-07
 -8.25208587685E-07
 -9.14697409371E-07
 -9.98964083010E-07
 -1.07743187527E-06
 -1.14956833386E-06
 -1.21489028970E-06
 -1.27296925712E-06
 -1.32343438963E-06
 -1.36597748224E-06
 -1.40035456297E-06
 -1.42638941725E-06
 -1.44397426993E-06
 -1.45307183175E-06
 -1.45371495819E-06
 -1.44600574004E-06
 -1.43011573073E-06
 -1.40628276313E-06
 -1.37480924423E-06
 -1.33605851715E-06
 -1.29045133690E-06
 -1.23846109545E-06
 -1.18060893328E-06
 -1.11745896447E-06
 -1.04961065972E-06
 -9.77694867288E-07
 -9.02365400179E-07
 -8.24293067581E-07
 -7.44158683119E-07
 -6.62645845750E-07
 -5.80434232234E-07
 -4.98192434861E-07
 -4.16571452888E-07
 -3.36198127115E-07
 -2.57668943959E-07
 -1.81544280053E-07
 -1.08343201077E-07
 -3.85385554580E-08
  2.74471716466E-08
  8.92454892210E-08
  1.46544806512E-07
  1.99092710318E-07
  2.46697425155E-07
  2.89228665906E-07
  3.26617708879E-07
  3.58856567573E-07
  3.85996827390E-07
  4.08147286635E-07
  4.25471398557E-07
  4.38183633378E-07
  4.46545698196E-07
  4.50861762147E-07
  4.51473653129E-07
  4.48755145044E-07
  4.43106415560E-07
  4.34947764916E-07
  4.24713675784E-07
  4.12846048903E-07
  3.99788063987E-07
  3.85977728001E-07
  3.71841736069E-07
  3.57789303962E-07
  3.44206625869E-07
  3.31451332158E-07
  3.19847771380E-07
  3.09682292254E-07
  3.01199577279E-07
  2.94599175277E-07
  2.90033028705E-07
  2.87603313609E-07
  2.87361302753E-07
  2.89306626655E-07
  2.93387699912E-07
  2.99502346479E-07
  3.07499675500E-07
  3.17182127674E-07
  3.28308544795E-07
  3.40597864579E-07
  3.53733184966E-07
  3.67366453702E-07
  3.81123726356E-07
  3.94610736976E-07
  4.07418838222E-07
  4.19131026774E-07
  4.29328480323E-07
  4.37596952452E-07
  4.43533139105E-07
  4.46751073468E-07
  4.46888606120E-07
  4.43612890422E-07
  4.36626635292E-07
  4.25672823212E-07
  4.10539939821E-07
  3.91066066641E-07
  3.67142433788E-07
  3.38716773740E-07
  3.05795424538E-07
  2.68444949825E-07
  2.26793119396E-07
  1.81028951829E-07
  1.31402032366E-07
  7.82209994554E-08
  2.18513651618E-08
 -3.72875099686E-08
 -9.87261188357E-08
 -1.61949216704E-07
 -2.26400871384E-07
 -2.91490010795E-07
 -3.56596700612E-07
 -4.21078595991E-07
 -4.84278018575E-07
 -5.45529076135E-07
 -6.04165450113E-07
 -6.59527643165E-07
 -7.10970937234E-07
 -7.57872669510E-07
 -7.99640133664E-07
 -8.35717287373E-07
 -8.65592198807E-07
 -8.88803128873E-07
 -9.04944783997E-07
 -9.13673829928E-07
 -9.14713496059E-07
 -9.07858122901E-07
 -8.92976402156E-07
 -8.70013991516E-07
 -8.38995504182E-07
 -8.00025475201E-07
 -7.53288361466E-07
 -6.99048200659E-07
 -6.37646451196E-07
 -5.69500116399E-07
 -4.95098106512E-07
 -4.14997202824E-07
 -3.29817396505E-07
 -2.40236090576E-07
 -1.46982017668E-07
 -5.08284969669E-08
  4.74140975371E-08
  1.46905918541E-07
  2.46785901936E-07
  3.46180087263E-07
  4.44210201067E-07
  5.40002417893E-07
  6.32696014691E-07
  7.21451897334E-07
  8.05461070286E-07
  8.83952793629E-07
  9.56202143243E-07
  1.02153774151E-06
  1.07934795324E-06
  1.12908765004E-06
  1.17028343993E-06
  1.20253866953E-06
  1.22553706206E-06
  1.23904669636E-06
  1.24292171222E-06
  1.23710412936E-06
  1.22162396110E-06
  1.19660035125E-06
  1.16223873192E-06
  1.11882991405E-06
  1.06674679046E-06
  1.00644081158E-06
  9.38437324294E-07
  8.63330967604E-07
  7.81778965120E-07
  6.94495327025E-07
  6.02243630965E-07
  5.05829689246E-07
  4.06093505489E-07
  3.03901117604E-07
  2.00136625494E-07
  9.56932879603E-08
 -8.53482795549E-09
 -1.11661364599E-07
 -2.12816004819E-07
 -3.11152632548E-07
 -4.05857235819E-07
 -4.96155166729E-07
 -5.81318431614E-07
 -6.60671958030E-07
 -7.33599847536E-07
 -7.99550207375E-07
 -8.58040209550E-07
 -9.08659785637E-07
 -9.51074810018E-07
 -9.85029487310E-07
 -1.01034788713E-06
 -1.02693502413E-06
 -1.03477623270E-06
 -1.03393699646E-06
 -1.02456124296E-06
 -1.00686872884E-06
 -9.81152084023E-07
 -9.47773514781E-07
 -9.07160199404E-07
 -8.59799001773E-07
 -8.06231639672E-07
 -7.47048773064E-07
 -6.82882955516E-07
 -6.14403063537E-07
 -5.42306565876E-07
 -4.67312986530E-07
 -3.90156515095E-07
 -3.11578901346E-07
 -2.32322165061E-07
 -1.53121632707E-07
 -7.46990238554E-08
  2.24424856476E-09
  7.70333912214E-08
  1.49026206486E-07
  2.17618747911E-07
  2.82250368855E-07
  3.42408327469E-07
  3.97631936266E-07
  4.47516100621E-07
  4.91713933570E-07
  5.29939484295E-07
  5.61969102364E-07
  5.87642432492E-07
  6.06863125086E-07
  6.19598324647E-07
  6.25877817129E-07
  6.25792893061E-07
  6.19494130660E-07
  6.07188781032E-07
  5.89138039686E-07
  5.65653294871E-07
  5.37092262221E-07
  5.03854948875E-07
  4.66378509145E-07
  4.25132895998E-07
  3.80615432505E-07
  3.33345639092E-07
  2.83859776573E-07
  2.32705417602E-07
  1.80436018127E-07
  1.27605346734E-07
  7.47623261077E-08
  2.24457217257E-08
 -2.88208443777E-08
 -7.85336098375E-08
 -1.26213237195E-07
 -1.71408899519E-07
 -2.13702293195E-07
 -2.52710918858E-07
 -2.88091314360E-07
 -3.19541555882E-07
 -3.46803602724E-07
 -3.69665116295E-07
 -3.87960540138E-07
 -4.01572151532E-07
 -4.10430601505E-07
 -4.14514403246E-07
 -4.13849932102E-07
 -4.08510203442E-07
 -3.98613678954E-07
 -3.84322447644E-07
 -3.65840037375E-07
 -3.43409311654E-07
 -3.17309201137E-07
 -2.87852060410E-07
 -2.55380030012E-07
 -2.20261725303E-07
 -1.82888328482E-07
 -1.43669794284E-07
 -1.03030814103E-07
 -6.14066877347E-08
 -1.92392359821E-08
  2.30274128654E-08
  6.49508891115E-08
  1.06094695695E-07
  1.46032135717E-07
  1.84350213317E-07
  2.20653262772E-07
  2.54566543845E-07
  2.85739474748E-07
  3.13848687483E-07
  3.38600813166E-07
  3.59735196298E-07
  3.77025855869E-07
  3.90283588558E-07
  3.99357475089E-07
  4.04136159204E-07
  4.04548870847E-07
  4.00565852487E-07
  3.92198671761E-07
  3.79500079362E-07
  3.62563497447E-07
  3.41522422787E-07
  3.16549005674E-07
  2.87852742531E-07
  2.55678770600E-07
  2.20305679477E-07
  1.82043251584E-07
  1.41229918427E-07
  9.82297834184E-08
  5.34297690535E-08
  7.23620630083E-09
 -3.99284374453E-08
 -8.76291963436E-08
 -1.35422169478E-07
 -1.82858343578E-07
 -2.29487355341E-07
 -2.74861264415E-07
 -3.18538468491E-07
 -3.60087398121E-07
 -3.99090339442E-07
 -4.35146972677E-07
 -4.67877896426E-07
 -4.96928066696E-07
 -5.21970036971E-07
 -5.42706516171E-07
 -5.58873864520E-07
 -5.70243969378E-07
 -5.76626746351E-07
 -5.77872071972E-07
 -5.73871375309E-07
 -5.64559115901E-07
 -5.49913352188E-07
 -5.29957048911E-07
 -5.04757565523E-07
 -4.74427224617E-07
 -4.39122430862E-07
 -3.99043017296E-07
 -3.54431250571E-07
 -3.05569898273E-07
 -2.52780665733E-07
 -1.96421922283E-07
 -1.36886072255E-07
 -7.45968620208E-08
 -1.00061550157E-08
  5.64093518562E-08
  1.24151782188E-07
  1.92705840618E-07
  2.61542822955E-07
  3.30124748871E-07
  3.97908564764E-07
  4.64350478069E-07
  5.28910334197E-07
  5.91055936638E-07
  6.50267395486E-07
  7.06041362264E-07
  7.57895236347E-07
  8.05371257684E-07
  8.48040144774E-07
  8.85504789494E-07
  9.17403951917E-07
  9.43414931953E-07
  9.63256638897E-07
  9.76692376753E-07
  9.83531094789E-07
  9.83630457085E-07
  9.76896899374E-07
  9.63287789091E-07
  9.42811254845E-07
  9.15526641165E-07
  8.81544224285E-07
  8.41024530018E-07
  7.94177140051E-07
  7.41259498227E-07
  6.82574636812E-07
  6.18469073288E-07
  5.49330422928E-07
  4.75583817661E-07
  3.97689177589E-07
  3.16137430900E-07
  2.31446705357E-07
  1.44158121884E-07
  5.48318368487E-08
 -3.59575409448E-08
 -1.27625355617E-07
 -2.19581494321E-07
 -3.11234941819E-07
 -4.01998363486E-07
 -4.91292723837E-07
 -5.78551578201E-07
 -6.63225307562E-07
 -7.44785552342E-07
 -8.22728850380E-07
 -8.96580445442E-07
 -9.65897584138E-07
 -1.03027264231E-06
 -1.08933636511E-06
 -1.14275974283E-06
 -1.19025594358E-06
 -1.23158270071E-06
 -1.26654356336E-06
 -1.29498766910E-06
 -1.31681190396E-06
 -1.33195965191E-06
 -1.34042136324E-06
 -1.34223330406E-06
 -1.33747698783E-06
 -1.32627712901E-06
 -1.30880039251E-06
 -1.28525300624E-06
 -1.25587860111E-06
 -1.22095525512E-06
 -1.18079276490E-06
 -1.13572946248E-06
 -1.08612891836E-06
 -1.03237664462E-06
 -9.74876343207E-07
 -9.14046381695E-07
 -8.50316155265E-07
 -7.84122278219E-07
 -7.15905571269E-07
 -6.46106570912E-07
 -5.75162971472E-07
 -5.03505702909E-07
 -4.31556372860E-07
 -3.59723799193E-07
 -2.88401565740E-07
 -2.17965450133E-07
 -1.48771150066E-07
 -8.11524074606E-08
 -1.54192161261E-08
  4.81435584732E-08
  1.09277287663E-07
  1.67750442870E-07
  2.23359066354E-07
  2.75927078519E-07
  3.25306302784E-07
  3.71375961095E-07
  4.14042375496E-07
  4.53238072851E-07
  4.88920818498E-07
  5.21072308857E-07
  5.49696949292E-07
  5.74820319343E-07
  5.96487268467E-07
  6.14760779172E-07
  6.29719409062E-07
  6.41455869754E-07
  6.50075037356E-07
  6.55692133478E-07
  6.58430792555E-07
  6.58421072330E-07
  6.55798089610E-07
  6.50700201277E-07
  6.43267185296E-07
  6.33639444914E-07
  6.21956246505E-07
  6.08354469023E-07
  5.92968376623E-07
  5.75927913360E-07
  5.57358646347E-07
  5.37381140475E-07
  5.16110560511E-07
  4.93656727940E-07
  4.70123922014E-07
  4.45610936595E-07
  4.20211847540E-07
  3.94015899019E-07
  3.67108185628E-07
  3.39570391361E-07
  3.11481301196E-07
  2.82917568484E-07
  2.53954425489E-07
  2.24666564463E-07
  1.95128819769E-07
  1.65417020526E-07
  1.35608544838E-07
  1.05783172444E-07
  7.60235181474E-08
  4.64156109103E-08
  1.70492793217E-08
 -1.19815677380E-08
 -4.05787581315E-08
 -6.86398280436E-08
 -9.60581090226E-08
 -1.22722937590E-07
 -1.48520086896E-07
 -1.73332182385E-07
 -1.97039398131E-07
 -2.19520146061E-07
 -2.40652099137E-07
 -2.60313044009E-07
 -2.78381975249E-07
 -2.94740317486E-07
 -3.09273133325E-07
 -3.21870373909E-07
 -3.32428271577E-07
 -3.40850590419E-07
 -3.47049990523E-07
 -3.50949164840E-07
 -3.52482516064E-07
 -3.51596753490E-07
 -3.48252598315E-07
 -3.42425266808E-07
 -3.34105664024E-07
 -3.23301151184E-07
 -3.10035915163E-07
 -2.94351735874E-07
 -2.76307957847E-07
 -2.55981802866E-07
 -2.33468156807E-07
 -2.08879470165E-07
 -1.82345047506E-07
 -1.54010564302E-07
 -1.24037214277E-07
 -9.26006578084E-08
 -5.98898068915E-08
 -2.61055372874E-08
  8.54086756874E-09
  4.38293241700E-08
  7.95327181891E-08
  1.15418764324E-07
  1.51251924763E-07
  1.86795404034E-07
  2.21813237999E-07
  2.56072269167E-07
  2.89344228577E-07
  3.21407839010E-07
  3.52050534502E-07
  3.81070663025E-07
  4.08279106523E-07
  4.33500900954E-07
  4.56577026853E-07
  4.77365517781E-07
  4.95742881412E-07
  5.11605037445E-07
  5.24868312368E-07
  5.35469837359E-07
  5.43368230410E-07
  5.48543539480E-07
  5.50997583559E-07
  5.50753441075E-07
  5.47855222521E-07
  5.42366990430E-07
  5.34372532002E-07
  5.23973824329E-07
  5.11289954375E-07
  4.96455868415E-07
  4.79620439364E-07
  4.60945159375E-07
  4.40602150320E-07
  4.18772344801E-07
  3.95643525053E-07
  3.71408134470E-07
  3.46261515460E-07
  3.20399749398E-07
  2.94017553415E-07
  2.67306319301E-07
  2.40452521894E-07
  2.13635416912E-07
  1.87025634091E-07
  1.60783542924E-07
  1.35057746320E-07
  1.09983865570E-07
  8.56834034835E-08
  6.22627709390E-08
  3.98126545065E-08
  1.84073982723E-08
 -1.89530924288E-09
 -2.10545429979E-08
 -3.90460819233E-08
 -5.58621202629E-08
 -7.15108043892E-08
 -8.60155395799E-08
 -9.94141871047E-08
 -1.11758069465E-07
 -1.23110723393E-07
 -1.33546734560E-07
 -1.43150188592E-07
 -1.52013271304E-07
 -1.60234620239E-07
 -1.67917690419E-07
 -1.75169006411E-07
 -1.82096556500E-07
 -1.88807945278E-07
 -1.95408858872E-07
 -2.02001288585E-07
 -2.08682067182E-07
 -2.15541319903E-07
 -2.22661014959E-07
 -2.30113897715E-07
 -2.37962112237E-07
 -2.46256320224E-07
 -2.55034933616E-07
 -2.64323290367E-07
 -2.74133356015E-07
 -2.84463169464E-07
 -2.95296928243E-07
 -3.06604903244E-07
 -3.18343836625E-07
 -3.30457027076E-07
 -3.42875239312E-07
 -3.55517357775E-07
 -3.68291154018E-07
 -3.81094480417E-07
 -3.93816264932E-07
 -4.06338045877E-07
 -4.18535080371E-07
 -4.30278078056E-07
 -4.41434394816E-07
 -4.51869908602E-07
 -4.61450554212E-07
 -4.70043744372E-07
 -4.77520188724E-07
 -4.83755400182E-07
 -4.88631087592E-07
 -4.92036861033E-07
 -4.93871368690E-07
 -4.94043661092E-07
 -4.92474555358E-07
 -4.89097374157E-07
 -4.83858968892E-07
 -4.76720572351E-07
 -4.67658423986E-07
 -4.56664167814E-07
 -4.43745079792E-07
 -4.28924408880E-07
 -4.12241178083E-07
 -3.93750099192E-07
 -3.73521203301E-07
 -3.51639272367E-07
 -3.28203299205E-07
 -3.03325663253E-07
 -2.77131192661E-07
 -2.49756084258E-07
 -2.21346908802E-07
 -1.92059161463E-07
 -1.62056167596E-07
 -1.31507476908E-07
 -1.00587627117E-07
 -6.94745381224E-08
 -3.83480589505E-08
 -7.38846628323E-09
  2.32250290111E-08
  5.33157340499E-08
  8.27109190027E-08
  1.11243188883E-07
  1.38751815371E-07
  1.65083918091E-07
  1.90095661878E-07
  2.13653351011E-07
  2.35634274759E-07
  2.55927631088E-07
  2.74435194569E-07
  2.91072041136E-07
  3.05766832298E-07
  3.18462298310E-07
  3.29115493969E-07
  3.37697770192E-07
  3.44194916124E-07
  3.48606874923E-07
  3.50947516381E-07
  3.51244466401E-07
  3.49538311184E-07
  3.45882284591E-07
  3.40341586025E-07
  3.32992470931E-07
  3.23921739209E-07
  3.13225626769E-07
  3.01008952874E-07
  2.87384324338E-07
  2.72470884966E-07
  2.56393462905E-07
  2.39281462200E-07
  2.21267967504E-07
  2.02488521950E-07
  1.83080246074E-07
  1.63180700952E-07
  1.42927106594E-07
  1.22455176665E-07
  1.01898365301E-07
  8.13869434069E-08
  6.10471886375E-08
  4.10005895901E-08
  2.13632027624E-08
  2.24494112189E-09
 -1.62509934398E-08
 -3.40286518963E-08
 -5.09998052678E-08
 -6.70843647299E-08
 -8.22107040221E-08
 -9.63159862977E-08
 -1.09346338206E-07
 -1.21257073715E-07
 -1.32012743848E-07
 -1.41587236158E-07
 -1.49963753415E-07
 -1.57134749657E-07
 -1.63101844919E-07
 -1.67875654711E-07
 -1.71475576849E-07
 -1.73929606717E-07
 -1.75273925151E-07
 -1.75552713699E-07
 -1.74817699872E-07
 -1.73127716607E-07
 -1.70548361211E-07
 -1.67151426922E-07
 -1.63014433952E-07
 -1.58220046842E-07
 -1.52855562874E-07
 -1.47012229945E-07
 -1.40784692348E-07
 -1.34270308649E-07
 -1.27568412722E-07
 -1.20779731105E-07
 -1.14005544560E-07
 -1.07347048584E-07
 -1.00904557598E-07
 -9.47767588855E-08
 -8.90599238801E-08
 -8.38471905240E-08
 -7.92277532469E-08
 -7.52861097908E-08
 -7.21013364569E-08
 -6.97463136135E-08
 -6.82870293645E-08
 -6.77819045336E-08
 -6.82811105435E-08
 -6.98259725596E-08
 -7.24483797399E-08
 -7.61702736440E-08
 -8.10031721699E-08
 -8.69478000709E-08
 -9.39936768418E-08
 -1.02118995926E-07
 -1.11290255234E-07
 -1.21462377933E-07
 -1.32578534817E-07
 -1.44570321936E-07
 -1.57357916919E-07
 -1.70850441350E-07
 -1.84946216564E-07
 -1.99533374712E-07
 -2.14490427197E-07
 -2.29686918374E-07
 -2.44984249775E-07
 -2.60236618033E-07
 -2.75291967000E-07
 -2.89992954094E-07
 -3.04178371380E-07
 -3.17684140327E-07
 -3.30344619215E-07
 -3.41994194741E-07
 -3.52468362053E-07
 -3.61605401622E-07
 -3.69247658227E-07
 -3.75243246253E-07
 -3.79447243404E-07
 -3.81723339160E-07
 -3.81945227446E-07
 -3.79997970867E-07
 -3.75779279693E-07
 -3.69200819250E-07
 -3.60189432058E-07
 -3.48688189433E-07
 -3.34657272560E-07
 -3.18074995675E-07
 -2.98938260812E-07
 -2.77263438875E-07
 -2.53086625435E-07
 -2.26463910735E-07
 -1.97471493379E-07
 -1.66205609275E-07
 -1.32782361106E-07
 -9.73371996338E-08
 -6.00243836857E-08
 -2.10162180991E-08
  1.94979055124E-08
  6.13125905602E-08
  1.04207686036E-07
  1.47949748452E-07
  1.92293526879E-07
  2.36983694890E-07
  2.81756626919E-07
  3.26342274093E-07
  3.70466267441E-07
  4.13851864778E-07
  4.56222011280E-07
  4.97301641644E-07
  5.36819925401E-07
  5.74512057483E-07
  6.10121730915E-07
  6.43403325284E-07
  6.74123441513E-07
  7.02063630342E-07
  7.27021529201E-07
  7.48813079099E-07
  7.67274002555E-07
  7.82261338372E-07
  7.93654749032E-07
  8.01357543878E-07
  8.05297759143E-07
  8.05429124284E-07
  8.01731175670E-07
  7.94210052391E-07
  7.82898268881E-07
  7.67854942296E-07
  7.49165337766E-07
  7.26940356799E-07
  7.01315912011E-07
  6.72451847095E-07
  6.40530970486E-07
  6.05757634276E-07
  5.68356256281E-07
  5.28569557900E-07
  4.86657143028E-07
  4.42892883257E-07
  3.97563269416E-07
  3.50965279949E-07
  3.03403822954E-07
  2.55189576137E-07
  2.06636528333E-07
  1.58059677347E-07
  1.09772436474E-07
  6.20844176069E-08
  1.52989461100E-08
 -3.02892182447E-08
 -7.43961336980E-08
 -1.16750754842E-07
 -1.57097076681E-07
 -1.95195923425E-07
 -2.30826799452E-07
 -2.63789445398E-07
 -2.93905344506E-07
 -3.21018859495E-07
 -3.44998312585E-07
 -3.65737037100E-07
 -3.83153860639E-07
 -3.97193559820E-07
 -4.07827229765E-07
 -4.15052198832E-07
 -4.18892000198E-07
 -4.19395774998E-07
 -4.16637902845E-07
 -4.10717149180E-07
 -4.01755670509E-07
 -3.89897905961E-07
 -3.75309298306E-07
 -3.58174759185E-07
 -3.38697134339E-07
 -3.17095469882E-07
 -2.93603108048E-07
 -2.68465839781E-07
 -2.41939773105E-07
 -2.14289386236E-07
 -1.85785239637E-07
 -1.56701943865E-07
 -1.27315928466E-07
 -9.79032535042E-08
 -6.87375418806E-08
 -4.00877553375E-08
 -1.22162511218E-08
  1.46233105625E-08
  4.01877997547E-08
  6.42464854650E-08
  8.65827018970E-08
  1.06995450722E-07
  1.25300857690E-07
  1.41333515558E-07
  1.54947585429E-07
  1.66017883885E-07
  1.74440714318E-07
  1.80134534844E-07
  1.83040569368E-07
  1.83122992325E-07
  1.80369369218E-07
  1.74790415031E-07
  1.66419980019E-07
  1.55314765493E-07
  1.41553741173E-07
  1.25237562543E-07
  1.06487810569E-07
  8.54459969446E-08
  6.22725409016E-08
  3.71455719517E-08
  1.02595771878E-08
 -1.81759869378E-08
 -4.79382507024E-08
 -7.87925387158E-08
 -1.10494077887E-07
 -1.42789744473E-07
 -1.75419899051E-07
 -2.08120297884E-07
 -2.40623876380E-07
 -2.72662759926E-07
 -3.03970210780E-07
 -3.34282418635E-07
 -3.63340603826E-07
 -3.90892694213E-07
 -4.16695257854E-07
 -4.40515293576E-07
 -4.62131936274E-07
 -4.81338076952E-07
 -4.97941982758E-07
 -5.11768632805E-07
 -5.22661423474E-07
 -5.30482793692E-07
 -5.35116100764E-07
 -5.36465904588E-07
 -5.34459502433E-07
 -5.29047099462E-07
 -5.20202604548E-07
 -5.07924198700E-07
 -4.92234164540E-07
 -4.73179454730E-07
 -4.50831350918E-07
 -4.25285293204E-07
 -3.96660425395E-07
 -3.65099197097E-07
 -3.30766511070E-07
 -2.93848813726E-07
 -2.54553185641E-07
 -2.13105977309E-07
 -1.69751658063E-07
 -1.24751196040E-07
 -7.83805162996E-08
 -3.09287742084E-08
  1.73035079598E-08
  6.60063790292E-08
  1.14862459100E-07
  1.63549117360E-07
  2.11740569966E-07
  2.59110095158E-07
  3.05332406469E-07
  3.50085826994E-07
  3.93054563119E-07
  4.33930978261E-07
  4.72417923447E-07
  5.08230812102E-07
  5.41099836937E-07
  5.70772044739E-07
  5.97013070092E-07
  6.19609352270E-07
  6.38369670014E-07
  6.53126676298E-07
  6.63738546791E-07
  6.70089889354E-07
  6.72093278808E-07
  6.69689939059E-07
  6.62850311528E-07
  6.51575021493E-07
  6.35894537027E-07
  6.15869907961E-07
  5.91592140609E-07
  5.63182197766E-07
  5.30789918685E-07
  4.94593848543E-07
  4.54799703675E-07
  4.11639462072E-07
  3.65369686506E-07
  3.16270046596E-07
  2.64641528247E-07
  2.10804287804E-07
  1.55095662535E-07
  9.78677903163E-08
  3.94851689123E-08
 -1.96777865114E-08
 -7.92394345694E-08
 -1.38813575745E-07
 -1.98012244823E-07
 -2.56448430491E-07
 -3.13738780733E-07
 -3.69506636844E-07
 -4.23384534542E-07
 -4.75016889823E-07
 -5.24062670593E-07
 -5.70198039895E-07
 -6.13118402271E-07
 -6.52540734336E-07
 -6.88206114319E-07
 -7.19880858924E-07
 -7.47358853914E-07
 -7.70462804667E-07
 -7.89045714100E-07
 -8.02991564797E-07
 -8.12216455870E-07
 -8.16669341930E-07
 -8.16331748865E-07
 -8.11218569652E-07
 -8.01377268544E-07
 -7.86888051607E-07
 -7.67862616158E-07
 -7.44443639178E-07
 -7.16803413070E-07
 -6.85142481416E-07
 -6.49688274734E-07
 -6.10692950431E-07
 -5.68431744341E-07
 -5.23200526459E-07
 -4.75313896686E-07
 -4.25102285817E-07
 -3.72909823909E-07
 -3.19091441270E-07
 -2.64010452611E-07
 -2.08035459082E-07
 -1.51537889792E-07
 -9.48890743757E-08
 -3.84575962187E-08
  1.73934306957E-08
  7.23090209931E-08
  1.25944794149E-07
  1.77969482706E-07
  2.28067136732E-07
  2.75939413541E-07
  3.21307425111E-07
  3.63913699175E-07
  4.03523728210E-07
  4.39927447360E-07
  4.72940484997E-07
  5.02404986946E-07
  5.28190753357E-07
  5.50195579763E-07
  5.68345456031E-07
  5.82594964271E-07
  5.92926994614E-07
  5.99352460995E-07
  6.01909789566E-07
  6.00663895511E-07
  5.95705671458E-07
  5.87150623232E-07
  5.75137278247E-07
  5.59826219160E-07
  5.41398094356E-07
  5.20052196862E-07
  4.96004020079E-07
  4.69484092491E-07
  4.40735249185E-07
  4.10011011809E-07
  3.77573172727E-07
  3.43689777083E-07
  3.08632962742E-07
  2.72676743407E-07
  2.36095033301E-07
  1.99159401859E-07
  1.62137254733E-07
  1.25289801645E-07
  8.88703368673E-08
  5.31223953715E-08
  1.82782713409E-08
 -1.54425219279E-08
 -4.78345434374E-08
 -7.87076501751E-08
 -1.07887977663E-07
 -1.35218868991E-07
 -1.60561597795E-07
 -1.83795847875E-07
 -2.04820210570E-07
 -2.23552419243E-07
 -2.39929306645E-07
 -2.53906875969E-07
 -2.65459988213E-07
 -2.74581992699E-07
 -2.81284371795E-07
 -2.85595916694E-07
 -2.87562016865E-07
 -2.87243892672E-07
 -2.84717600607E-07
 -2.80072981695E-07
 -2.73412467777E-07
 -2.64850029907E-07
 -2.54509842534E-07
 -2.42525032945E-07
 -2.29036359656E-07
 -2.14190876591E-07
 -1.98140696739E-07
 -1.81041485803E-07
 -1.63051268487E-07
 -1.44329149521E-07
 -1.25034020471E-07
 -1.05323344712E-07
 -8.53520703004E-08
 -6.52714717830E-08
 -4.52281661012E-08
 -2.53631622371E-08
 -5.81099701691E-09
  1.33010518155E-08
  3.18536450550E-08
  4.97359877727E-08
  6.68463329134E-08
  8.30924022921E-08
  9.83916876862E-08
  1.12671678210E-07
  1.25869988210E-07
  1.37934435429E-07
  1.48822863366E-07
  1.58503169700E-07
  1.66953000758E-07
  1.74159438870E-07
  1.80118675530E-07
  1.84835556638E-07
  1.88323099337E-07
  1.90601980421E-07
  1.91699868424E-07
  1.91650840975E-07
  1.90494688468E-07
  1.88276203517E-07
  1.85044584100E-07
  1.80852509857E-07
  1.75755545229E-07
  1.69811414708E-07
  1.63079207027E-07
  1.55618678832E-07
  1.47489643609E-07
  1.38751261147E-07
  1.29461412257E-07
  1.19676101917E-07
  1.09448968999E-07
  9.88308173078E-08
  8.78690755712E-08
  7.66075416436E-08
  6.50859988127E-08
  5.33399848734E-08
  4.14006109395E-08
  2.92944388747E-08
  1.70434315550E-08
  4.66496397067E-09
 -7.82807418886E-09
 -2.04271426441E-08
 -3.31278222632E-08
 -4.59295463884E-08
 -5.88352477848E-08
 -7.18509838293E-08
 -8.49854515650E-08
 -9.82495365065E-08
 -1.11655758417E-07
 -1.25217681557E-07
 -1.38949332040E-07
 -1.52864586767E-07
 -1.66976462879E-07
 -1.81296570645E-07
 -1.95834331862E-07
 -2.10596425632E-07
 -2.25586177294E-07
 -2.40802791041E-07
 -2.56241008856E-07
 -2.71890286285E-07
 -2.87734451376E-07
 -3.03751335196E-07
 -3.19912118130E-07
 -3.36181329885E-07
 -3.52516252633E-07
 -3.68867006273E-07
 -3.85176292639E-07
 -4.01379566028E-07
 -4.17404862674E-07
 -4.33173141801E-07
 -4.48598541425E-07
 -4.63588577304E-07
 -4.78044853480E-07
 -4.91863318075E-07
 -5.04935201207E-07
 -5.17147384471E-07
 -5.28383452547E-07
 -5.38524659532E-07
 -5.47450383692E-07
 -5.55039775918E-07
 -5.61172385005E-07
 -5.65729521895E-07
 -5.68595282857E-07
 -5.69657515825E-07
 -5.68809696233E-07
 -5.65951324916E-07
 -5.60989690257E-07
 -5.53840891371E-07
 -5.44430633909E-07
 -5.32696049049E-07
 -5.18585977716E-07
 -5.02062505348E-07
 -4.83101530335E-07
 -4.61693673515E-07
 -4.37845102397E-07
 -4.11577929071E-07
 -3.82930721798E-07
 -3.51958874489E-07
 -3.18735004612E-07
 -2.83348583707E-07
 -2.45906250029E-07
 -2.06531368008E-07
 -1.65363687188E-07
 -1.22558859061E-07
 -7.82877123129E-08
 -3.27353504304E-08
  1.38997089394E-08
  6.14067161564E-08
  1.09563949025E-07
  1.58140025519E-07
  2.06895450106E-07
  2.55584126307E-07
  3.03955090430E-07
  3.51754209760E-07
  3.98726001549E-07
  4.44615466222E-07
  4.89169963203E-07
  5.32141029908E-07
  5.73286570216E-07
  6.12372048181E-07
  6.49173102829E-07
  6.83476628183E-07
  7.15082819625E-07
  7.43806765513E-07
  7.69479584051E-07
  7.91950128587E-07
  8.11086181329E-07
  8.26775249152E-07
  8.38925700464E-07
  8.47467504173E-07
  8.52352741276E-07
  8.53555945923E-07
  8.51074332786E-07
  8.44927683374E-07
  8.35158687096E-07
  8.21831690700E-07
  8.05032925655E-07
  7.84869314430E-07
  7.61467617849E-07
  7.34973696126E-07
  7.05550689872E-07
  6.73378167448E-07
  6.38650305973E-07
  6.01574470238E-07
  5.62369393720E-07
  5.21263359587E-07
  4.78492552247E-07
  4.34298812024E-07
  3.88927986705E-07
  3.42628112548E-07
  2.95647140547E-07
  2.48231401656E-07
  2.00623603064E-07
  1.53061222363E-07
  1.05774738302E-07
  5.89861777200E-08
  1.29076189737E-08
 -3.22600399727E-08
 -7.63282841376E-08
 -1.19121907005E-07
 -1.60479913802E-07
 -2.00256124572E-07
 -2.38319699974E-07
 -2.74555389979E-07
 -3.08863690179E-07
 -3.41160898643E-07
 -3.71378803266E-07
 -3.99464312295E-07
 -4.25378942737E-07
 -4.49098251920E-07
 -4.70610871162E-07
 -4.89917624691E-07
 -5.07030733843E-07
 -5.21972424394E-07
 -5.34773846539E-07
 -5.45473881175E-07
 -5.54117889351E-07
 -5.60756461709E-07
 -5.65443826872E-07
 -5.68237339849E-07
 -5.69195378830E-07
 -5.68376776755E-07
 -5.65839684441E-07
 -5.61640661090E-07
 -5.55833423732E-07
 -5.48468449324E-07
 -5.39592292625E-07
 -5.29247188297E-07
 -5.17470482464E-07
 -5.04294860093E-07
 -4.89748003929E-07
 -4.73852708183E-07
 -4.56627475387E-07
 -4.38086800614E-07
 -4.18241796751E-07
 -3.97100848204E-07
 -3.74670605652E-07
 -3.50956952389E-07
 -3.25965970660E-07
 -2.99705163798E-07
 -2.72184678352E-07
 -2.43418668333E-07
 -2.13426346818E-07
 -1.82233506507E-07
 -1.49873685018E-07
 -1.16389450966E-07
 -8.18335337271E-08
 -4.62699105697E-08
 -9.77483782805E-09
  2.75623381896E-08
  6.56384457898E-08
  1.04335981632E-07
  1.43522640883E-07
  1.83051284353E-07
  2.22759808821E-07
  2.62471530732E-07
  3.01995527252E-07
  3.41127361025E-07
  3.79650060722E-07
  4.17335229486E-07
  4.53944210221E-07
  4.89229989853E-07
  5.22938591985E-07
  5.54811492748E-07
  5.84587326102E-07
  6.12004384948E-07
  6.36803008547E-07
  6.58728083636E-07
  6.77531829751E-07
  6.92976129812E-07
  7.04835485976E-07
  7.12899861810E-07
  7.16977012871E-07
  7.16895215191E-07
  7.12506107448E-07
  7.03686453107E-07
  6.90340925757E-07
  6.72404098623E-07
  6.49841922495E-07
  6.22653715254E-07
  5.90873469264E-07
  5.54570419808E-07
  5.13850636708E-07
  4.68856597990E-07
  4.19767872017E-07
  3.66800520624E-07
  3.10206672793E-07
  2.50273387792E-07
  1.87321461453E-07
  1.21703564560E-07
  5.38024202967E-08
 -1.59717234993E-08
 -8.71837286809E-08
 -1.59376583042E-07
 -2.32074597761E-07
 -3.04787050709E-07
 -3.77011787123E-07
 -4.48239205753E-07
 -5.17956323165E-07
 -5.85651207530E-07
 -6.50816730285E-07
 -7.12955397830E-07
 -7.71583529513E-07
 -8.26235350360E-07
 -8.76467311173E-07
 -9.21862465475E-07
 -9.62033823271E-07
 -9.96628386929E-07
 -1.02533067547E-06
 -1.04786545307E-06
 -1.06400148070E-06
 -1.07355288037E-06
 -1.07638197733E-06
 -1.07240123270E-06
 -1.06157415303E-06
 -1.04391631339E-06
 -1.01949581222E-06
 -9.88433043858E-07
 -9.50900641783E-07
 -9.07122455374E-07
 -8.57371730945E-07
 -8.01969861186E-07
 -7.41283713523E-07
 -6.75723072163E-07
 -6.05737454862E-07
 -5.31813100224E-07
 -4.54468420230E-07
 -3.74250561208E-07
 -2.91730827939E-07
 -2.07499908811E-07
 -1.22163413607E-07
 -3.63367256284E-08
  4.93599152662E-08
  1.34306560540E-07
  2.17888597831E-07
  2.99501834888E-07
  3.78557388103E-07
  4.54486581702E-07
  5.26745736806E-07
  5.94820107835E-07
  6.58228941575E-07
  7.16528404610E-07
  7.69315761318E-07
  8.16232500256E-07
  8.56966892115E-07
  8.91256547675E-07
  9.18890350476E-07
  9.39709991599E-07
  9.53610822307E-07
  9.60542706707E-07
  9.60509851211E-07
  9.53570634010E-07
  9.39836581892E-07
  9.19471062844E-07
  8.92687637588E-07
  8.59747956383E-07
  8.20958916847E-07
  7.76669878633E-07
  7.27269650724E-07
  6.73182228184E-07
  6.14863608916E-07
  5.52797359887E-07
  4.87490126488E-07
  4.19467539814E-07
  3.49269555500E-07
  2.77445678876E-07
  2.04550261174E-07
  1.31138108372E-07
  5.77595962170E-08
 -1.50436409996E-08
 -8.67431708684E-08
 -1.56827852038E-07
 -2.24807891414E-07
 -2.90218508781E-07
 -3.52623345634E-07
 -4.11617691043E-07
 -4.66831238555E-07
 -5.17930516253E-07
 -5.64620961541E-07
 -6.06648768553E-07
 -6.43802138711E-07
 -6.75912076531E-07
 -7.02853071743E-07
 -7.24543212982E-07
 -7.40943960409E-07
 -7.52059406750E-07
 -7.57935481488E-07
 -7.58658359246E-07
 -7.54353152388E-07
 -7.45181409911E-07
 -7.31339582671E-07
 -7.13055726465E-07
 -6.90587341978E-07
 -6.64218248403E-07
 -6.34255457044E-07
 -6.01026044933E-07
 -5.64873687381E-07
 -5.26155588432E-07
 -4.85238501824E-07
 -4.42495917241E-07
 -3.98304393912E-07
 -3.53040263690E-07
 -3.07076277295E-07
 -2.60778790562E-07
 -2.14504652263E-07
 -1.68598333516E-07
 -1.23389554574E-07
 -7.91907055486E-08
 -3.62947645272E-08
  5.02654495804E-09
  4.45245120773E-08
  8.19747825176E-08
  1.17178508674E-07
  1.49963170770E-07
  1.80183278076E-07
  2.07720546541E-07
  2.32484040907E-07
  2.54410053913E-07
  2.73461552069E-07
  2.89627564598E-07
  3.02922359197E-07
  3.13384305173E-07
  3.21074679732E-07
  3.26076019519E-07
  3.28490870061E-07
  3.28439881514E-07
  3.26060018097E-07
  3.21502653833E-07
  3.14931725143E-07
  3.06521599214E-07
  2.96455056059E-07
  2.84921497951E-07
  2.72114505151E-07
  2.58230215877E-07
  2.43465365202E-07
  2.28015281323E-07
  2.12072208683E-07
  1.95823687932E-07
  1.79450893256E-07
  1.63127211295E-07
  1.47017019003E-07
  1.31274447313E-07
  1.16042222942E-07
  1.01451028911E-07
  8.76185524135E-08
  7.46489874359E-08
  6.26325658004E-08
  5.16452516308E-08
  4.17485850335E-08
  3.29896749918E-08
  2.54012988421E-08
  1.90021456348E-08
  1.37971669645E-08
  9.77806458025E-09
  6.92383750334E-09
  5.20145659877E-09
  4.56660931292E-09
  4.96451235676E-09
  6.33079455525E-09
  8.59243165507E-09
  1.16687148832E-08
  1.54722670231E-08
  1.99100629317E-08
  2.48844855832E-08
  3.02943661268E-08
  3.60360310481E-08
  4.20043306804E-08
  4.80936677150E-08
  5.41989528813E-08
  6.02165997066E-08
  6.60453878254E-08
  7.15873937907E-08
  7.67487549069E-08
  8.14404756966E-08
  8.55791242316E-08
  8.90875000437E-08
  9.18952096640E-08
  9.39391995303E-08
  9.51642320501E-08
  9.55232692945E-08
  9.49777785308E-08
  9.34980661782E-08
  9.10633985995E-08
  8.76621584212E-08
  8.32919155869E-08
  7.79594202527E-08
  7.16805033107E-08
  6.44799840188E-08
  5.63914603902E-08
  4.74570285292E-08
  3.77270197305E-08
  2.72595759299E-08
  1.61202571292E-08
  4.38155112192E-09
 -7.87764697918E-09
 -2.05726191638E-08
 -3.36134284851E-08
 -4.69055940755E-08
 -6.03507643859E-08
 -7.38474810191E-08
 -8.72918803907E-08
 -1.00578567697E-07
 -1.13601302587E-07
 -1.26253922872E-07
 -1.38431147434E-07
 -1.50029350721E-07
 -1.60947521977E-07
 -1.71087947365E-07
 -1.80357162094E-07
 -1.88666660961E-07
 -1.95933807845E-07
 -2.02082347300E-07
 -2.07043342471E-07
 -2.10755786156E-07
 -2.13167155039E-07
 -2.14234020746E-07
 -2.13922561443E-07
 -2.12208988160E-07
 -2.09079900060E-07
 -2.04532582870E-07
 -1.98575250465E-07
 -1.91227073287E-07
 -1.82518292036E-07
 -1.72490146610E-07
 -1.61194734005E-07
 -1.48694624613E-07
 -1.35062791173E-07
 -1.20381884017E-07
 -1.04743932638E-07
 -8.82495641008E-08
 -7.10073848609E-08
 -5.31331494358E-08
 -3.47489326202E-08
 -1.59821595958E-08
  3.03539371416E-09
  2.21686420332E-08
  4.12803196070E-08
  6.02321037491E-08
  7.88858116607E-08
  9.71045750475E-08
  1.14754044489E-07
  1.31703629336E-07
  1.47827549313E-07
  1.63006191656E-07
  1.77126992185E-07
  1.90085671647E-07
  2.01787202059E-07
  2.12146616718E-07
  2.21090033392E-07
  2.28555279591E-07
  2.34492574691E-07
  2.38865055735E-07
  2.41649246391E-07
  2.42835312747E-07
  2.42427177000E-07
  2.40442659560E-07
  2.36913336948E-07
  2.31884285995E-07
  2.25413700150E-07
  2.17572491579E-07
  2.08443509564E-07
  1.98120901018E-07
  1.86709229411E-07
  1.74322352109E-07
  1.61082539307E-07
  1.47119180838E-07
  1.32567507194E-07
  1.17567289237E-07
  1.02261509483E-07
  8.67948628525E-08
  7.13123426976E-08
  5.59577593151E-08
  4.08722975465E-08
  2.61930743761E-08
  1.20517142932E-08
 -1.42698020067E-09
 -1.41263436504E-08
 -2.59390517954E-08
 -3.67682488900E-08
 -4.65285658890E-08
 -5.51470193955E-08
 -6.25637923690E-08
 -6.87328807203E-08
 -7.36225516107E-08
 -7.72157449092E-08
 -7.95102366169E-08
 -8.05186672892E-08
 -8.02684283485E-08
 -7.88013920783E-08
 -7.61734355592E-08
 -7.24538935515E-08
 -6.77247768976E-08
 -6.20799340822E-08
 -5.56240244975E-08
 -4.84713851279E-08
 -4.07447906525E-08
 -3.25741460472E-08
 -2.40950122077E-08
 -1.54471919700E-08
 -6.77315004083E-09
  1.78354453428E-09
  1.00798054348E-08
  1.79746209028E-08
  2.53306211562E-08
  3.20156239297E-08
  3.79041189547E-08
  4.28787032547E-08
  4.68313992030E-08
  4.96649228410E-08
  5.12938136410E-08
  5.16454292665E-08
  5.06608515138E-08
  4.82956004078E-08
  4.45202346100E-08
  3.93207564287E-08
  3.26988995880E-08
  2.46722162700E-08
  1.52739989545E-08
  4.55305482205E-09
 -7.42669437059E-09
 -2.05867731751E-08
 -3.48348621060E-08
 -5.00656618385E-08
 -6.61618955178E-08
 -8.29953847870E-08
 -1.00428351857E-07
 -1.18314730457E-07
 -1.36501554948E-07
 -1.54830487986E-07
 -1.73139355297E-07
 -1.91263779925E-07
 -2.09038717003E-07
 -2.26300159056E-07
 -2.42886613933E-07
 -2.58640824313E-07
 -2.73411217222E-07
 -2.87053438797E-07
 -2.99431604844E-07
 -3.10419835614E-07
 -3.19903278978E-07
 -3.27779247300E-07
 -3.33958297460E-07
 -3.38364884556E-07
 -3.40938186127E-07
 -3.41632613754E-07
 -3.40418210953E-07
 -3.37280823715E-07
 -3.32222384714E-07
 -3.25260515410E-07
 -3.16428725000E-07
 -3.05775728293E-07
 -2.93364962545E-07
 -2.79274075865E-07
 -2.63594046146E-07
 -2.46428385253E-07
 -2.27892016369E-07
 -2.08110208177E-07
 -1.87217452208E-07
 -1.65356155435E-07
 -1.42675347092E-07
 -1.19329300219E-07
 -9.54761816274E-08
 -7.12766023980E-08
 -4.68922785046E-08
 -2.24845777552E-08
  1.78678494223E-09
  2.57651162627E-08
  4.92979879141E-08
  7.22384569940E-08
  9.44461930885E-08
  1.15788537869E-07
  1.36141480311E-07
  1.55390438294E-07
  1.73431146777E-07
  1.90170197811E-07
  2.05525580554E-07
  2.19427192860E-07
  2.31817011809E-07
  2.42649377924E-07
  2.51891037806E-07
  2.59521016233E-07
