  1.09239252311E-07
  1.09383563540E-07
  1.09351326216E-07
  1.09144366434E-07
  1.08764346862E-07
  1.08212717009E-07
  1.07490741641E-07
  1.06599514993E-07
  1.05539996298E-07
  1.04313038207E-07
  1.02919408107E-07
  1.01359844962E-07
  9.96351019467E-08
  9.77459748697E-08
  9.56933945417E-08
  9.34784338824E-08
  9.11023931849E-08
  8.85668143269E-08
  8.58735944576E-08
  8.30249931028E-08
  8.00236605869E-08
  7.68727872469E-08
  7.35760110615E-08
  7.01375739709E-08
  6.65622721385E-08
  6.28555554272E-08
  5.90234954245E-08
  5.50728351811E-08
  5.10109927632E-08
  4.68460541470E-08
  4.25867874299E-08
  3.82426144085E-08
  3.38235963682E-08
  2.93404216478E-08
  2.48043452444E-08
  2.02271657201E-08
  1.56211630298E-08
  1.09990505592E-08
  6.37390851210E-09
  1.75910597200E-09
 -2.83175882743E-09
 -7.38495531394E-09
 -1.18866934073E-08
 -1.63232218853E-08
 -2.06809165348E-08
 -2.49463703028E-08
 -2.91064896629E-08
 -3.31486020855E-08
 -3.70605270916E-08
 -4.08306988220E-08
 -4.44482246564E-08
 -4.79030077827E-08
 -5.11857933816E-08
 -5.42882823140E-08
 -5.72031808588E-08
 -5.99242682142E-08
 -6.24464746579E-08
 -6.47658922048E-08
 -6.68798563197E-08
 -6.87869601279E-08
 -7.04870828372E-08
 -7.19813755268E-08
 -7.32723037800E-08
 -7.43636192624E-08
 -7.52603313003E-08
 -7.59686784590E-08
 -7.64961001209E-08
 -7.68511796423E-08
 -7.70435875097E-08
 -7.70839818642E-08
 -7.69839587633E-08
 -7.67559669157E-08
 -7.64131584674E-08
 -7.59693605801E-08
 -7.54388906898E-08
 -7.48364925585E-08
 -7.41772012702E-08
 -7.34761727017E-08
 -7.27486266783E-08
 -7.20096906548E-08
 -7.12742220799E-08
 -7.05567586579E-08
 -6.98713478187E-08
 -6.92314188200E-08
 -6.86496761659E-08
 -6.81379788148E-08
 -6.77072122812E-08
 -6.73672460039E-08
 -6.71267912367E-08
 -6.69932944675E-08
 -6.69729374181E-08
 -6.70705091466E-08
 -6.72893705200E-08
 -6.76314471093E-08
 -6.80971226075E-08
 -6.86853098841E-08
 -6.93933870366E-08
 -7.02172400224E-08
 -7.11512555540E-08
 -7.21883921528E-08
 -7.33201588332E-08
 -7.45367501054E-08
 -7.58271099244E-08
 -7.71789174792E-08
 -7.85788003554E-08
 -8.00123629574E-08
 -8.14643072999E-08
 -8.29185680118E-08
 -8.43584189170E-08
 -8.57666009324E-08
 -8.71254641766E-08
 -8.84170958670E-08
 -8.96234695347E-08
 -9.07266084482E-08
 -9.17086353525E-08
 -9.25520353690E-08
 -9.32396986286E-08
 -9.37550979074E-08
 -9.40823881024E-08
 -9.42065554455E-08
 -9.41135240851E-08
 -9.37902342457E-08
 -9.32248056529E-08
 -9.24065375330E-08
 -9.13260791435E-08
 -8.99754155625E-08
 -8.83479955860E-08
 -8.64387317279E-08
 -8.42440357474E-08
 -8.17618612814E-08
 -7.89917038446E-08
 -7.59345937240E-08
 -7.25930675571E-08
 -6.89711967539E-08
 -6.50744738095E-08
 -6.09098336213E-08
 -5.64855433538E-08
 -5.18111704650E-08
 -4.68974938883E-08
 -4.17564223198E-08
 -3.64009018483E-08
 -3.08448200315E-08
 -2.51029117493E-08
 -1.91906508462E-08
 -1.31241311152E-08
 -6.91997747992E-09
 -5.95217763966E-10
  5.83281822841E-09
  1.23466143975E-08
  1.89285671581E-08
  2.55611016797E-08
  3.22267617037E-08
  3.89083005814E-08
  4.55887985140E-08
  5.22517105139E-08
  5.88809676572E-08
  6.54610516904E-08
  7.19770198998E-08
  7.84146081401E-08
  8.47602592557E-08
  9.10011408450E-08
  9.71252163140E-08
  1.03121223560E-07
  1.08978696289E-07
  1.14688020858E-07
  1.20240358115E-07
  1.25627707348E-07
  1.30842821022E-07
  1.35879204777E-07
  1.40731188480E-07
  1.45393670437E-07
  1.49862316334E-07
  1.54133388719E-07
  1.58203732781E-07
  1.62070705301E-07
  1.65732174651E-07
  1.69186421317E-07
  1.72432152112E-07
  1.75468358066E-07
  1.78294385478E-07
  1.80909736969E-07
  1.83314199376E-07
  1.85507659012E-07
  1.87490172721E-07
  1.89261825767E-07
  1.90822802892E-07
  1.92173317259E-07
  1.93313567820E-07
  1.94243725105E-07
  1.94964016487E-07
  1.95474555653E-07
  1.95775456291E-07
  1.95866846298E-07
  1.95748725673E-07
  1.95421179683E-07
  1.94884222537E-07
  1.94137953713E-07
  1.93182430053E-07
  1.92017807876E-07
  1.90644314557E-07
  1.89062291156E-07
  1.87272235053E-07
  1.85274785736E-07
  1.83070767434E-07
  1.80661217541E-07
  1.78047486088E-07
  1.75231107846E-07
  1.72213987071E-07
  1.68998326444E-07
  1.65586712342E-07
  1.61982001146E-07
  1.58187532406E-07
  1.54206944103E-07
  1.50044357383E-07
  1.45704220245E-07
  1.41191435432E-07
  1.36511275173E-07
  1.31669423808E-07
  1.26671949374E-07
  1.21525317809E-07
  1.16236272163E-07
  1.10811988918E-07
  1.05259900351E-07
  9.95877442733E-08
  9.38035071840E-08
  8.79154526956E-08
  8.19319794232E-08
  7.58617133556E-08
  6.97133870631E-08
  6.34958325918E-08
  5.72179708058E-08
  5.08887403328E-08
  4.45170798002E-08
  3.81119100723E-08
  3.16820774060E-08
  2.52363374642E-08
  1.87833251175E-08
  1.23315251344E-08
  5.88925708200E-09
 -5.35358757325E-10
 -6.93441082333E-09
 -1.33002178160E-08
 -1.96253431284E-08
 -2.59025991767E-08
 -3.21250652746E-08
 -3.82860818604E-08
 -4.43792700366E-08
 -5.03985191358E-08
 -5.63379956020E-08
 -6.21921145694E-08
 -6.79555753891E-08
 -7.36233118914E-08
 -7.91905208075E-08
 -8.46526333476E-08
 -9.00052796737E-08
 -9.52443386382E-08
 -1.00365859623E-07
 -1.05366090963E-07
 -1.10241458628E-07
 -1.14988537803E-07
 -1.19604067095E-07
 -1.24084891695E-07
 -1.28428041535E-07
 -1.32630589178E-07
 -1.36689749297E-07
 -1.40602864462E-07
 -1.44367305666E-07
 -1.47980571796E-07
 -1.51440261220E-07
 -1.54743986513E-07
 -1.57889488150E-07
 -1.60874591870E-07
 -1.63697194466E-07
 -1.66355263786E-07
 -1.68846838733E-07
 -1.71170100316E-07
 -1.73323300601E-07
 -1.75304791128E-07
 -1.77113065547E-07
 -1.78746702773E-07
 -1.80204438038E-07
 -1.81485106054E-07
 -1.82587783115E-07
 -1.83511559726E-07
 -1.84255839031E-07
 -1.84820081017E-07
 -1.85203987257E-07
 -1.85407444064E-07
 -1.85430494071E-07
 -1.85273435704E-07
 -1.84936709502E-07
 -1.84421040217E-07
 -1.83727280501E-07
 -1.82856553010E-07
 -1.81810179356E-07
 -1.80589680099E-07
 -1.79196831596E-07
 -1.77633580734E-07
 -1.75902073352E-07
 -1.74004739506E-07
 -1.71944122940E-07
 -1.69722966348E-07
 -1.67344282431E-07
 -1.64811183367E-07
 -1.62127008707E-07
 -1.59295240110E-07
 -1.56319515554E-07
 -1.53203643549E-07
 -1.49951574713E-07
 -1.46567373349E-07
 -1.43055288504E-07
 -1.39419597645E-07
 -1.35664791401E-07
 -1.31795346192E-07
 -1.27815908968E-07
 -1.23731211943E-07
 -1.19546015753E-07
 -1.15265166301E-07
 -1.10893580541E-07
 -1.06436225167E-07
 -1.01898066873E-07
 -9.72841718294E-08
 -9.25995706780E-08
 -8.78493509049E-08
 -8.30385857853E-08
 -7.81723841214E-08
 -7.32558120831E-08
 -6.82939571561E-08
 -6.32918784049E-08
 -5.82546135774E-08
 -5.31871755527E-08
 -4.80945203662E-08
 -4.29815969483E-08
 -3.78532938328E-08
 -3.27144462631E-08
 -2.75698397445E-08
 -2.24242082680E-08
 -1.72822165467E-08
 -1.21484688975E-08
 -7.02751190573E-09
 -1.92382176856E-09
  3.15818882157E-09
  8.21417156516E-09
  1.32398394470E-08
  1.82309651819E-08
  2.31833769959E-08
  2.80929590701E-08
  3.29556328893E-08
  3.77673678997E-08
  4.25241601931E-08
  4.72220378356E-08
  5.18570359986E-08
  5.64251969593E-08
  6.09225736525E-08
  6.53451905919E-08
  6.96890509744E-08
  7.39501473390E-08
  7.81244011705E-08
  8.22076913209E-08
  8.61958540099E-08
  9.00846401919E-08
  9.38697084507E-08
  9.75466960540E-08
  1.01111119477E-07
  1.04558395719E-07
  1.07883899148E-07
  1.11082904652E-07
  1.14150616071E-07
  1.17082173290E-07
  1.19872666460E-07
  1.22517135992E-07
  1.25010629404E-07
  1.27348172896E-07
  1.29524806880E-07
  1.31535642822E-07
  1.33375863243E-07
  1.35040778559E-07
  1.36525841299E-07
  1.37826688729E-07
  1.38939171279E-07
  1.39859452020E-07
  1.40583978236E-07
  1.41109580909E-07
  1.41433474710E-07
  1.41553329058E-07
  1.41467324966E-07
  1.41174226087E-07
  1.40673279247E-07
  1.39964484447E-07
  1.39048410119E-07
  1.37926406296E-07
  1.36600519340E-07
  1.35073548790E-07
  1.33349118414E-07
  1.31431647787E-07
  1.29326394926E-07
  1.27039399445E-07
  1.24577553606E-07
  1.21948588117E-07
  1.19161008172E-07
  1.16224114777E-07
  1.13147969216E-07
  1.09943357529E-07
  1.06621726559E-07
  1.03195162637E-07
  9.96763347416E-08
  9.60783950177E-08
  9.24149645698E-08
  8.87000197736E-08
  8.49477999054E-08
  8.11727787209E-08
  7.73895578732E-08
  7.36127176992E-08
  6.98568101143E-08
  6.61362307142E-08
  6.24650979830E-08
  5.88572177662E-08
  5.53259447145E-08
  5.18841112296E-08
  4.85439528575E-08
  4.53170123649E-08
  4.22140651324E-08
  3.92450587583E-08
  3.64190420044E-08
  3.37441257159E-08
  3.12273940040E-08
  2.88749149036E-08
  2.66916764247E-08
  2.46815705651E-08
  2.28473950870E-08
  2.11908197656E-08
  1.97124272461E-08
  1.84116988322E-08
  1.72870535664E-08
  1.63358748750E-08
  1.55545496483E-08
  1.49385144255E-08
  1.44823131265E-08
  1.41796530073E-08
  1.40234694967E-08
  1.40059990272E-08
  1.41188456482E-08
  1.43530600738E-08
  1.46992160666E-08
  1.51474885968E-08
  1.56877231205E-08
  1.63095226213E-08
  1.70023035651E-08
  1.77553864944E-08
  1.85580422141E-08
  1.93995646214E-08
  2.02693168916E-08
  2.11567918740E-08
  2.20516422900E-08
  2.29437340238E-08
  2.38231532279E-08
  2.46802507320E-08
  2.55056438192E-08
  2.62902304371E-08
  2.70251980794E-08
  2.77020024697E-08
  2.83123853251E-08
  2.88483388289E-08
  2.93021020781E-08
  2.96661362142E-08
  2.99331084364E-08
  3.00958582500E-08
  3.01473832565E-08
  3.00808125075E-08
  2.98894065054E-08
  2.95665056882E-08
  2.91055428647E-08
  2.85000272271E-08
  2.77435532325E-08
  2.68297899453E-08
  2.57525076819E-08
  2.45055957748E-08
  2.30830838888E-08
  2.14791935349E-08
  1.96883753745E-08
  1.77053678385E-08
  1.55252664058E-08
  1.31435884398E-08
  1.05563611186E-08
  7.76019692950E-09
  4.75240113929E-09
  1.53105683687E-09
 -1.90486981744E-09
 -5.55542989389E-09
 -9.41958511191E-09
 -1.34951161357E-08
 -1.77785128841E-08
 -2.22648974813E-08
 -2.69479265569E-08
 -3.18197237448E-08
 -3.68708121812E-08
 -4.20900576614E-08
 -4.74646455473E-08
 -5.29800487925E-08
 -5.86200279429E-08
 -6.43666453470E-08
 -7.02003006836E-08
 -7.60998091209E-08
 -8.20424332915E-08
 -8.80040644802E-08
 -9.39592652571E-08
 -9.98814684294E-08
 -1.05743126255E-07
 -1.11515916501E-07
 -1.17170962710E-07
 -1.22679011838E-07
 -1.28010753997E-07
 -1.33137007197E-07
 -1.38029093932E-07
 -1.42659047242E-07
 -1.46999880712E-07
 -1.51025972173E-07
 -1.54713248435E-07
 -1.58039654252E-07
 -1.60985223374E-07
 -1.63532476449E-07
 -1.65666676821E-07
 -1.67376043692E-07
 -1.68651979493E-07
 -1.69489240420E-07
 -1.69886192225E-07
 -1.69844810216E-07
 -1.69370906633E-07
 -1.68474073803E-07
 -1.67167812037E-07
 -1.65469401736E-07
 -1.63399960229E-07
 -1.60984200193E-07
 -1.58250372806E-07
 -1.55230040377E-07
 -1.51957777916E-07
 -1.48470959971E-07
 -1.44809433777E-07
 -1.41015050303E-07
 -1.37131394240E-07
 -1.33203229780E-07
 -1.29276088501E-07
 -1.25395757777E-07
 -1.21607797610E-07
 -1.17956965084E-07
 -1.14486709890E-07
 -1.11238612988E-07
 -1.08251853703E-07
 -1.05562669717E-07
 -1.03203873891E-07
 -1.01204321368E-07
 -9.95884406052E-08
 -9.83758212669E-08
 -9.75808518433E-08
 -9.72123004317E-08
 -9.72730802573E-08
 -9.77600080887E-08
 -9.86635768641E-08
 -9.99679343749E-08
 -1.01650734052E-07
 -1.03683269970E-07
 -1.06030519476E-07
 -1.08651335040E-07
 -1.11498692945E-07
 -1.14520034344E-07
 -1.17657641852E-07
 -1.20849136920E-07
 -1.24028019854E-07
 -1.27124209826E-07
 -1.30064833570E-07
 -1.32774772510E-07
 -1.35177614879E-07
 -1.37196238370E-07
 -1.38753861734E-07
 -1.39774755326E-07
 -1.40185179021E-07
 -1.39914220654E-07
 -1.38894733936E-07
 -1.37064134265E-07
 -1.34365265581E-07
 -1.30747238813E-07
 -1.26166156633E-07
 -1.20585838204E-07
 -1.13978501304E-07
 -1.06325323657E-07
 -9.76169260980E-08
 -8.78538770621E-08
 -7.70469483768E-08
 -6.52173994808E-08
 -5.23970768995E-08
 -3.86285030629E-08
 -2.39647377498E-08
 -8.46922887376E-09
  7.78449571470E-09
  2.47132234676E-08
  4.22245847176E-08
  6.02176584152E-08
  7.85836817840E-08
  9.72069074123E-08
  1.15965434588E-07
  1.34732218271E-07
  1.53376191747E-07
  1.71763190338E-07
  1.89757386693E-07
  2.07222242921E-07
  2.24021903250E-07
  2.40022416165E-07
  2.55092942325E-07
  2.69107005124E-07
  2.81943869140E-07
  2.93489506475E-07
  3.03637847310E-07
  3.12291831506E-07
  3.19364602319E-07
  3.24780131677E-07
  3.28474328626E-07
  3.30395550918E-07
  3.30505457669E-07
  3.28779265146E-07
  3.25206343632E-07
  3.19790387948E-07
  3.12549417458E-07
  3.03516003441E-07
  2.92736814345E-07
  2.80272473674E-07
  2.66197218934E-07
  2.50598162665E-07
  2.33574624531E-07
  2.15237378143E-07
  1.95707727357E-07
  1.75116454670E-07
  1.53602641717E-07
  1.31312546614E-07
  1.08398268139E-07
  8.50164596500E-08
  6.13269079963E-08
  3.74911337531E-08
  1.36709523701E-08
 -9.97290783289E-09
 -3.32822551741E-08
 -5.61028059565E-08
 -7.82855025250E-08
 -9.96878171122E-08
 -1.20174973972E-07
 -1.39621008088E-07
 -1.57909852305E-07
 -1.74936232611E-07
 -1.90606485262E-07
 -2.04839253115E-07
 -2.17565968796E-07
 -2.28731323659E-07
 -2.38293523580E-07
 -2.46224431066E-07
 -2.52509465781E-07
 -2.57147604543E-07
 -2.60150926579E-07
 -2.61544272462E-07
 -2.61364647258E-07
 -2.59660481561E-07
 -2.56490977790E-07
 -2.51925001749E-07
 -2.46040229968E-07
 -2.38922069684E-07
 -2.30662436707E-07
 -2.21358575914E-07
 -2.11111881754E-07
 -2.00026562425E-07
 -1.88208431950E-07
 -1.75763616994E-07
 -1.62797306302E-07
 -1.49412642259E-07
 -1.35709370852E-07
 -1.21783045870E-07
 -1.07723785447E-07
 -9.36154762599E-08
 -7.95349777150E-08
 -6.55513687775E-08
 -5.17254221677E-08
 -3.81091531665E-08
 -2.47455069768E-08
 -1.16681801998E-08
  1.09841580276E-09
  1.35390436640E-08
  2.56474042004E-08
  3.74257709268E-08
  4.88844804636E-08
  6.00413159191E-08
  7.09207768068E-08
  8.15532175125E-08
  9.19739733263E-08
  1.02222301734E-07
  1.12340345026E-07
  1.22371986322E-07
  1.32361691385E-07
  1.42353371757E-07
  1.52389176833E-07
  1.62508300150E-07
  1.72745941995E-07
  1.83132115694E-07
  1.93690681272E-07
  2.04438407536E-07
  2.15384091007E-07
  2.26527788527E-07
  2.37860277252E-07
  2.49362472005E-07
  2.61005084212E-07
  2.72748366115E-07
  2.84542124973E-07
  2.96325822546E-07
  3.08028688778E-07
  3.19570176543E-07
  3.30860700615E-07
  3.41802120829E-07
  3.52288623162E-07
  3.62207941862E-07
  3.71442183678E-07
  3.79869334211E-07
  3.87364394783E-07
  3.93800974052E-07
  3.99052765943E-07
  4.02995084414E-07
  4.05506455081E-07
  4.06470377357E-07
  4.05776887646E-07
  4.03324065701E-07
  3.99019739916E-07
  3.92783050529E-07
  3.84545757015E-07
  3.74253687596E-07
  3.61867876109E-07
  3.47365784137E-07
  3.30742096821E-07
  3.12009717618E-07
  2.91200194624E-07
  2.68364260592E-07
  2.43572060299E-07
  2.16913107920E-07
  1.88496272813E-07
  1.58449225296E-07
  1.26917996113E-07
  9.40660811466E-08
  6.00735248213E-08
  2.51356606640E-08
 -1.05382236271E-08
 -4.67264378301E-08
 -8.31966389114E-08
 -1.19707635804E-07
 -1.56011452646E-07
 -1.91855392018E-07
 -2.26984184337E-07
 -2.61142361069E-07
 -2.94076500040E-07
 -3.25537513390E-07
 -3.55283134468E-07
 -3.83080077881E-07
 -4.08706313237E-07
 -4.31953452562E-07
 -4.52628654557E-07
 -4.70556585697E-07
 -4.85581608700E-07
 -4.97568919400E-07
 -5.06406536260E-07
 -5.12006465669E-07
 -5.14305781962E-07
 -5.13267423230E-07
 -5.08881214500E-07
 -5.01163697209E-07
 -4.90158925004E-07
 -4.75937952160E-07
 -4.58598663045E-07
 -4.38265061575E-07
 -4.15086731209E-07
 -3.89237385434E-07
 -3.60913844588E-07
 -3.30334302134E-07
 -2.97736846733E-07
 -2.63377245346E-07
 -2.27527152674E-07
 -1.90471553196E-07
 -1.52506629547E-07
 -1.13937183244E-07
 -7.50740625222E-08
 -3.62315155655E-08
  2.27545049469E-09
  4.01337558742E-08
  7.70349402046E-08
  1.12677739139E-07
  1.46770688048E-07
  1.79034557846E-07
  2.09204742418E-07
  2.37033475514E-07
  2.62291820263E-07
  2.84771715542E-07
  3.04287567587E-07
  3.20677656873E-07
  3.33805672881E-07
  3.43561481486E-07
  3.49862006033E-07
  3.52651966296E-07
  3.51903906903E-07
  3.47618424712E-07
  3.39823941431E-07
  3.28576192032E-07
  3.13957713161E-07
  2.96076791528E-07
  2.75066327049E-07
  2.51082667546E-07
  2.24303875029E-07
  1.94928205133E-07
  1.63172146017E-07
  1.29268471483E-07
  9.34641377626E-08
  5.60180275500E-08
  1.71987348807E-08
 -2.27177867629E-08
 -6.34505781250E-08
 -1.04716036731E-07
 -1.46230263454E-07
 -1.87711378885E-07
 -2.28881688713E-07
 -2.69470007197E-07
 -3.09213561422E-07
 -3.47859980820E-07
 -3.85169215633E-07
 -4.20915114319E-07
 -4.54886958323E-07
 -4.86890712637E-07
 -5.16750390034E-07
 -5.44308932149E-07
 -5.69428891595E-07
 -5.91993170929E-07
 -6.11905193182E-07
 -6.29089583981E-07
 -6.43491603114E-07
 -6.55077542433E-07
 -6.63834043735E-07
 -6.69767302952E-07
 -6.72903354371E-07
 -6.73286251640E-07
 -6.70977669870E-07
 -6.66055711918E-07
 -6.58613828364E-07
 -6.48759396427E-07
 -6.36612355720E-07
 -6.22304241915E-07
 -6.05976254064E-07
 -5.87777947203E-07
 -5.67865868106E-07
 -5.46402191048E-07
 -5.23552955656E-07
 -4.99486873196E-07
 -4.74374019177E-07
 -4.48384270157E-07
 -4.21686451091E-07
 -3.94446772134E-07
 -3.66828146525E-07
 -3.38988854764E-07
 -3.11082004600E-07
 -2.83254422584E-07
 -2.55646313008E-07
 -2.28390476309E-07
 -2.01611840112E-07
 -1.75427260274E-07
 -1.49945080352E-07
 -1.25265160023E-07
 -1.01478612180E-07
 -7.86679592579E-08
 -5.69071438861E-08
 -3.62617171845E-08
 -1.67890661373E-08
  1.46133738443E-09
  1.84476025566E-08
  3.41350734345E-08
  4.84959663538E-08
  6.15089490452E-08
  7.31587874725E-08
  8.34359141777E-08
  9.23360232719E-08
  9.98597897706E-08
  1.06012400636E-07
  1.10803320297E-07
  1.14245956695E-07
  1.16357448121E-07
  1.17158414525E-07
  1.16672801198E-07
  1.14927772188E-07
  1.11953575299E-07
  1.07783542092E-07
  1.02454045248E-07
  9.60045412057E-08
  8.84776198973E-08
  7.99190829071E-08
  7.03780500544E-08
  5.99070801854E-08
  4.85622884128E-08
  3.64034633549E-08
  2.34942056920E-08
  9.90200810236E-09
 -4.30163193954E-09
 -1.90411810763E-08
 -3.42370256590E-08
 -4.98055143794E-08
 -6.56589946857E-08
 -8.17059699898E-08
 -9.78512133543E-08
 -1.13996080131E-07
 -1.30038742441E-07
 -1.45874537338E-07
 -1.61396499720E-07
 -1.76495717596E-07
 -1.91061999999E-07
 -2.04984459629E-07
 -2.18152152343E-07
 -2.30454858752E-07
 -2.41783823185E-07
 -2.52032691606E-07
 -2.61098193732E-07
 -2.68881109378E-07
 -2.75287220575E-07
 -2.80228221072E-07
 -2.83622483721E-07
 -2.85396083655E-07
 -2.85483622520E-07
 -2.83829194814E-07
 -2.80386842633E-07
 -2.75121635696E-07
 -2.68010211357E-07
 -2.59041371464E-07
 -2.48216508680E-07
 -2.35550160710E-07
 -2.21070152406E-07
 -2.04817951044E-07
 -1.86848623684E-07
 -1.67230837178E-07
 -1.46046701843E-07
 -1.23391473039E-07
 -9.93731177346E-08
 -7.41117673897E-08
 -4.77390287301E-08
 -2.03972199131E-08
  7.76156205973E-09
  3.65764769583E-08
  6.58790639818E-08
  9.54944496812E-08
  1.25242692661E-07
  1.54940138941E-07
  1.84400903436E-07
  2.13438269725E-07
  2.41866331407E-07
  2.69501555294E-07
  2.96164159863E-07
  3.21679806348E-07
  3.45881119301E-07
  3.68609221368E-07
  3.89714898574E-07
  4.09060191942E-07
  4.26519619623E-07
  4.41981313770E-07
  4.55348072137E-07
  4.66538295996E-07
  4.75486814366E-07
  4.82145480873E-07
  4.86483770601E-07
  4.88489035888E-07
  4.88166847390E-07
  4.85540567752E-07
  4.80651863199E-07
  4.73559794045E-07
  4.64340757844E-07
  4.53087352525E-07
  4.39908177441E-07
  4.24926355436E-07
  4.08278509667E-07
  3.90113882531E-07
  3.70592488252E-07
  3.49883976014E-07
  3.28165867813E-07
  3.05622108954E-07
  2.82441163790E-07
  2.58814282006E-07
  2.34933949628E-07
  2.10991785821E-07
  1.87176866007E-07
  1.63674030773E-07
  1.40662137937E-07
  1.18312257769E-07
  9.67863300616E-08
  7.62354872563E-08
  5.67987719080E-08
  3.86018612630E-08
  2.17559676940E-08
  6.35685726280E-09
 -7.51592921233E-09
 -1.97997049867E-08
 -3.04490974656E-08
 -3.94363084411E-08
 -4.67511931390E-08
 -5.24011589675E-08
 -5.64108724177E-08
 -5.88217616837E-08
 -5.96913807271E-08
 -5.90925530730E-08
 -5.71123912607E-08
 -5.38511066850E-08
 -4.94207483825E-08
 -4.39437322086E-08
 -3.75513131701E-08
 -3.03819476244E-08
 -2.25795222519E-08
 -1.42916034562E-08
 -5.66757085707E-09
  3.14323589379E-09
  1.19933831755E-08
  2.07391970264E-08
  2.92425745840E-08
  3.73727360170E-08
  4.50079120640E-08
  5.20369063395E-08
  5.83605661575E-08
  6.38931183516E-08
  6.85633523290E-08
  7.23156006188E-08
  7.51106270513E-08
  7.69262271660E-08
  7.77577113809E-08
  7.76181181550E-08
  7.65382566215E-08
  7.45665431623E-08
  7.17685324503E-08
  6.82263703311E-08
  6.40379127503E-08
  5.93157416517E-08
  5.41858611314E-08
  4.87863367482E-08
  4.32656896976E-08
  3.77811133490E-08
  3.24965974130E-08
  2.75809259875E-08
  2.32055121785E-08
  1.95422060756E-08
  1.67610281210E-08
  1.50278545163E-08
  1.45020928599E-08
  1.53343879816E-08
  1.76643322192E-08
  2.16182733936E-08
  2.73071893986E-08
  3.48246729232E-08
  4.42450698301E-08
  5.56217720771E-08
  6.89856634040E-08
  8.43438314746E-08
  1.01678402586E-07
  1.20945742310E-07
  1.42075734288E-07
  1.64971524441E-07
  1.89509364645E-07
  2.15538847215E-07
  2.42883317014E-07
  2.71340752533E-07
  3.00684661170E-07
  3.30665614001E-07
  3.61012581607E-07
  3.91435122538E-07
  4.21625145464E-07
  4.51259637657E-07
  4.80002938730E-07
  5.07509639647E-07
  5.33427737537E-07
  5.57401222068E-07
  5.79073969220E-07
  5.98092469772E-07
  6.14109524122E-07
  6.26787880265E-07
  6.35803132809E-07
  6.40847588329E-07
  6.41633334908E-07
  6.37895993805E-07
  6.29396879503E-07
  6.15927262970E-07
  5.97310020112E-07
  5.73402985538E-07
  5.44100998923E-07
  5.09337723997E-07
  4.69088035970E-07
  4.23369016289E-07
  3.72241231616E-07
  3.15809558060E-07
  2.54223550655E-07
  1.87677670738E-07
  1.16410710405E-07
  4.07053022400E-08
 -3.91131820265E-08
 -1.22678144976E-07
 -2.09583475907E-07
 -2.99385845892E-07
 -3.91607102301E-07
 -4.85737132294E-07
 -5.81237088682E-07
 -6.77542800531E-07
 -7.74068439569E-07
 -8.70210214998E-07
 -9.65351205195E-07
 -1.05886442725E-06
 -1.15011903290E-06
 -1.23848280964E-06
 -1.32332831981E-06
 -1.40403687965E-06
 -1.48000310674E-06
 -1.55063992224E-06
 -1.61538252996E-06
 -1.67369307746E-06
 -1.72506463514E-06
 -1.76902517524E-06
 -1.80514200565E-06
 -1.83302438472E-06
 -1.85232681815E-06
 -1.86275337910E-06
 -1.86405827662E-06
 -1.85604937997E-06
 -1.83859003755E-06
 -1.81159975909E-06
 -1.77505660304E-06
 -1.72899649442E-06
 -1.67351436176E-06
 -1.60876368227E-06
 -1.53495602717E-06
 -1.45236003846E-06
 -1.36130017836E-06
 -1.26215445562E-06
 -1.15535340228E-06
 -1.04137632206E-06
 -9.20749528177E-07
 -7.94042705365E-07
 -6.61865385609E-07
 -5.24863651208E-07
 -3.83715928365E-07
 -2.39129121837E-07
 -9.18341527267E-08
  5.74184824131E-08
  2.07863109836E-07
  3.58723610816E-07
  5.09218068601E-07
  6.58563465095E-07
  8.05980334917E-07
  9.50697312874E-07
  1.09195593723E-06
  1.22901462873E-06
  1.36115363603E-06
  1.48767878727E-06
  1.60792524184E-06
  1.72126192410E-06
  1.82709459295E-06
  1.92486913875E-06
  2.01407556233E-06
  2.09424865716E-06
  2.16497346628E-06
  2.22588460019E-06
  2.27667078434E-06
  2.31707372222E-06
  2.34689196077E-06
  2.36598111769E-06
  2.37425319938E-06
  2.37167887462E-06
  2.35828656514E-06
  2.33416244555E-06
  2.29945044339E-06
  2.25434973800E-06
  2.19911657950E-06
  2.13405928662E-06
  2.05954029298E-06
  1.97597091756E-06
  1.88381204680E-06
  1.78357015557E-06
  1.67579457866E-06
  1.56107580551E-06
  1.44004138747E-06
  1.31335343667E-06
  1.18170476071E-06
  1.04581567939E-06
  9.06429590941E-07
  7.64310300383E-07
  6.20236846771E-07
  4.74999978906E-07
  3.29397892074E-07
  1.84231780054E-07
  4.03015860684E-08
 -1.01598431002E-07
 -2.40684272512E-07
 -3.76186477524E-07
 -5.07354911861E-07
 -6.33462832411E-07
 -7.53811661980E-07
 -8.67735138854E-07
 -9.74603608483E-07
 -1.07382822989E-06
 -1.16486512525E-06
 -1.24721850625E-06
 -1.32044567636E-06
 -1.38415919082E-06
 -1.43803072206E-06
 -1.48179378812E-06
 -1.51524670855E-06
 -1.53825396865E-06
 -1.55074963004E-06
 -1.55273733071E-06
 -1.54429278609E-06
 -1.52556356170E-06
 -1.49676975525E-06
 -1.45820365560E-06
 -1.41022917433E-06
 -1.35328048145E-06
 -1.28786007281E-06
 -1.21453695101E-06
 -1.13394355594E-06
 -1.04677246782E-06
 -9.53772087087E-07
 -8.55743280681E-07
 -7.53533186071E-07
 -6.48030663797E-07
 -5.40160044693E-07
 -4.30874678159E-07
 -3.21150594118E-07
 -2.11978928633E-07
 -1.04358626629E-07
  7.11234404704E-10
  1.02239582134E-07
  1.99251402933E-07
  2.90796037916E-07
  3.75955465870E-07
  4.53852635474E-07
  5.23659707596E-07
  5.84605857057E-07
  6.35985372810E-07
  6.77164848639E-07
  7.07590288584E-07
  7.26793928152E-07
  7.34399975499E-07
  7.30130295779E-07
  7.13809015451E-07
  6.85366387643E-07
  6.44842373276E-07
  5.92388801124E-07
  5.28270334144E-07
  4.52865606348E-07
  3.66666370155E-07
  2.70275819503E-07
  1.64406159797E-07
  4.98750161171E-08
 -7.23993025531E-08
 -2.01403537403E-07
 -3.36036123372E-07
 -4.75114802612E-07
 -6.17385410351E-07
 -7.61531168791E-07
 -9.06183174720E-07
 -1.04993125660E-06
 -1.19133574117E-06
 -1.32894012950E-06
 -1.46128309098E-06
 -1.58691193519E-06
 -1.70439648173E-06
 -1.81234213414E-06
 -1.90940318134E-06
 -1.99429655368E-06
 -2.06581512430E-06
 -2.12284021472E-06
 -2.16435432776E-06
 -2.18945274355E-06
 -2.19735397877E-06
 -2.18741001845E-06
 -2.15911677515E-06
 -2.11211977330E-06
 -2.04622301681E-06
 -1.96139330910E-06
 -1.85776525541E-06
 -1.73564330908E-06
 -1.59550336321E-06
 -1.43799263697E-06
 -1.26392762922E-06
 -1.07429048057E-06
 -8.70224425853E-07
 -6.53026916098E-07
 -4.24141603617E-07
 -1.85148778087E-07
  6.22458102839E-08
  3.16223207619E-07
  5.74864998271E-07
  8.36167941998E-07
  1.09806035198E-06
  1.35841821702E-06
  1.61508330621E-06
  1.86588113138E-06
  2.10863981920E-06
  2.34120852838E-06
  2.56147745858E-06
  2.76739638139E-06
  2.95699328490E-06
  3.12839370054E-06
  3.27983775605E-06
  3.40969791068E-06
  3.51649418917E-06
  3.59891100743E-06
  3.65581013284E-06
  3.68624273506E-06
  3.68946234630E-06
  3.66493100046E-06
  3.61233128388E-06
  3.53156792698E-06
  3.42277530763E-06
  3.28631699631E-06
  3.12278734782E-06
  2.93300786325E-06
  2.71802605312E-06
  2.47910566031E-06
  2.21772188524E-06
  1.93554956240E-06
  1.63445281487E-06
  1.31647038870E-06
  9.83801101029E-07
  6.38787469143E-07
  2.83897122699E-07
 -7.82958409218E-08
 -4.45131348670E-07
 -8.13884582840E-07
 -1.18178741104E-06
 -1.54605129410E-06
 -1.90388959709E-06
 -2.25253984354E-06
 -2.58928685071E-06
 -2.91148558063E-06
 -3.21658126268E-06
 -3.50213190359E-06
 -3.76582875106E-06
 -4.00551334678E-06
 -4.21919730798E-06
 -4.40507847088E-06
 -4.56155567008E-06
 -4.68724056191E-06
 -4.78097263112E-06
 -4.84182373839E-06
 -4.86911085318E-06
 -4.86239787278E-06
 -4.82150016978E-06
 -4.74648823001E-06
 -4.63768219561E-06
 -4.49565277449E-06
 -4.32121714766E-06
 -4.11542896472E-06
 -3.87957197745E-06
 -3.61514798897E-06
 -3.32386639457E-06
 -3.00762849292E-06
 -2.66851475317E-06
 -2.30876548812E-06
 -1.93076493815E-06
 -1.53702228545E-06
 -1.13015221359E-06
 -7.12854443918E-07
 -2.87894408757E-07
  1.41918789609E-07
  5.73752231503E-07
  1.00477018350E-06
  1.43215447679E-06
  1.85312421763E-06
  2.26495490097E-06
  2.66499773716E-06
  3.05069556816E-06
  3.41960139849E-06
  3.76939215130E-06
  4.09788344768E-06
  4.40304347649E-06
  4.68299958811E-06
  4.93605557494E-06
  5.16069439982E-06
  5.35558592674E-06
  5.51959374206E-06
  5.65177788303E-06
  5.75139711145E-06
  5.81791118748E-06
  5.85097541261E-06
  5.85044517720E-06
  5.81636959396E-06
  5.74898467676E-06
  5.64871379538E-06
  5.51615494260E-06
  5.35207846042E-06
  5.15741476192E-06
  4.93325023854E-06
  4.68081498184E-06
  4.40147050540E-06
  4.09670929002E-06
  3.76813432013E-06
  3.41745499099E-06
  3.04647460325E-06
  2.65708240477E-06
  2.25124222197E-06
  1.83098245543E-06
  1.39838948598E-06
  9.55595965024E-07
  5.04773936427E-07
  4.81263953134E-08
 -4.12120130022E-07
 -8.73722854067E-07
 -1.33442961214E-06
 -1.79198491423E-06
 -2.24413611249E-06
 -2.68863914243E-06
 -3.12326392304E-06
 -3.54579924533E-06
 -3.95405868403E-06
 -4.34588400822E-06
 -4.71915336675E-06
 -5.07178174303E-06
 -5.40173050467E-06
 -5.70701149627E-06
 -5.98569113208E-06
 -6.23589903626E-06
 -6.45583395453E-06
 -6.64376875648E-06
 -6.79806180415E-06
 -6.91716013534E-06
 -6.99961265127E-06
 -7.04407830199E-06
 -7.04933245288E-06
 -7.01428098182E-06
 -6.93796846463E-06
 -6.81959227222E-06
 -6.65850848236E-06
 -6.45425052426E-06
 -6.20653418082E-06
 -5.91527441429E-06
 -5.58059491595E-06
 -5.20283947480E-06
 -4.78258334624E-06
 -4.32064280176E-06
 -3.81808649763E-06
 -3.27624320562E-06
 -2.69671022579E-06
 -2.08135725188E-06
 -1.43233569361E-06
 -7.52077539801E-07
 -4.33000906241E-08
  6.90996444064E-07
  1.44753039422E-06
  2.22274434236E-06
  3.01281193060E-06
  3.81364725399E-06
  4.62091838926E-06
  5.43006035514E-06
  6.23629512120E-06
  7.03464911567E-06
  7.81998096500E-06
  8.58699877426E-06
  9.33029878070E-06
  1.00443867268E-05
  1.07237165139E-05
  1.13627256724E-05
  1.19558644656E-05
  1.24976486404E-05
  1.29826867123E-05
  1.34057290779E-05
  1.37617062137E-05
  1.40457796078E-05
  1.42533754115E-05
  1.43802362800E-05
  1.44224559335E-05
  1.43765337270E-05
  1.42394037539E-05
  1.40084803206E-05
  1.36816952363E-05
  1.32575332827E-05
  1.27350594994E-05
  1.21139564726E-05
  1.13945443445E-05
  1.05778062789E-05
  9.66540119407E-06
  8.65967831487E-06
  7.56369399824E-06
  6.38120127405E-06
  5.11665666636E-06
  3.77521223527E-06
  2.36269988818E-06
  8.85615406787E-07
 -6.48906279821E-07
 -2.23312054004E-06
 -3.85870907849E-06
 -5.51681750949E-06
 -7.19810623195E-06
 -8.89279635885E-06
 -1.05907283796E-05
 -1.22814199131E-05
 -1.39541334647E-05
 -1.55979432748E-05
 -1.72018026205E-05
 -1.87546229427E-05
 -2.02453502425E-05
 -2.16630414798E-05
 -2.29969464272E-05
 -2.42365840677E-05
 -2.53718262684E-05
 -2.63929741777E-05
 -2.72908418992E-05
 -2.80568274320E-05
 -2.86829908873E-05
 -2.91621236101E-05
 -2.94878118439E-05
 -2.96545003948E-05
 -2.96575617540E-05
 -2.94933252007E-05
 -2.91591477435E-05
 -2.86534323095E-05
 -2.79756768577E-05
 -2.71264871117E-05
 -2.61076038441E-05
 -2.49219028774E-05
 -2.35734096350E-05
 -2.20672754949E-05
 -2.04097723326E-05
 -1.86082743312E-05
 -1.66712088685E-05
 -1.46080310515E-05
 -1.24291691463E-05
 -1.01459681900E-05
 -7.77062541601E-06
 -5.31611931365E-06
 -2.79613186649E-06
 -2.24963642381E-07
  2.38255597651E-06
  5.01116528540E-06
  7.64526794228E-06
  1.02690373751E-05
  1.28665269585E-05
  1.54217686941E-05
  1.79188973561E-05
  2.03422514460E-05
  2.26764841500E-05
  2.49066779361E-05
  2.70184464171E-05
  2.89980471280E-05
  3.08324742946E-05
  3.25095643348E-05
  3.40180740750E-05
  3.53477844328E-05
  3.64895677194E-05
  3.74354676751E-05
  3.81787504011E-05
  3.87139698432E-05
  3.90370259993E-05
  3.91451685573E-05
  3.90370623791E-05
  3.87127802242E-05
  3.81738282158E-05
  3.74231130991E-05
  3.64649713447E-05
  3.53051109414E-05
  3.39505895681E-05
  3.24097636621E-05
  3.06922556774E-05
  2.88088631351E-05
  2.67715058726E-05
  2.45931314566E-05
  2.22876387852E-05
  1.98697707674E-05
  1.73550233740E-05
  1.47595201270E-05
  1.20999184219E-05
  9.39327674132E-06
  6.65694051349E-06
  3.90841478293E-06
  1.16524256555E-06
 -1.55512236688E-06
 -4.23543951911E-06
 -6.85880559104E-06
 -9.40877544053E-06
 -1.18694788398E-05
 -1.42257385960E-05
 -1.64631692314E-05
 -1.85682911251E-05
 -2.05286123673E-05
 -2.23327315325E-05
 -2.39704058913E-05
 -2.54326259892E-05
 -2.67116774921E-05
 -2.78011921182E-05
 -2.86961912934E-05
 -2.93931079796E-05
 -2.98898175970E-05
 -3.01856380247E-05
 -3.02813332382E-05
 -3.01790914818E-05
 -2.98825107166E-05
 -2.93965586025E-05
 -2.87275161099E-05
 -2.78829520539E-05
 -2.68716175924E-05
 -2.57034062088E-05
 -2.43892445724E-05
 -2.29410234169E-05
 -2.13714884012E-05
 -1.96941309696E-05
 -1.79230974027E-05
 -1.60730523930E-05
 -1.41590826388E-05
 -1.21965613289E-05
 -1.02010335468E-05
 -8.18809530756E-06
 -6.17326713837E-06
 -4.17187538915E-06
 -2.19893740905E-06
 -2.69041890988E-07
  1.60375884661E-06
  3.40605583915E-06
  5.12518181495E-06
  6.74930697642E-06
  8.26751966088E-06
  9.66990864981E-06
  1.09476304715E-05
  1.20929653349E-05
  1.30993730636E-05
  1.39615249282E-05
  1.46753445733E-05
  1.52380162035E-05
  1.56479964062E-05
  1.59050123330E-05
  1.60100553330E-05
  1.59653445735E-05
  1.57743070304E-05
  1.54415247380E-05
  1.49726902237E-05
  1.43745437526E-05
  1.36548023875E-05
  1.28220844999E-05
  1.18858270071E-05
  1.08561953311E-05
  9.74398699327E-06
  8.56053793541E-06
  7.31761156203E-06
  6.02730369792E-06
  4.70192526336E-06
  3.35390063810E-06
  1.99565874937E-06
  6.39526206214E-07
 -7.02377235484E-07
 -2.01824036594E-06
 -3.29665772369E-06
 -4.52672338724E-06
 -5.69811982132E-06
 -6.80119819663E-06
 -7.82705410529E-06
 -8.76759440871E-06
 -9.61559999269E-06
 -1.03647762444E-05
 -1.10097907964E-05
 -1.15463190014E-05
 -1.19710566651E-05
 -1.22817409647E-05
 -1.24771604533E-05
 -1.25571432363E-05
 -1.25225515148E-05
 -1.23752552099E-05
 -1.21181074064E-05
 -1.17549006973E-05
 -1.12903226182E-05
 -1.07299019874E-05
 -1.00799497886E-05
 -9.34748732107E-06
 -8.54017889651E-06
 -7.66625271353E-06
 -6.73441672916E-06
 -5.75377816858E-06
 -4.73375257570E-06
 -3.68397695638E-06
 -2.61421837422E-06
 -1.53428550220E-06
 -4.53937559541E-07
  6.17201521891E-07
  1.66972949955E-06
  2.69454722002E-06
  3.68293785868E-06
  4.62663956569E-06
  5.51791481485E-06
  6.34961361357E-06
  7.11522943675E-06
  7.80894970376E-06
  8.42569988890E-06
  8.96117671800E-06
  9.41187772696E-06
  9.77512445388E-06
  1.00490697150E-05
  1.02327048808E-05
  1.03258580566E-05
  1.03291813502E-05
  1.02441335912E-05
  1.00729521364E-05
  9.81862558547E-06
  9.48485194385E-06
  9.07599405764E-06
  8.59702686284E-06
  8.05348736321E-06
  7.45141187508E-06
  6.79727008901E-06
  6.09790458839E-06
  5.36045490662E-06
  4.59229204353E-06
  3.80094343200E-06
  2.99402267956E-06
  2.17915521716E-06
  1.36390985972E-06
  5.55727808660E-07
 -2.38144068021E-07
 -1.01071748304E-06
 -1.75532306912E-06
 -2.46566787609E-06
 -3.13588702738E-06
 -3.76059233531E-06
 -4.33491277363E-06
 -4.85453256260E-06
 -5.31572140972E-06
 -5.71535974814E-06
 -6.05095647188E-06
 -6.32066166872E-06
 -6.52327344142E-06
 -6.65823563395E-06
 -6.72563464832E-06
 -6.72618398312E-06
 -6.66120786263E-06
 -6.53261713524E-06
 -6.34288062429E-06
 -6.09499193160E-06
 -5.79243032917E-06
 -5.43912165085E-06
 -5.03938781549E-06
 -4.59790362584E-06
 -4.11964310842E-06
 -3.60982676284E-06
 -3.07386790155E-06
 -2.51731762546E-06
 -1.94580843527E-06
 -1.36500079861E-06
 -7.80526988819E-07
 -1.97938732072E-07
  3.77343980063E-07
  9.40082372836E-07
  1.48526476096E-06
  2.00815043172E-06
  2.50430957749E-06
  2.96965845337E-06
  3.40049223269E-06
  3.79351376978E-06
  4.14585429098E-06
  4.45509476776E-06
  4.71927751278E-06
  4.93691732117E-06
  5.10700465384E-06
  5.22900609212E-06
  5.30285933564E-06
  5.32896365257E-06
  5.30816487299E-06
  5.24174220118E-06
  5.13138002134E-06
  4.97914970765E-06
  4.78747551824E-06
  4.55910685560E-06
  4.29708325100E-06
  4.00470071327E-06
  3.68547102880E-06
  3.34308492711E-06
  2.98137229038E-06
  2.60426122622E-06
  2.21573827730E-06
  1.81980874459E-06
  1.42045678331E-06
  1.02160697679E-06
  6.27088184046E-07
  2.40598097889E-07
 -1.34329752655E-07
 -4.94356470426E-07
 -8.36366268686E-07
 -1.15749116958E-06
 -1.45513376992E-06
 -1.72698628376E-06
 -1.97104623112E-06
 -2.18562900045E-06
 -2.36937739828E-06
 -2.52126596934E-06
 -2.64060577138E-06
 -2.72704096460E-06
 -2.78054562841E-06
 -2.80141648545E-06
 -2.79026244243E-06
 -2.74799140243E-06
 -2.67579434876E-06
 -2.57512738244E-06
 -2.44769125857E-06
 -2.29541001318E-06
 -2.12040549741E-06
 -1.92497350326E-06
 -1.71155716089E-06
 -1.48271942635E-06
 -1.24111602418E-06
 -9.89467253021E-07
 -7.30530643978E-07
 -4.67072680976E-07
 -2.01842937031E-07
  6.24527984883E-08
  3.23177062000E-07
  5.77784646794E-07
  8.23844629849E-07
  1.05906121917E-06
  1.28129215682E-06
  1.48856599935E-06
  1.67909649917E-06
  1.85129533747E-06
  2.00378235604E-06
  2.13539442484E-06
  2.24519021685E-06
  2.33245418713E-06
  2.39669930124E-06
  2.43766385211E-06
  2.45530964094E-06
  2.44981856667E-06
  2.42158239416E-06
  2.37119729718E-06
  2.29945067076E-06
  2.20731203626E-06
  2.09591712519E-06
  1.96655514628E-06
  1.82065286936E-06
  1.65975734490E-06
  1.48552021528E-06
  1.29967872908E-06
  1.10403937015E-06
  9.00458587694E-07
  6.90825345373E-07
  4.77043499814E-07
  2.61013809677E-07
  4.46176606772E-08
 -1.70299699676E-07
 -3.81944403216E-07
 -5.88588761730E-07
 -7.88584657130E-07
 -9.80376057669E-07
 -1.16251067084E-06
 -1.33364960675E-06
 -1.49257641624E-06
 -1.63820482157E-06
 -1.76958394604E-06
 -1.88590433936E-06
 -1.98650059247E-06
 -2.07085327020E-06
 -2.13859061660E-06
 -2.18948616748E-06
 -2.22345965994E-06
 -2.24057157538E-06
 -2.24102041102E-06
 -2.22513790504E-06
 -2.19338107854E-06
 -2.14632791540E-06
 -2.08466758522E-06
 -2.00919316740E-06
 -1.92079187400E-06
 -1.82043629593E-06
 -1.70917417108E-06
 -1.58811735673E-06
 -1.45843307564E-06
 -1.32133152420E-06
 -1.17805609534E-06
 -1.02987314676E-06
 -8.78060689047E-07
 -7.23898722299E-07
 -5.68659061173E-07
 -4.13595500959E-07
 -2.59935006852E-07
 -1.08868682958E-07
  3.84565588263E-08
  1.80945491479E-07
  3.17561870133E-07
  4.47334741693E-07
  5.69364488001E-07
  6.82827760556E-07
  7.86982127465E-07
  8.81169910372E-07
  9.64820856098E-07
  1.03745514934E-06
  1.09868460640E-06
  1.14821398256E-06
  1.18584080155E-06
  1.21145581033E-06
  1.22504161482E-06
  1.22667063351E-06
  1.21650396068E-06
  1.19478806937E-06
  1.16185105981E-06
  1.11810038561E-06
  1.06401716948E-06
  1.00015245152E-06
  9.27121902805E-07
  8.45600709454E-07
  7.56317490413E-07
  6.60048897316E-07
  5.57613077490E-07
  4.49863591712E-07
  3.37682678264E-07
  2.21974786996E-07
  1.03660013906E-07
 -1.63328675029E-08
 -1.37072873940E-07
 -2.57633530509E-07
 -3.77099439675E-07
 -4.94572645948E-07
 -6.09178925970E-07
 -7.20073899174E-07
 -8.26448570024E-07
 -9.27535211304E-07
 -1.02261230950E-06
 -1.11100973754E-06
 -1.19211279070E-06
 -1.26536679090E-06
 -1.33028049731E-06
 -1.38642928960E-06
 -1.43345801007E-06
 -1.47108312376E-06
 -1.49909476477E-06
 -1.51735753207E-06
 -1.52581128532E-06
 -1.52447103119E-06
 -1.51342737809E-06
 -1.49284448980E-06
 -1.46295906234E-06
 -1.42407816384E-06
 -1.37657684718E-06
 -1.32089462568E-06
 -1.25753228986E-06
 -1.18704747365E-06
 -1.11005010694E-06
 -1.02719798178E-06
 -9.39191068028E-07
 -8.46765544793E-07
 -7.50688286644E-07
 -6.51750553970E-07
 -5.50761455997E-07
 -4.48541271680E-07
 -3.45914912714E-07
 -2.43704988634E-07
 -1.42725227192E-07
 -4.37735181436E-08
  5.23745633529E-08
  1.44972219118E-07
  2.33307716258E-07
  3.16710298875E-07
  3.94555797811E-07
  4.66272041422E-07
  5.31343573584E-07
  5.89316016431E-07
  6.39799964119E-07
  6.82474478708E-07
  7.17089505997E-07
  7.43468206110E-07
  7.61508545111E-07
  7.71183920278E-07
  7.72543842231E-07
  7.65712798056E-07
  7.50889739720E-07
  7.28345924017E-07
  6.98422752521E-07
  6.61528645196E-07
  6.18135231889E-07
  5.68773373288E-07
  5.14028329235E-07
  4.54534330174E-07
  3.90969063346E-07
  3.24047618960E-07
  2.54515668985E-07
  1.83143129107E-07
  1.10716825930E-07
  3.80335976047E-08
 -3.41071277887E-08
 -1.04910597543E-07
 -1.73593974750E-07
 -2.39393557422E-07
 -3.01571731143E-07
 -3.59423836471E-07
 -4.12284691720E-07
 -4.59534476249E-07
 -5.00604869558E-07
 -5.34983996658E-07
 -5.62221316613E-07
 -5.81931942634E-07
 -5.93799882154E-07
 -5.97581561124E-07
 -5.93107642999E-07
 -5.80284904572E-07
 -5.59097088626E-07
 -5.29605188149E-07
 -4.91947048431E-07
 -4.46336088089E-07
 -3.93059281123E-07
 -3.32474968445E-07
 -2.65009418854E-07
 -1.91153048945E-07
 -1.11456053276E-07
 -2.65234945118E-08
  6.29901535376E-08
  1.56386903427E-07
  2.52931442901E-07
  3.51857750047E-07
  4.52376013982E-07
  5.53679626591E-07
  6.54952202694E-07
  7.55375197059E-07
  8.54134952988E-07
  9.50429523527E-07
  1.04347657270E-06
  1.13251928724E-06
  1.21683342513E-06
  1.29573402319E-06
  1.36858000133E-06
  1.43478087011E-06
  1.49380105086E-06
  1.54516453676E-06
  1.58845830356E-06
  1.62333651588E-06
  1.64952189152E-06
  1.66680945313E-06
  1.67506561866E-06
  1.67423104358E-06
  1.66431914295E-06
  1.64541665981E-06
  1.61768127782E-06
  1.58133991590E-06
  1.53668725034E-06
  1.48408093992E-06
  1.42393946589E-06
  1.35673667501E-06
  1.28299859625E-06
  1.20329718811E-06
  1.11824499527E-06
  1.02849048744E-06
  9.34710897127E-07
  8.37606705772E-07
  7.37895163638E-07
  6.36303980173E-07
  5.33564787020E-07
  4.30406998930E-07
  3.27551390455E-07
  2.25704098966E-07
  1.25550741359E-07
  2.77508309665E-08
 -6.70675461834E-08
 -1.58312658982E-07
 -2.45433625423E-07
 -3.27924482235E-07
 -4.05327938324E-07
 -4.77238302210E-07
 -5.43304281564E-07
 -6.03230887464E-07
 -6.56781026009E-07
 -7.03776663613E-07
 -7.44098713312E-07
 -7.77687660047E-07
 -8.04542196420E-07
 -8.24718597414E-07
 -8.38328674035E-07
 -8.45537613259E-07
 -8.46561704293E-07
 -8.41664871132E-07
 -8.31155716696E-07
 -8.15383259578E-07
 -7.94733352905E-07
 -7.69624080021E-07
 -7.40501320706E-07
 -7.07834033165E-07
 -6.72109422339E-07
 -6.33828221908E-07
 -5.93499407842E-07
 -5.51635935153E-07
 -5.08749053552E-07
 -4.65344413669E-07
 -4.21916922733E-07
 -3.78946680257E-07
 -3.36894828479E-07
 -2.96199459626E-07
 -2.57272176896E-07
 -2.20494797532E-07
 -1.86216453812E-07
 -1.54750978254E-07
 -1.26374729348E-07
 -1.01324815205E-07
 -7.97977222078E-08
 -6.19482420916E-08
 -4.78890100908E-08
 -3.76902384858E-08
 -3.13799510820E-08
 -2.89445978296E-08
 -3.03300105031E-08
 -3.54427243110E-08
 -4.41516334604E-08
 -5.62899558076E-08
 -7.16574817261E-08
 -9.00231071910E-08
 -1.11127519631E-07
 -1.34686217734E-07
 -1.60392531257E-07
 -1.87920974781E-07
 -2.16930502006E-07
 -2.47068044246E-07
 -2.77971849982E-07
 -3.09275179688E-07
 -3.40609489058E-07
 -3.71608052774E-07
 -4.01909318271E-07
 -4.31159946856E-07
 -4.59018139054E-07
 -4.85156476770E-07
 -5.09264623361E-07
 -5.31052137376E-07
 -5.50250490505E-07
 -5.66615597108E-07
 -5.79929690048E-07
 -5.90002457557E-07
 -5.96673203290E-07
 -5.99811357915E-07
 -5.99317843353E-07
 -5.95125413838E-07
 -5.87198826452E-07
 -5.75535523240E-07
 -5.60164835406E-07
 -5.41147926469E-07
 -5.18577110142E-07
 -4.92574713462E-07
 -4.63292195718E-07
 -4.30908812632E-07
 -3.95629967898E-07
 -3.57685621566E-07
 -3.17328414212E-07
 -2.74831620573E-07
 -2.30486961073E-07
 -1.84602455988E-07
 -1.37499966968E-07
 -8.95127669764E-08
 -4.09830285264E-08
  7.74076003296E-09
  5.63063657921E-08
  1.04360445619E-07
  1.51551191152E-07
  1.97530880541E-07
  2.41958531433E-07
  2.84502306158E-07
  3.24842147847E-07
  3.62672068377E-07
  3.97702478949E-07
  4.29662406987E-07
  4.58301570916E-07
  4.83392398110E-07
  5.04731929141E-07
  5.22143238868E-07
  5.35477283847E-07
  5.44614181308E-07
  5.49464289179E-07
  5.49969115582E-07
  5.46102569388E-07
  5.37871187589E-07
  5.25314646893E-07
  5.08505706875E-07
  4.87550778416E-07
  4.62589099470E-07
  4.33792592958E-07
  4.01364843583E-07
  3.65540557823E-07
  3.26584029153E-07
  2.84787972760E-07
  2.40471877078E-07
  1.93980042695E-07
  1.45679649677E-07
  9.59584625093E-08
  4.52223432035E-08
 -6.10741013318E-09
 -5.75968570615E-08
 -1.08802446164E-07
 -1.59274151201E-07
 -2.08558731174E-07
 -2.56203122717E-07
 -3.01757978605E-07
 -3.44781170725E-07
 -3.84841371215E-07
 -4.21521633598E-07
 -4.54423087604E-07
 -4.83168548726E-07
 -5.07405957251E-07
 -5.26811732016E-07
 -5.41094323125E-07
 -5.49997082544E-07
 -5.53301276796E-07
 -5.50829099666E-07
 -5.42445832252E-07
 -5.28062457761E-07
 -5.07637423652E-07
 -4.81178005884E-07
 -4.48742014214E-07
 -4.10438559584E-07
 -3.66428366760E-07
 -3.16924172239E-07
 -2.62190184230E-07
 -2.02541357908E-07
 -1.38342244327E-07
 -7.00053277569E-08
  2.01116012732E-09
  7.72057120457E-08
  1.55036573801E-07
  2.34925153109E-07
  3.16259900046E-07
  3.98400459289E-07
  4.80682331272E-07
  5.62421803352E-07
  6.42920952032E-07
  7.21473611520E-07
  7.97370717009E-07
  8.69906386924E-07
  9.38383891480E-07
  1.00212196230E-06
  1.06046059045E-06
  1.11276767711E-06
  1.15844477477E-06
  1.19693322631E-06
  1.22771984934E-06
  1.25034227949E-06
  1.26439442738E-06
  1.26953125346E-06
  1.26547320178E-06
  1.25201040646E-06
  1.22900587485E-06
  1.19639821605E-06
  1.15420436941E-06
  1.10252142349E-06
  1.04152707081E-06
  9.71480631051E-07
  8.92721971013E-07
  8.05670993032E-07
  7.10825531769E-07
  6.08759080478E-07
  5.00116982494E-07
  3.85613105891E-07
  2.66024926532E-07
  1.42187971619E-07
  1.49902295021E-08
 -1.14634545412E-07
 -2.45713948743E-07
 -3.77244305128E-07
 -5.08198922944E-07
 -6.37536004433E-07
 -7.64207754855E-07
 -8.87168937425E-07
 -1.00538568404E-06
 -1.11784527235E-06
 -1.22356425436E-06
 -1.32159789246E-06
 -1.41104840168E-06
 -1.49107449943E-06
 -1.56089811298E-06
 -1.61981301972E-06
 -1.66719155459E-06
 -1.70249120401E-06
 -1.72526051756E-06
 -1.73514513335E-06
 -1.73189050656E-06
 -1.71534645688E-06
 -1.68547069279E-06
 -1.64232869793E-06
 -1.58609611844E-06
 -1.51705796725E-06
 -1.43560782817E-06
 -1.34224546855E-06
 -1.23757388337E-06
 -1.12229554361E-06
 -9.97207052933E-07
 -8.63193520217E-07
 -7.21222249922E-07
 -5.72334556637E-07
 -4.17638091221E-07
 -2.58297632172E-07
 -9.55259196189E-08
  6.94266120149E-08
  2.35282129779E-07
  4.00746074547E-07
  5.64518359170E-07
  7.25304232674E-07
  8.81825599208E-07
  1.03283207409E-06
  1.17711169878E-06
  1.31350191168E-06
  1.44089960941E-06
  1.55827081016E-06
  1.66466031715E-06
  1.75919956291E-06
  1.84111502222E-06
  1.90973514691E-06
  1.96449582290E-06
  2.00494673663E-06
  2.03075455829E-06
  2.04170601137E-06
  2.03771082852E-06
  2.01880152417E-06
  1.98513453142E-06
  1.93698701878E-06
  1.87475734492E-06
  1.79895869223E-06
  1.71021576989E-06
  1.60925969794E-06
  1.49692107243E-06
  1.37412223467E-06
  1.24186954054E-06
  1.10124415187E-06
  9.53391918301E-07
  7.99514282335E-07
  6.40856114842E-07
  4.78695767470E-07
  3.14333021834E-07
  1.49077635569E-07
 -1.57621773411E-08
 -1.78891355063E-07
 -3.39039416986E-07
 -4.94971516218E-07
 -6.45499369512E-07
 -7.89491366504E-07
 -9.25882318370E-07
 -1.05368246750E-06
 -1.17198590033E-06
 -1.27997793697E-06
 -1.37694132718E-06
 -1.46226250308E-06
 -1.53543578563E-06
 -1.59606656780E-06
 -1.64387483892E-06
 -1.67869552570E-06
 -1.70047917436E-06
 -1.70929092747E-06
 -1.70530927335E-06
 -1.68882229445E-06
 -1.66022391568E-06
 -1.62000924320E-06
 -1.56876853907E-06
 -1.50717994529E-06
 -1.43600288993E-06
 -1.35606956064E-06
 -1.26827546865E-06
 -1.17357103591E-06
 -1.07295090856E-06
 -9.67444634625E-07
 -8.58105806856E-07
 -7.46001944663E-07
 -6.32203636997E-07
 -5.17774651598E-07
 -4.03761589496E-07
 -2.91183738454E-07
 -1.81024049084E-07
 -7.42198338344E-08
  2.83455499073E-08
  1.25850462496E-07
  2.17542051928E-07
  3.02742449776E-07
  3.80854345394E-07
  4.51365366416E-07
  5.13851603046E-07
  5.67980521282E-07
  6.13512384007E-07
  6.50301217320E-07
  6.78294043155E-07
  6.97530538218E-07
  7.08139907601E-07
  7.10338497356E-07
  7.04425360709E-07
  6.90778108492E-07
  6.69847054269E-07
  6.42149018404E-07
  6.08260847912E-07
  5.68811969970E-07
  5.24476547525E-07
  4.75965521218E-07
  4.24018281819E-07
  3.69393831079E-07
  3.12862539431E-07
  2.55197193155E-07
  1.97164638394E-07
  1.39517410958E-07
  8.29855579809E-08
  2.82690670872E-08
 -2.39695019388E-08
 -7.31117708597E-08
 -1.18589703391E-07
 -1.59891229146E-07
 -1.96565054011E-07
 -2.28224877219E-07
 -2.54552702472E-07
 -2.75301488273E-07
 -2.90296839012E-07
 -2.99438170259E-07
 -3.02698509813E-07
 -3.00124128216E-07
 -2.91832975563E-07
 -2.78012294075E-07
 -2.58915861195E-07
 -2.34860152659E-07
 -2.06220121868E-07
 -1.73424254513E-07
 -1.36949026341E-07
 -9.73131548676E-08
 -5.50711192204E-08
 -1.08066098292E-08
  3.48743931511E-08
  8.13506915165E-08
  1.27993033061E-07
  1.74171276512E-07
  2.19261522716E-07
  2.62653173877E-07
  3.03755456343E-07
  3.42004227605E-07
  3.76867973273E-07
  4.07853434581E-07
  4.34511093772E-07
  4.56439693153E-07
  4.73290583614E-07
  4.84771248921E-07
  4.90648289997E-07
  4.90749584969E-07
  4.84966108161E-07
  4.73252669053E-07
  4.55628338614E-07
  4.32175966125E-07
  4.03040814945E-07
  3.68429368791E-07
  3.28606432731E-07
  2.83892461539E-07
  2.34659950138E-07
  1.81329482984E-07
  1.24365215015E-07
  6.42699902187E-08
  1.58011304041E-09
 -6.31401420037E-08
 -1.29304282837E-07
 -1.96309628109E-07
 -2.63543142864E-07
 -3.30387621261E-07
 -3.96227790134E-07
 -4.60456021756E-07
 -5.22478444509E-07
 -5.81720257742E-07
 -6.37631330846E-07
 -6.89691091793E-07
 -7.37413245133E-07
 -7.80350205787E-07
 -8.18096509647E-07
 -8.50292906307E-07
 -8.76628575952E-07
 -8.96843971532E-07
 -9.10732524062E-07
 -9.18141722650E-07
 -9.18974478736E-07
 -9.13188898721E-07
 -9.00797942904E-07
 -8.81869198111E-07
 -8.56522888171E-07
 -8.24930395993E-07
 -7.87312444572E-07
 -7.43935572700E-07
 -6.95110088600E-07
 -6.41186034045E-07
 -5.82549830597E-07
 -5.19620414252E-07
 -4.52844943766E-07
 -3.82694707923E-07
 -3.09660720177E-07
 -2.34249071696E-07
 -1.56976739163E-07
 -7.83669165116E-08
  1.05524144978E-09
  8.07669735536E-08
  1.60252000114E-07
  2.39004435798E-07
  3.16532634770E-07
  3.92362551338E-07
  4.66040859237E-07
  5.37138021173E-07
  6.05250875196E-07
  6.70004737913E-07
  7.31055365577E-07
  7.88090403603E-07
  8.40831091864E-07
  8.89032264695E-07
  9.32483715133E-07
  9.71009740169E-07
  1.00446948181E-06
  1.03275590391E-06
  1.05579601950E-06
  1.07354867396E-06
  1.08600431759E-06
  1.09318295927E-06
  1.09513302959E-06
  1.09192922082E-06
  1.08367055418E-06
  1.07047856091E-06
  1.05249557691E-06
  1.02988155959E-06
  1.00281317827E-06
  9.71480972112E-07
  9.36087474201E-07
  8.96845449461E-07
  8.53975507198E-07
  8.07704907402E-07
  7.58265628065E-07
  7.05892546193E-07
  6.50822869375E-07
  5.93294089413E-07
  5.33543584424E-07
  4.71807425129E-07
  4.08319891676E-07
  3.43312819950E-07
  2.77015402617E-07
  2.09653890693E-07
  1.41451593549E-07
  7.26290210196E-08
  3.40402261934E-09
 -6.60078569581E-08
 -1.35392980383E-07
 -2.04539219339E-07
 -2.73235343684E-07
 -3.41270663284E-07
 -4.08434260635E-07
 -4.74514820326E-07
 -5.39299776392E-07
 -6.02575369157E-07
 -6.64125877847E-07
 -7.23733705854E-07
 -7.81179039677E-07
 -8.36240189983E-07
 -8.88693477918E-07
 -9.38313633014E-07
 -9.84874304777E-07
 -1.02814874481E-06
 -1.06791048893E-06
 -1.10393420982E-06
 -1.13599742235E-06
 -1.16388116567E-06
 -1.18737182220E-06
 -1.20626225453E-06
 -1.22035430650E-06
 -1.22945994008E-06
 -1.23340339542E-06
 -1.23202312352E-06
 -1.22517405998E-06
 -1.21272921660E-06
 -1.19458263725E-06
 -1.17065019367E-06
 -1.14087265501E-06
 -1.10521727947E-06
 -1.06367940589E-06
 -1.01628461380E-06
 -9.63089519246E-07
 -9.04184389583E-07
 -8.39692688714E-07
 -7.69773464526E-07
 -6.94621121511E-07
 -6.14466273419E-07
 -5.29575800101E-07
 -4.40252421186E-07
 -3.46834724496E-07
 -2.49696029186E-07
 -1.49243362557E-07
 -4.59161171307E-08
  5.98157043896E-08
  1.67453563904E-07
  2.76472746918E-07
  3.86324899182E-07
  4.96441202813E-07
  6.06235175837E-07
  7.15106523330E-07
  8.22444462756E-07
  9.27631788272E-07
  1.03004879293E-06
  1.12907707717E-06
  1.22410472159E-06
  1.31452918595E-06
  1.39976316404E-06
  1.47923765326E-06
  1.55240718414E-06
  1.61875311733E-06
  1.67778875948E-06
  1.72906231910E-06
  1.77216168140E-06
  1.80671713679E-06
  1.83240456408E-06
  1.84894940958E-06
  1.85612839232E-06
  1.85377223261E-06
  1.84176803941E-06
  1.82005976512E-06
  1.78865059297E-06
  1.74760327809E-06
  1.69703992015E-06
  1.63714298651E-06
  1.56815417540E-06
  1.49037293795E-06
  1.40415613714E-06
  1.30991554670E-06
  1.20811569104E-06
  1.09927134417E-06
  9.83944460131E-07
  8.62740591856E-07
  7.36305310056E-07
  6.05320565228E-07
  4.70499458061E-07
  3.32582544615E-07
  1.92332606730E-07
  5.05298274334E-08
 -9.20333249610E-08
 -2.34557205658E-07
 -3.76240365085E-07
 -5.16284728747E-07
 -6.53900826819E-07
 -7.88312945588E-07
 -9.18764442304E-07
 -1.04452226424E-06
 -1.16488217827E-06
 -1.27917303416E-06
 -1.38676102779E-06
 -1.48705373704E-06
 -1.57950432822E-06
 -1.66361405718E-06
 -1.73893636202E-06
 -1.80507834102E-06
 -1.86170404959E-06
 -1.90853597815E-06
 -1.94535596165E-06
 -1.97200711227E-06
 -1.98839393306E-06
 -1.99448231797E-06
 -1.99029977921E-06
 -1.97593431039E-06
 -1.95153324967E-06
 -1.91730237020E-06
 -1.87350315173E-06
 -1.82045152997E-06
 -1.75851448603E-06
 -1.68810788637E-06
 -1.60969250373E-06
 -1.52377117502E-06
 -1.43088539062E-06
 -1.33161029225E-06
 -1.22655205814E-06
 -1.11634290079E-06
 -1.00163629213E-06
 -8.83104235072E-07
 -7.61431351748E-07
 -6.37311131868E-07
 -5.11441385243E-07
 -3.84520149055E-07
 -2.57241339341E-07
 -1.30290331413E-07
 -4.34048086362E-09
  1.19951053534E-07
  2.41946850110E-07
  3.61032618912E-07
  4.76620499512E-07
  5.88152033743E-07
  6.95100652592E-07
  7.96974461537E-07
  8.93318372164E-07
  9.83715722214E-07
  1.06779020825E-06
  1.14520719308E-06
  1.21567438782E-06
  1.27894315938E-06
  1.33480864406E-06
  1.38311008868E-06
  1.42373062317E-06
  1.45659748796E-06
  1.48168089709E-06
  1.49899324242E-06
  1.50858886627E-06
  1.51056190134E-06
  1.50504536123E-06
  1.49220966250E-06
  1.47226057834E-06
  1.44543764691E-06
  1.41201212500E-06
  1.37228471431E-06
  1.32658351504E-06
  1.27526141114E-06
  1.21869470604E-06
  1.15727925731E-06
  1.09142945348E-06
  1.02157457604E-06
  9.48157264702E-07
  8.71630504662E-07
  7.92455409737E-07
  7.11098493866E-07
  6.28029567906E-07
  5.43719352208E-07
  4.58636833400E-07
  3.73247274865E-07
  2.88010028271E-07
  2.03376089303E-07
  1.19786321306E-07
  3.76692561588E-08
 -4.25607922239E-08
 -1.20505561085E-07
 -1.95784608081E-07
 -2.68037013029E-07
 -3.36922937549E-07
 -4.02125039045E-07
 -4.63350062319E-07
 -5.20329820120E-07
 -5.72822614231E-07
 -6.20614059699E-07
 -6.63518278543E-07
 -7.01378439771E-07
 -7.34067612029E-07
 -7.61489275192E-07
 -7.83577718266E-07
 -8.00298323611E-07
 -8.11647680621E-07
 -8.17653528884E-07
 -8.18374815026E-07
 -8.13900783214E-07
 -8.04351429906E-07
 -7.89875684859E-07
 -7.70651695348E-07
 -7.46885120861E-07
 -7.18808166766E-07
 -6.86678333750E-07
 -6.50776883049E-07
 -6.11407358520E-07
 -5.68893369746E-07
 -5.23577057265E-07
 -4.75816904100E-07
 -4.25985234642E-07
 -3.74466225139E-07
 -3.21653232049E-07
 -2.67946120402E-07
 -2.13748890587E-07
 -1.59466722494E-07
 -1.05503239922E-07
 -5.22577146000E-08
 -1.22243923317E-10
  5.05211481538E-08
  9.93032358565E-08
  1.45870401980E-07
  1.89887273905E-07
  2.31039393839E-07
  2.69035524525E-07
  3.03610192987E-07
  3.34525651624E-07
  3.61573995633E-07
  3.84578839885E-07
  4.03396938964E-07
  4.17919466145E-07
  4.28072922887E-07
  4.33820076751E-07
  4.35160359302E-07
  4.32130036643E-07
  4.24801896770E-07
  4.13285107470E-07
  3.97724221557E-07
  3.78298096848E-07
  3.55218503501E-07
  3.28728503973E-07
  2.99100236134E-07
  2.66632838475E-07
  2.31649707416E-07
  1.94495811456E-07
  1.55534536361E-07
  1.15144501933E-07
  7.37160945619E-08
  3.16479074058E-08
 -1.06569268965E-08
 -5.27945438478E-08
 -9.43641325080E-08
 -1.34971799071E-07
 -1.74234358497E-07
 -2.11783017789E-07
 -2.47267109899E-07
 -2.80357539850E-07
 -3.10750039034E-07
 -3.38168376857E-07
 -3.62367273965E-07
 -3.83134675985E-07
 -4.00294368319E-07
 -4.13707851976E-07
 -4.23275622552E-07
 -4.28938818686E-07
 -4.30679619967E-07
 -4.28521843787E-07
 -4.22530746391E-07
 -4.12812767081E-07
 -3.99514334504E-07
 -3.82820786626E-07
 -3.62954438060E-07
 -3.40172476854E-07
 -3.14764491804E-07
 -2.87049374492E-07
 -2.57372221313E-07
 -2.26100624445E-07
 -1.93620977029E-07
 -1.60334167276E-07
 -1.26651372057E-07
 -9.29896515345E-08
 -5.97672311642E-08
 -2.73989417821E-08
  3.70850306020E-09
  3.31611218485E-08
  6.05822521038E-08
  8.56169819485E-08
  1.07936415361E-07
  1.27241690961E-07
  1.43267769204E-07
  1.55786878508E-07
  1.64611563491E-07
  1.69597441868E-07
  1.70645392927E-07
  1.67703475995E-07
  1.60768095725E-07
  1.49884911593E-07
  1.35149150537E-07
  1.16705258790E-07
  9.47461700207E-08
  6.95119837246E-08
  4.12881071554E-08
  1.04028430314E-08
 -2.27754526350E-08
 -5.78417598263E-08
 -9.43581923707E-08
 -1.31858243435E-07
 -1.69851361420E-07
 -2.07827909549E-07
 -2.45264402565E-07
 -2.81629013443E-07
 -3.16387115618E-07
 -3.49007109435E-07
 -3.78966319659E-07
 -4.05756708233E-07
 -4.28890842841E-07
 -4.47907439138E-07
 -4.62376846144E-07
 -4.71906417943E-07
 -4.76145373796E-07
 -4.74789487726E-07
 -4.67585181241E-07
 -4.54333587641E-07
 -4.34893337342E-07
 -4.09183712691E-07
 -3.77186523792E-07
 -3.38947870659E-07
 -2.94578882176E-07
 -2.44256142423E-07
 -1.88221207509E-07
 -1.26779610810E-07
 -6.02992287213E-08
  1.07921040993E-08
  8.60095923372E-08
  1.64814991876E-07
  2.46620857070E-07
  3.30795074888E-07
  4.16666296132E-07
  5.03529520302E-07
  5.90651893617E-07
  6.77279729189E-07
  7.62644617680E-07
  8.45970873797E-07
  9.26481959596E-07
  1.00340866993E-06
  1.07599555577E-06
  1.14350814329E-06
  1.20524043723E-06
  1.26052168525E-06
  1.30872251702E-06
  1.34926165174E-06
  1.38161203722E-06
  1.40530562476E-06
  1.41993893976E-06
  1.42517694712E-06
  1.42075782605E-06
  1.40649444802E-06
  1.38227915158E-06
  1.34808306029E-06
  1.30395926590E-06
  1.25004214624E-06
  1.18654679682E-06
  1.11376834866E-06
  1.03208014934E-06
  9.41931091347E-07
  8.43841576170E-07
  7.38400956379E-07
  6.26261908110E-07
  5.08135485688E-07
  3.84785721508E-07
  2.57023117456E-07
  1.25698164766E-07
 -8.30570634491E-09
 -1.44079422171E-07
 -2.80695701349E-07
 -4.17216853066E-07
 -5.52702545065E-07
 -6.86217447310E-07
 -8.16839190065E-07
 -9.43666066178E-07
 -1.06582399440E-06
 -1.18247407954E-06
 -1.29281966110E-06
 -1.39611165650E-06
 -1.49165623498E-06
 -1.57881868290E-06
 -1.65702931554E-06
 -1.72578768343E-06
 -1.78466564194E-06
 -1.83331121661E-06
 -1.87145053587E-06
 -1.89888930890E-06
 -1.91551430362E-06
 -1.92129277821E-06
 -1.91627304957E-06
 -1.90058210592E-06
 -1.87442446986E-06
 -1.83807969734E-06
 -1.79189851224E-06
 -1.73629985056E-06
 -1.67176619925E-06
 -1.59883836659E-06
 -1.51811093474E-06
 -1.43022600696E-06
 -1.33586740958E-06
 -1.23575432553E-06
 -1.13063492790E-06
 -1.02127944501E-06
 -9.08473225536E-07
 -7.93010599409E-07
 -6.75687601870E-07
 -5.57295265935E-07
 -4.38613454889E-07
 -3.20404410559E-07
 -2.03406784749E-07
 -8.83299620114E-08
  2.41510953458E-08
  1.33400845925E-07
  2.38827482235E-07
  3.39886838674E-07
  4.36085684896E-07
  5.26984649696E-07
  6.12200494743E-07
  6.91407592512E-07
  7.64339233683E-07
  8.30787996620E-07
  8.90605861059E-07
  9.43703469147E-07
  9.90048874883E-07
  1.02966612303E-06
  1.06263280486E-06
  1.08907784124E-06
  1.10917778784E-06
  1.12315410661E-06
  1.13126895940E-06
  1.13382111522E-06
  1.13114208489E-06
  1.12359100513E-06
  1.11155043214E-06
  1.09542133941E-06
  1.07561879759E-06
  1.05256629013E-06
  1.02669196167E-06
  9.98423274723E-07
  9.68183030636E-07
  9.36384594752E-07
  9.03428315269E-07
  8.69697203143E-07
  8.35553976231E-07
  8.01337534995E-07
  7.67360347709E-07
  7.33905778816E-07
  7.01226326782E-07
  6.69541691423E-07
  6.39037807559E-07
  6.09865992374E-07
  5.82142376970E-07
  5.55947963221E-07
  5.31329192199E-07
  5.08298569457E-07
  4.86835688207E-07
  4.66889275685E-07
  4.48378273177E-07
  4.31194479233E-07
  4.15204766568E-07
  4.00253554744E-07
  3.86165879718E-07
  3.72750150746E-07
  3.59801276772E-07
  3.47103991771E-07
  3.34435952709E-07
  3.21571121731E-07
  3.08282892547E-07
  2.94347415775E-07
  2.79546725324E-07
  2.63671523726E-07
  2.46524393788E-07
  2.27922299700E-07
  2.07698974464E-07
  1.85707435207E-07
  1.61821873235E-07
  1.35939572488E-07
  1.07982252473E-07
  7.78974609261E-08
  4.56595152798E-08
  1.12701101784E-08
 -2.52412331037E-08
 -6.38171044898E-08
 -1.04372396947E-07
 -1.46794775446E-07
 -1.90945399936E-07
 -2.36659914776E-07
 -2.83749727714E-07
 -3.32003452286E-07
 -3.81188442589E-07
 -4.31052910699E-07
 -4.81327674606E-07
 -5.31728574060E-07
 -5.81958602197E-07
 -6.31710122434E-07
 -6.80667938013E-07
 -7.28511224679E-07
 -7.74916202317E-07
 -8.19558920284E-07
 -8.62117587985E-07
 -9.02275417047E-07
 -9.39722553994E-07
 -9.74158979261E-07
 -1.00529678093E-06
 -1.03286174635E-06
 -1.05659626115E-06
 -1.07626090085E-06
 -1.09163624984E-06
 -1.10252437935E-06
 -1.10875055270E-06
 -1.11016504434E-06
 -1.10664302611E-06
 -1.09808661364E-06
 -1.08442554847E-06
 -1.06561742541E-06
 -1.04164803361E-06
 -1.01253260709E-06
 -9.78314574240E-07
 -9.39066296723E-07
 -8.94888955827E-07
 -8.45911301894E-07
 -7.92289824858E-07
 -7.34208072117E-07
 -6.71875170610E-07
 -6.05525428909E-07
 -5.35417086667E-07
 -4.61830779841E-07
 -3.85068631203E-07
 -3.05452573457E-07
 -2.23322857096E-07
 -1.39036444580E-07
 -5.29653725323E-08
  3.45051311967E-08
  1.22978377703E-07
  2.12048121284E-07
  3.01300502770E-07
  3.90315932464E-07
  4.78671267956E-07
  5.65941547848E-07
  6.51702521282E-07
  7.35531841656E-07
  8.17012221432E-07
  8.95732625850E-07
  9.71290774032E-07
  1.04329478745E-06
  1.11136546366E-06
  1.17513866371E-06
  1.23426605114E-06
  1.28841816149E-06
  1.33728576657E-06
  1.38058135235E-06
  1.41804150644E-06
  1.44942782754E-06
  1.47452863075E-06
  1.49316099396E-06
  1.50517098518E-06
  1.51043570895E-06
  1.50886410211E-06
  1.50039750224E-06
  1.48501135300E-06
  1.46271440826E-06
  1.43355100590E-06
  1.39759958984E-06
  1.35497384690E-06
  1.30582282054E-06
  1.25032954656E-06
  1.18871184895E-06
  1.12122120299E-06
  1.04814125734E-06
  9.69787834038E-07
  8.86507507403E-07
  7.98675330316E-07
  7.06694038399E-07
  6.10991889971E-07
  5.12020676524E-07
  4.10253619521E-07
  3.06183039811E-07
  2.00317529675E-07
  9.31796648729E-08
 -1.46969529879E-08
 -1.22770629218E-07
 -2.30494549669E-07
 -3.37319846722E-07
 -4.42698734560E-07
 -5.46087846942E-07
 -6.46951434646E-07
 -7.44764236060E-07
 -8.39015228848E-07
 -9.29210273171E-07
 -1.01487569282E-06
 -1.09556083316E-06
 -1.17084118756E-06
 -1.24032078475E-06
 -1.30363559947E-06
 -1.36045503041E-06
 -1.41048485602E-06
 -1.45346837144E-06
 -1.48918911691E-06
 -1.51747190102E-06
 -1.53818393756E-06
 -1.55123620971E-06
 -1.55658358381E-06
 -1.55422583248E-06
 -1.54420763465E-06
 -1.52661777975E-06
 -1.50158939505E-06
 -1.46929880884E-06
 -1.42996418617E-06
 -1.38384496040E-06
 -1.33123876367E-06
 -1.27248119952E-06
 -1.20794209124E-06
 -1.13802411761E-06
 -1.06315940229E-06
 -9.83807012744E-07
 -9.00449947494E-07
 -8.13591555016E-07
 -7.23752407339E-07
 -6.31467003132E-07
 -5.37279788659E-07
 -4.41741747181E-07
 -3.45406760971E-07
 -2.48827916494E-07
 -1.52553909061E-07
 -5.71254190618E-08
  3.69283625901E-08
  1.29093152168E-07
  2.18872827418E-07
  3.05792497102E-07
  3.89401549228E-07
  4.69276130843E-07
  5.45021975995E-07
  6.16276452092E-07
  6.82710663114E-07
  7.44031240174E-07
  7.99981592081E-07
  8.50343496950E-07
  8.94937727480E-07
  9.33624505706E-07
  9.66304241956E-07
  9.92917307485E-07
  1.01344369341E-06
  1.02790261280E-06
  1.03635125015E-06
  1.03888442027E-06
  1.03563252196E-06
  1.02676006009E-06
  1.01246428130E-06
  9.92972559288E-07
  9.68540348367E-07
  9.39449080306E-07
  9.06003322143E-07
  8.68528275078E-07
  8.27367159673E-07
  7.82878032624E-07
  7.35431399335E-07
  6.85406917000E-07
  6.33190779809E-07
  5.79172763082E-07
  5.23743494796E-07
  4.67291442874E-07
  4.10200470924E-07
  3.52847251861E-07
  2.95598766797E-07
  2.38810031306E-07
  1.82821949579E-07
  1.27959282281E-07
  7.45288630810E-08
  2.28180265793E-08
 -2.69068607395E-08
 -7.44016119825E-08
 -1.19445260793E-07
 -1.61840787882E-07
 -2.01415872425E-07
 -2.38023162069E-07
 -2.71540471886E-07
 -3.01870869635E-07
 -3.28942519445E-07
 -3.52708127593E-07
 -3.73144530386E-07
 -3.90251983617E-07
 -4.04053366765E-07
 -4.14593017695E-07
 -4.21935766326E-07
 -4.26165769341E-07
 -4.27384861723E-07
 -4.25711590424E-07
 -4.21279423790E-07
 -4.14235387325E-07
 -4.04738472071E-07
 -3.92957929307E-07
 -3.79071963152E-07
 -3.63265797887E-07
 -3.45730427398E-07
 -3.26660796190E-07
 -3.06254463567E-07
 -2.84710210963E-07
 -2.62226308223E-07
 -2.38999604107E-07
 -2.15223948885E-07
 -1.91089213786E-07
 -1.66780083077E-07
 -1.42475059306E-07
 -1.18345582223E-07
 -9.45551832388E-08
 -7.12587038265E-08
 -4.86017377455E-08
 -2.67200181980E-08
 -5.73897196432E-09
  1.42266491920E-08
  3.30730749454E-08
  5.07077082545E-08
  6.70492781296E-08
  8.20278884817E-08
  9.55850438800E-08
  1.07673542971E-07
  1.18257368342E-07
  1.27311579945E-07
  1.34821974029E-07
  1.40784948144E-07
  1.45207138758E-07
  1.48105073094E-07
  1.49504884916E-07
  1.49441859776E-07
  1.47960093955E-07
  1.45112025507E-07
  1.40958036354E-07
  1.35565954906E-07
  1.29010715000E-07
  1.21373673778E-07
  1.12742370106E-07
  1.03209849556E-07
  9.28743091322E-08
  8.18384435775E-08
  7.02090616755E-08
  5.80964609753E-08
  4.56139410687E-08
  3.28772529201E-08
  2.00040037868E-08
  7.11309544599E-09
 -5.67585933808E-09
 -1.82431598716E-08
 -3.04696250453E-08
 -4.22372465891E-08
 -5.34298294497E-08
 -6.39336548147E-08
 -7.36381693400E-08
 -8.24366566121E-08
 -9.02269690073E-08
 -9.69121884964E-08
 -1.02401351398E-07
 -1.06610151818E-07
 -1.09461645081E-07
 -1.10886922755E-07
 -1.10825773447E-07
 -1.09227379141E-07
 -1.06050855209E-07
 -1.01265925423E-07
 -9.48534193412E-08
 -8.68057483672E-08
 -7.71273747091E-08
 -6.58352306004E-08
 -5.29589385678E-08
 -3.85411098591E-08
 -2.26374918810E-08
 -5.31701083162E-09
  1.33382478396E-08
  3.32331602237E-08
  5.42598179720E-08
  7.62978373814E-08
  9.92148159185E-08
  1.22866921970E-07
  1.47099513015E-07
  1.71747984723E-07
  1.96638538341E-07
  2.21589374405E-07
  2.46411644866E-07
  2.70910646805E-07
  2.94887229302E-07
  3.18139143474E-07
  3.40462406712E-07
  3.61652865877E-07
  3.81507902603E-07
  3.99827911224E-07
  4.16418004079E-07
  4.31089745234E-07
  4.43662685257E-07
  4.53966180203E-07
  4.61840983235E-07
  4.67140864657E-07
  4.69734118269E-07
  4.69505096135E-07
  4.66355487561E-07
  4.60205825448E-07
  4.50996395784E-07
  4.38688488202E-07
  4.23265163363E-07
  4.04731963499E-07
  3.83117622960E-07
  3.58474380846E-07
  3.30878208388E-07
  3.00428609989E-07
  2.67248850605E-07
  2.31485259405E-07
  1.93306675556E-07
  1.52903751882E-07
  1.10487881955E-07
  6.62900063730E-08
  2.05592787239E-08
 -2.64385437987E-08
 -7.44228358940E-08
 -1.23099994198E-07
 -1.72165442791E-07
 -2.21305995751E-07
 -2.70201837793E-07
 -3.18529288279E-07
 -3.65962904425E-07
 -4.12178366105E-07
 -4.56854735376E-07
 -4.99677184962E-07
 -5.40339556210E-07
 -5.78546917041E-07
 -6.14017892531E-07
 -6.46487251288E-07
 -6.75708065501E-07
 -7.01453814145E-07
 -7.23520770407E-07
 -7.41729309084E-07
 -7.55926066631E-07
 -7.65985078033E-07
 -7.71809141042E-07
 -7.73330839365E-07
 -7.70513338466E-07
 -7.63350783473E-07
 -7.51868810767E-07
 -7.36124150080E-07
 -7.16204510809E-07
 -6.92228184107E-07
 -6.64343133394E-07
 -6.32725743799E-07
 -5.97579742134E-07
 -5.59134377909E-07
 -5.17642888553E-07
 -4.73380111998E-07
 -4.26640809792E-07
 -3.77736682822E-07
 -3.26994324951E-07
 -2.74752125051E-07
 -2.21357780106E-07
 -1.67165296716E-07
 -1.12532092089E-07
 -5.78160026521E-08
 -3.37241612414E-09
  5.04487687181E-08
  1.03305900723E-07
  1.54868445179E-07
  2.04819642136E-07
  2.52858967542E-07
  2.98704634361E-07
  3.42095688666E-07
  3.82794127063E-07
  4.20586417249E-07
  4.55285345424E-07
  4.86731039473E-07
  5.14791963724E-07
  5.39365998975E-07
  5.60380271963E-07
  5.77791922751E-07
  5.91587593135E-07
  6.01783085585E-07
  6.08422794812E-07
  6.11578514054E-07
  6.11348468738E-07
  6.07855781709E-07
  6.01246426868E-07
  5.91687864926E-07
  5.79366428610E-07
  5.64485503673E-07
  5.47262970940E-07
  5.27928477823E-07
  5.06720937210E-07
  4.83886140046E-07
  4.59673685782E-07
  4.34334509691E-07
  4.08118182804E-07
  3.81270297112E-07
  3.54029879190E-07
  3.26627201730E-07
  2.99281367688E-07
  2.72198235507E-07
  2.45568656965E-07
  2.19566629767E-07
  1.94347890670E-07
  1.70048821246E-07
  1.46785282595E-07
  1.24652117961E-07
  1.03722612721E-07
  8.40484020159E-08
  6.56595489090E-08
  4.85650417659E-08
  3.27533555833E-08
  1.81934396437E-08
  4.83586370947E-09
 -7.38577332626E-09
 -1.85532460506E-08
 -2.87619066341E-08
 -3.81187170717E-08
 -4.67401406468E-08
 -5.47499361403E-08
 -6.22768467906E-08
 -6.94522199751E-08
 -7.64076517612E-08
 -8.32725675082E-08
 -9.01718877344E-08
 -9.72237756969E-08
 -1.04537356549E-07
 -1.12210763348E-07
 -1.20329147535E-07
 -1.28962966528E-07
 -1.38166456054E-07
 -1.47976308540E-07
 -1.58410614404E-07
 -1.69468009403E-07
 -1.81127234100E-07
 -1.93346750166E-07
 -2.06064854069E-07
 -2.19199989715E-07
 -2.32651316878E-07
 -2.46299634910E-07
 -2.60008590658E-07
 -2.73626056924E-07
 -2.86985851972E-07
 -2.99909743262E-07
 -3.12209493813E-07
 -3.23689164361E-07
 -3.34147813419E-07
 -3.43381969969E-07
 -3.51188361947E-07
 -3.57366872095E-07
 -3.61723238029E-07
 -3.64072036518E-07
 -3.64239440387E-07
 -3.62065947002E-07
 -3.57409163598E-07
 -3.50146251549E-07
 -3.40176285363E-07
 -3.27422412738E-07
 -3.11833787237E-07
 -2.93387188322E-07
 -2.72088556130E-07
 -2.47973872547E-07
 -2.21110099119E-07
 -1.91595418642E-07
 -1.59559476742E-07
 -1.25162941345E-07
 -8.85969200226E-08
 -5.00819652416E-08
 -9.86660531055E-09
  3.17742845368E-08
  7.45416173231E-08
  1.18114428460E-07
  1.62152588246E-07
  2.06299759498E-07
  2.50186587891E-07
  2.93434140985E-07
  3.35657460937E-07
  3.76469472485E-07
  4.15484606719E-07
  4.52322950650E-07
  4.86614055717E-07
  5.18000945249E-07
  5.46143951397E-07
  5.70724580484E-07
  5.91449065723E-07
  6.08051720974E-07
  6.20298465037E-07
  6.27989436452E-07
  6.30961778825E-07
  6.29092141935E-07
  6.22298500730E-07
  6.10541519563E-07
  5.93826200657E-07
  5.72202111471E-07
  5.45764294202E-07
  5.14652242600E-07
  4.79050243030E-07
  4.39185726009E-07
  3.95327816705E-07
  3.47785544363E-07
  2.96905483310E-07
  2.43068683403E-07
  1.86687813652E-07
  1.28203538452E-07
  6.80805669617E-08
  6.80368250627E-09
 -5.51267191895E-08
 -1.17199199678E-07
 -1.78895987801E-07
 -2.39697897086E-07
 -2.99089123246E-07
 -3.56562367188E-07
 -4.11623517493E-07
 -4.63796595795E-07
 -5.12628446359E-07
 -5.57693169867E-07
 -5.98596272994E-07
 -6.34979187453E-07
 -6.66521998482E-07
 -6.92947821790E-07
 -7.14024679382E-07
 -7.29569137548E-07
 -7.39447102660E-07
 -7.43576435980E-07
 -7.41927351555E-07
 -7.34523155188E-07
 -7.21440471807E-07
 -7.02808506503E-07
 -6.78808078192E-07
 -6.49670027997E-07
 -6.15673457105E-07
 -5.77142827751E-07
 -5.34445291578E-07
 -4.87987165343E-07
 -4.38209923459E-07
 -3.85586417906E-07
 -3.30616046540E-07
 -2.73820063512E-07
 -2.15736577047E-07
 -1.56915376692E-07
 -9.79124976652E-08
 -3.92848775732E-08
  1.84150827920E-08
  7.46449728695E-08
  1.28877701400E-07
  1.80606619438E-07
  2.29350675340E-07
  2.74658958688E-07
  3.16115404075E-07
  3.53342755943E-07
  3.86006462350E-07
  4.13817872413E-07
  4.36537277437E-07
  4.53976269910E-07
  4.65999647759E-07
  4.72526807016E-07
  4.73532566048E-07
  4.69047535034E-07
  4.59157746491E-07
  4.44003887878E-07
  4.23779994208E-07
  3.98731486939E-07
  3.69152900248E-07
  3.35384754635E-07
  2.97810373695E-07
  2.56852132452E-07
  2.12967051993E-07
  1.66642522004E-07
  1.18391341175E-07
  6.87465799842E-08
  1.82563688611E-08
 -3.25216333863E-08
 -8.30257604889E-08
 -1.32696001742E-07
 -1.80979498055E-07
 -2.27336258263E-07
 -2.71244346095E-07
 -3.12205344244E-07
 -3.49749200268E-07
 -3.83439129337E-07
 -4.12875891698E-07
 -4.37701885403E-07
 -4.57604869553E-07
 -4.72321147527E-07
 -4.81638210204E-07
 -4.85397151806E-07
 -4.83494204673E-07
 -4.75882046658E-07
 -4.62570312720E-07
 -4.43625850721E-07
 -4.19172039301E-07
 -3.89387935229E-07
 -3.54506511258E-07
 -3.14812723445E-07
 -2.70640896360E-07
 -2.22371454583E-07
 -1.70427668422E-07
 -1.15271539869E-07
 -5.73995357911E-08
  2.66209232436E-09
  6.43621760332E-08
  1.27129851535E-07
  1.90379921605E-07
  2.53518351201E-07
  3.15947886520E-07
  3.77073547497E-07
  4.36308397411E-07
  4.93078971431E-07
  5.46830619896E-07
  5.97032794758E-07
  6.43184193905E-07
  6.84816995999E-07
  7.21501692169E-07
  7.52851008201E-07
  7.78523542522E-07
  7.98226892584E-07
  8.11720383354E-07
  8.18817454729E-07
  8.19387423689E-07
  8.13356791696E-07
  8.00709528903E-07
  7.81487869972E-07
  7.55791802476E-07
  7.23777873191E-07
  6.85658108068E-07
  6.41698136405E-07
  5.92214860262E-07
  5.37573384918E-07
  4.78184063013E-07
  4.14498714463E-07
  3.47006618995E-07
  2.76230309737E-07
  2.02720883635E-07
  1.27053169763E-07
  4.98207093358E-08
 -2.83693726288E-08
 -1.06901701713E-07
 -1.85157887245E-07
 -2.62522007688E-07
 -3.38385547138E-07
 -4.12152985518E-07
 -4.83246424210E-07
 -5.51110815650E-07
 -6.15218141320E-07
 -6.75072044487E-07
 -7.30211979771E-07
 -7.80216339535E-07
 -8.24706660296E-07
 -8.63349498559E-07
 -8.95860068795E-07
 -9.22003266624E-07
 -9.41596056236E-07
 -9.54508095674E-07
 -9.60663101068E-07
 -9.60038050835E-07
 -9.52663754106E-07
 -9.38624054925E-07
 -9.18054411159E-07
 -8.91140359727E-07
 -8.58115640767E-07
 -8.19259525997E-07
 -7.74894431288E-07
 -7.25382676592E-07
 -6.71122734275E-07
 -6.12546045886E-07
 -5.50112815745E-07
 -4.84307861370E-07
 -4.15636577600E-07
 -3.44620247006E-07
 -2.71791748219E-07
 -1.97690923187E-07
 -1.22860143392E-07
 -4.78397446102E-08
  2.68362825295E-08
  1.00644648171E-07
  1.73076855958E-07
  2.43643114572E-07
  3.11876164005E-07
  3.77334487212E-07
  4.39605912561E-07
  4.98310043895E-07
  5.53101187961E-07
  6.03670343935E-07
  6.49747107673E-07
  6.91101377015E-07
  7.27544204437E-07
  7.58928763389E-07
  7.85150518823E-07
  8.06147227195E-07
  8.21899106995E-07
  8.32427076602E-07
  8.37792754282E-07
  8.38096354983E-07
  8.33475098716E-07
  8.24101334729E-07
  8.10180438293E-07
  7.91947684320E-07
  7.69665973621E-07
  7.43622877053E-07
  7.14127338597E-07
  6.81506833189E-07
  6.46103444524E-07
  6.08271022884E-07
  5.68371831378E-07
  5.26772510057E-07
  4.83841347432E-07
  4.39944813024E-07
  3.95444146761E-07
  3.50692374695E-07
  3.06031438413E-07
  2.61789267597E-07
  2.18277335762E-07
  1.75788201773E-07
  1.34593364010E-07
  9.49414342699E-08
  5.70564147040E-08
  2.11364419300E-08
 -1.26473667095E-08
 -4.41516618821E-08
 -7.32614040544E-08
 -9.98900375748E-08
 -1.23979475575E-07
 -1.45499740256E-07
 -1.64448280771E-07
 -1.80849269782E-07
 -1.94752317384E-07
 -2.06231163702E-07
 -2.15382243596E-07
 -2.22322725563E-07
 -2.27188806434E-07
 -2.30133395007E-07
 -2.31324150946E-07
 -2.30940983670E-07
 -2.29173721777E-07
 -2.26219725619E-07
 -2.22281300921E-07
 -2.17563353999E-07
 -2.12270791167E-07
 -2.06606216580E-07
 -2.00767544811E-07
 -1.94945755538E-07
 -1.89322747701E-07
 -1.84069392617E-07
 -1.79343587092E-07
 -1.75288718651E-07
 -1.72031988654E-07
 -1.69683303852E-07
 -1.68334068462E-07
 -1.68056388361E-07
 -1.68902374753E-07
 -1.70903788899E-07
 -1.74071828951E-07
 -1.78397201012E-07
 -1.83850360713E-07
 -1.90382110077E-07
 -1.97924180156E-07
 -2.06390282642E-07
 -2.15677246729E-07
 -2.25666141773E-07
 -2.36224011019E-07
 -2.47205292681E-07
 -2.58453724200E-07
 -2.69804161235E-07
 -2.81084425069E-07
 -2.92117675826E-07
 -3.02724146195E-07
 -3.12723472007E-07
 -3.21936852288E-07
 -3.30188981934E-07
 -3.37310382292E-07
 -3.43139163306E-07
 -3.47523126720E-07
 -3.50321641918E-07
 -3.51407209109E-07
 -3.50667249904E-07
 -3.48005301021E-07
 -3.43342463793E-07
 -3.36618398933E-07
 -3.27792292865E-07
 -3.16843397741E-07
 -3.03771713561E-07
 -2.88598016596E-07
 -2.71364086757E-07
 -2.52132394962E-07
 -2.30985875760E-07
 -2.08027159943E-07
 -1.83377778740E-07
 -1.57177254323E-07
 -1.29581835040E-07
 -1.00763038802E-07
 -7.09062319970E-08
 -4.02088424778E-08
 -8.87856099752E-09
  2.28685994585E-08
  5.48103678000E-08
  8.67202913923E-08
  1.18369918312E-07
  1.49531018678E-07
  1.79977746484E-07
  2.09488874248E-07
  2.37849903328E-07
  2.64855231080E-07
  2.90310083528E-07
  3.14032490678E-07
  3.35855105504E-07
  3.55626809778E-07
  3.73214248839E-07
  3.88503167414E-07
  4.01399546490E-07
  4.11830654912E-07
  4.19745532554E-07
  4.25115871394E-07
  4.27935930247E-07
  4.28223074778E-07
  4.26017180644E-07
  4.21380519811E-07
  4.14397078430E-07
  4.05171789453E-07
  3.93829481027E-07
  3.80513512255E-07
  3.65384579482E-07
  3.48618982571E-07
  3.30406862759E-07
  3.10950440507E-07
  2.90461656505E-07
  2.69160551625E-07
  2.47272538445E-07
  2.25026482781E-07
  2.02652216785E-07
  1.80378265213E-07
  1.58429529051E-07
  1.37025025992E-07
  1.16375545645E-07
  9.66816671166E-08
  7.81315989684E-08
  6.08992607454E-08
  4.51425314907E-08
  3.10015977334E-08
  1.85975217448E-08
  8.03099720059E-09
 -6.18719186996E-10
 -7.29461469007E-09
 -1.19625269690E-08
 -1.46115040067E-08
 -1.52539314513E-08
 -1.39254057174E-08
 -1.06843893732E-08
 -5.61159430035E-09
  1.19083587435E-09
  9.60039248099E-09
  1.94754754546E-08
  3.06568672670E-08
  4.29694040349E-08
  5.62238327007E-08
  7.02187676893E-08
  8.47428793804E-08
  9.95770861323E-08
  1.14496934600E-07
  1.29274994265E-07
  1.43683266174E-07
  1.57495733788E-07
  1.70490778828E-07
  1.82453561592E-07
  1.93178507857E-07
  2.02471468924E-07
  2.10152066416E-07
  2.16055582314E-07
  2.20034976905E-07
  2.21962594082E-07
  2.21731696115E-07
  2.19257827894E-07
  2.14479882743E-07
  2.07361111393E-07
  1.97889633569E-07
  1.86078850106E-07
  1.71967698748E-07
  1.55620341502E-07
  1.37125937272E-07
  1.16597881572E-07
  9.41729965120E-08
  7.00103370832E-08
  4.42898198116E-08
  1.72106453533E-08
 -1.10105435880E-08
 -4.01416286877E-08
 -6.99372151303E-08
 -1.00140930215E-07
 -1.30487876504E-07
 -1.60707230634E-07
 -1.90524787058E-07
 -2.19665764689E-07
 -2.47857371960E-07
 -2.74831762681E-07
 -3.00328395042E-07
 -3.24097044313E-07
 -3.45900019738E-07
 -3.65514779332E-07
 -3.82736459414E-07
 -3.97379579908E-07
 -4.09280488611E-07
 -4.18298782279E-07
 -4.24319296144E-07
 -4.27253127100E-07
 -4.27038969519E-07
 -4.23643683689E-07
 -4.17063318991E-07
 -4.07323028639E-07
 -3.94477240206E-07
 -3.78609627205E-07
 -3.59832228014E-07
 -3.38284877444E-07
 -3.14134098289E-07
 -2.87571822355E-07
 -2.58813770415E-07
 -2.28097704280E-07
 -1.95681309378E-07
 -1.61840148394E-07
 -1.26865131733E-07
 -9.10600590487E-08
 -5.47389156225E-08
 -1.82230763812E-08
  1.81615149586E-08
  5.40873230648E-08
  8.92281022402E-08
  1.23261884255E-07
  1.55873877361E-07
  1.86759336884E-07
  2.15626315025E-07
  2.42198410660E-07
  2.66217256240E-07
  2.87444777314E-07
  3.05665793121E-07
  3.20689565569E-07
  3.32351817178E-07
  3.40516436381E-07
  3.45076472286E-07
  3.45955413650E-07
  3.43107927847E-07
  3.36520457722E-07
  3.26211306856E-07
  3.12230639565E-07
  2.94660281952E-07
  2.73613011359E-07
  2.49231618454E-07
  2.21688068791E-07
  1.91181740661E-07
  1.57938075063E-07
  1.22206643027E-07
  8.42590779371E-08
  4.43868906075E-08
  2.89899393380E-09
 -3.98807493696E-08
 -8.36162925566E-08
 -1.27962096030E-07
 -1.72566060996E-07
 -2.17072312125E-07
 -2.61124199596E-07
 -3.04367148374E-07
 -3.46451656696E-07
 -3.87035981930E-07
 -4.25788982739E-07
 -4.62392819145E-07
 -4.96545339956E-07
 -5.27962754404E-07
 -5.56381507977E-07
 -5.81560698265E-07
 -6.03283751843E-07
 -6.21359902198E-07
 -6.35626122403E-07
 -6.45947977773E-07
 -6.52220421671E-07
 -6.54369046060E-07
 -6.52350138353E-07
 -6.46151079309E-07
 -6.35790115666E-07
 -6.21316473826E-07
 -6.02809450356E-07
 -5.80377786719E-07
 -5.54159043986E-07
 -5.24317897543E-07
 -4.91044943374E-07
 -4.54555276974E-07
 -4.15086503835E-07
 -3.72897005718E-07
 -3.28263780602E-07
 -2.81480396325E-07
 -2.32854475257E-07
 -1.82705591101E-07
 -1.31362725142E-07
 -7.91617509321E-08
 -2.64430273234E-08
  2.64511506032E-08
  7.91790313315E-08
  1.31401833414E-07
  1.82786237701E-07
  2.33006602457E-07
  2.81747247755E-07
  3.28704658159E-07
  3.73589472247E-07
  4.16128386860E-07
  4.56065805565E-07
  4.93165714488E-07
  5.27212876023E-07
  5.58014221497E-07
  5.85399902775E-07
  6.09224287018E-07
  6.29366638805E-07
  6.45731688564E-07
  6.58249973640E-07
  6.66878179345E-07
  6.71598741064E-07
  6.72420185310E-07
  6.69376561291E-07
  6.62526645101E-07
  6.51953712349E-07
  6.37764344447E-07
  6.20087632797E-07
  5.99074041929E-07
  5.74894158945E-07
  5.47737158740E-07
  5.17809667144E-07
  4.85333998768E-07
  4.50546394859E-07
  4.13695659063E-07
  3.75041139478E-07
  3.34850938088E-07
  2.93400205464E-07
  2.50969236504E-07
  2.07841480915E-07
  1.64301937389E-07
  1.20635064604E-07
  7.71231327690E-08
  3.40443833124E-08
 -8.32869773149E-09
 -4.97310210790E-08
 -8.99065142335E-08
 -1.28609642047E-07
 -1.65606877545E-07
 -2.00678016427E-07
 -2.33617441836E-07
 -2.64235296754E-07
 -2.92358521392E-07
 -3.17831791108E-07
 -3.40518312214E-07
 -3.60300560942E-07
 -3.77080795033E-07
 -3.90781622173E-07
 -4.01346170520E-07
 -4.08738429769E-07
 -4.12943137462E-07
 -4.13965921098E-07
 -4.11833156022E-07
 -4.06591340152E-07
 -3.98306923444E-07
 -3.87065881569E-07
 -3.72972777996E-07
 -3.56150138714E-07
 -3.36737599582E-07
 -3.14890883146E-07
 -2.90780832302E-07
 -2.64592159738E-07
 -2.36522183172E-07
 -2.06779674272E-07
 -1.75583394935E-07
 -1.43160605148E-07
 -1.09745705856E-07
 -7.55785976025E-08
 -4.09031919446E-08
 -5.96581983814E-09
  2.89864043879E-08
  6.37071408960E-08
  9.79524727995E-08
  1.31482437382E-07
  1.64062626595E-07
  1.95465744923E-07
  2.25472987836E-07
  2.53875640510E-07
